/*--------------------------------*- C++ -*----------------------------------*\
  =========                 |
  \\      /  F ield         | OpenFOAM: The Open Source CFD Toolbox
   \\    /   O peration     | Website:  https://openfoam.org
    \\  /    A nd           | Version:  10
     \\/     M anipulation  |
\*---------------------------------------------------------------------------*/
FoamFile
{
    format      ascii;
    class       volScalarField;
    location    "4.5";
    object      rho;
}
// * * * * * * * * * * * * * * * * * * * * * * * * * * * * * * * * * * * * * //

dimensions      [1 -3 0 0 0 0 0];

internalField   nonuniform List<scalar> 
5250
(
1.40001
1.40002
1.40006
1.40016
1.40035
1.40099
1.40213
1.40593
1.41304
1.43467
1.47755
1.58492
1.7996
2.28154
4.22501
5.92925
5.7614
5.64761
5.66566
5.74959
5.83608
5.89163
5.92828
5.95939
5.98682
1.40001
1.40002
1.40006
1.40014
1.40039
1.40087
1.40237
1.40521
1.41422
1.4316
1.48008
1.57813
1.79748
2.26564
4.17229
5.93678
5.7629
5.64493
5.66342
5.74796
5.83458
5.89033
5.92777
5.95964
5.98797
1.40001
1.40002
1.40006
1.40015
1.40035
1.40091
1.40209
1.40556
1.41255
1.43275
1.47447
1.57569
1.78361
2.23763
4.05347
5.9537
5.76602
5.63645
5.65411
5.73787
5.82411
5.87839
5.9163
5.94781
5.97556
1.40001
1.40002
1.40005
1.40015
1.40032
1.4009
1.40193
1.40534
1.41182
1.43124
1.47039
1.56827
1.76551
2.19507
3.86993
5.98007
5.77256
5.6229
5.63908
5.71881
5.8034
5.85711
5.89217
5.92422
5.95348
1.40001
1.40002
1.40006
1.40012
1.40034
1.40073
1.40202
1.40448
1.41201
1.42719
1.46871
1.55368
1.7467
2.14008
3.62766
6.01057
5.78397
5.60669
5.61772
5.69374
5.77543
5.82567
5.86043
5.88905
5.91943
1.40001
1.40002
1.40005
1.40011
1.4003
1.40071
1.40176
1.40434
1.41047
1.42595
1.46139
1.5435
1.71903
2.08283
3.33684
6.02506
5.79792
5.59023
5.59564
5.65932
5.73869
5.78477
5.81266
5.8409
5.87252
1.40001
1.40002
1.40004
1.40012
1.40025
1.40068
1.40154
1.40401
1.40942
1.42366
1.4557
1.53171
1.69217
2.02769
3.06206
5.97333
5.78827
5.56642
5.56471
5.61919
5.68824
5.7284
5.75087
5.77067
5.80329
1.40001
1.40002
1.40004
1.4001
1.40025
1.40056
1.40156
1.40331
1.40936
1.42012
1.45319
1.5179
1.67179
1.97808
2.86901
5.77731
5.71283
5.52878
5.52407
5.55918
5.62478
5.65174
5.6638
5.67065
5.69908
1.40001
1.40002
1.40003
1.4001
1.4002
1.40058
1.4012
1.40351
1.4073
1.42059
1.44457
1.51243
1.64494
1.93583
2.69444
5.46839
5.58551
5.50422
5.4764
5.48922
5.53496
5.55319
5.54483
5.52631
5.53002
1.40001
1.40001
1.40004
1.40008
1.40021
1.40046
1.40123
1.40281
1.40726
1.41702
1.44257
1.49801
1.62588
1.88721
2.53416
5.07876
5.51807
5.46846
5.40986
5.4132
5.4303
5.42375
5.3931
5.31934
5.25927
1.40001
1.40001
1.40003
1.40007
1.40017
1.40043
1.40103
1.40254
1.40633
1.41506
1.43746
1.48732
1.60076
1.83802
2.38211
4.61354
5.47823
5.43695
5.33985
5.32466
5.31485
5.28083
5.18593
4.9593
4.29926
1.40001
1.40001
1.40003
1.40006
1.40015
1.40038
1.40085
1.40229
1.40508
1.41377
1.43068
1.47762
1.57276
1.78558
2.23533
4.06808
5.4618
5.41309
5.28327
5.23358
5.20008
5.12833
4.97223
4.64677
3.93084
1.40001
1.40001
1.40002
1.40005
1.40014
1.40028
1.4008
1.40169
1.40473
1.41035
1.42762
1.46184
1.54947
1.72485
2.09854
3.45912
5.45308
5.40022
5.249
5.15236
5.08939
4.98366
4.77999
4.43729
3.85833
1.40001
1.40001
1.40002
1.40005
1.4001
1.40026
1.40057
1.40159
1.40335
1.40947
1.4202
1.45366
1.51776
1.67247
1.97282
2.84634
5.36077
5.3508
5.2426
5.08727
4.98998
4.85819
4.64432
4.31771
3.8637
1.40001
1.40001
1.40002
1.40004
1.40008
1.40021
1.40048
1.40122
1.40296
1.40716
1.41774
1.44207
1.50004
1.6257
1.88886
2.53533
4.95951
5.25173
5.18647
5.0308
4.90067
4.7581
4.54844
4.25067
3.87377
1.40001
1.40001
1.40002
1.40003
1.40007
1.40016
1.40041
1.40096
1.40239
1.40584
1.41415
1.43456
1.48143
1.58661
1.80846
2.29733
4.26874
5.14171
5.10631
4.98885
4.83068
4.67425
4.47613
4.20739
3.87949
1.40001
1.40001
1.40001
1.40002
1.40006
1.40012
1.40034
1.40071
1.40202
1.40422
1.41195
1.4256
1.46715
1.54669
1.73406
2.10132
3.5251
5.09255
5.06914
4.96892
4.78388
4.60975
4.42006
4.17358
3.88572
1.40001
1.40001
1.40001
1.40002
1.40004
1.40011
1.40022
1.40063
1.40131
1.40371
1.40784
1.42167
1.44692
1.51727
1.65401
1.93981
2.72144
4.95262
5.0522
4.96814
4.77418
4.57148
4.3779
4.15194
3.88943
1.40001
1.40001
1.40001
1.40002
1.40004
1.40007
1.40019
1.40043
1.4011
1.40263
1.40638
1.41581
1.43735
1.48937
1.60181
1.83792
2.37871
4.44797
4.96257
4.91165
4.76276
4.54657
4.34765
4.13653
3.89667
1.40001
1.40001
1.40001
1.40001
1.40003
1.40006
1.40013
1.40035
1.40078
1.40202
1.40476
1.41186
1.42831
1.46824
1.55526
1.7448
2.12763
3.64424
4.8693
4.84746
4.75309
4.53868
4.33083
4.12527
3.90565
1.40001
1.40001
1.40001
1.40001
1.40002
1.40004
1.40011
1.40023
1.40062
1.40138
1.40357
1.40832
1.42075
1.44868
1.51492
1.65506
1.92825
2.71961
4.7014
4.82749
4.7542
4.56809
4.33366
4.12636
3.91744
1.40001
1.40001
1.40001
1.40001
1.40002
1.40003
1.40007
1.40018
1.40043
1.401
1.40262
1.40585
1.41551
1.43451
1.48604
1.58961
1.81394
2.30594
4.17076
4.75231
4.71208
4.58547
4.35389
4.13767
3.93563
1.40001
1.40001
1.40001
1.40001
1.40001
1.40003
1.40005
1.40014
1.40029
1.40078
1.40171
1.4045
1.41027
1.42619
1.45992
1.54214
1.70916
2.04555
3.30571
4.63179
4.63904
4.57317
4.39382
4.16648
3.95966
1.40001
1.40001
1.40001
1.40001
1.40001
1.40002
1.40004
1.40008
1.40023
1.40047
1.40132
1.40278
1.40769
1.41657
1.44364
1.49537
1.62292
1.85167
2.45229
4.32146
4.62113
4.56961
4.42978
4.20518
3.99063
1.40001
1.40001
1.40001
1.40001
1.40001
1.40001
1.40003
1.40006
1.40016
1.40032
1.40091
1.40189
1.40532
1.41129
1.43049
1.46633
1.56026
1.73905
2.11749
3.56921
4.53633
4.52042
4.45029
4.2682
4.033
1.40001
1.40001
1.40001
1.40001
1.40001
1.40001
1.40002
1.40004
1.4001
1.40023
1.40059
1.40128
1.40352
1.40742
1.42042
1.44371
1.50919
1.63448
1.87895
2.56541
4.30431
4.51347
4.46155
4.32997
4.09641
1.40001
1.40001
1.40001
1.40001
1.40001
1.40001
1.40002
1.40003
1.40007
1.40016
1.40038
1.40089
1.40225
1.40514
1.41331
1.42979
1.47421
1.56345
1.75623
2.15102
3.66436
4.43718
4.4242
4.3558
4.18541
1.40001
1.40001
1.40001
1.40001
1.40001
1.40001
1.40001
1.40002
1.40004
1.40011
1.40023
1.40064
1.40132
1.40368
1.40778
1.42114
1.44567
1.51316
1.64199
1.89249
2.66111
4.20674
4.40662
4.36431
4.24937
1.40001
1.40001
1.40001
1.40001
1.40001
1.40001
1.40001
1.40002
1.40003
1.40007
1.40016
1.4004
1.40087
1.40236
1.405
1.41374
1.42919
1.47565
1.56119
1.75351
2.1421
3.6005
4.32494
4.32336
4.26983
1.40001
1.40001
1.40001
1.40001
1.40001
1.40001
1.40001
1.40001
1.40002
1.40004
1.40011
1.40023
1.40062
1.4013
1.40361
1.40755
1.42065
1.44415
1.50958
1.63338
1.87014
2.58737
4.07343
4.30409
4.27312
1.40001
1.40001
1.40001
1.40001
1.40001
1.40001
1.40001
1.40001
1.40001
1.40003
1.40006
1.40016
1.40037
1.40086
1.40216
1.4049
1.41267
1.42807
1.47025
1.5532
1.73082
2.09007
3.42996
4.20956
4.24119
1.40001
1.40001
1.40001
1.40001
1.40001
1.40001
1.40001
1.40001
1.40001
1.40002
1.40004
1.4001
1.40021
1.40057
1.40118
1.40327
1.40686
1.41862
1.43966
1.49939
1.6092
1.81927
2.37379
3.92515
4.22036
1.40001
1.40001
1.40001
1.40001
1.40001
1.40001
1.40001
1.40001
1.40001
1.40001
1.40003
1.40006
1.40013
1.40035
1.40073
1.40201
1.40421
1.4115
1.42449
1.46329
1.53528
1.70025
2.00675
3.17747
4.07863
1.40001
1.40001
1.40001
1.40001
1.40001
1.40001
1.40001
1.40001
1.40001
1.40001
1.40002
1.40004
1.40009
1.40019
1.40048
1.40112
1.40264
1.40658
1.41494
1.43722
1.4833
1.58928
1.7728
2.24288
3.69696
1.40001
1.40001
1.40001
1.40001
1.40001
1.40001
1.40001
1.40001
1.40001
1.40001
1.40001
1.40002
1.40006
1.40011
1.4003
1.40062
1.40171
1.40356
1.40975
1.42063
1.45377
1.51465
1.65834
1.90626
2.79846
1.40001
1.40001
1.40001
1.40001
1.40001
1.40001
1.40001
1.40001
1.40001
1.40001
1.40001
1.40002
1.40003
1.40008
1.40016
1.40042
1.40087
1.40236
1.40504
1.41338
1.42897
1.47268
1.55584
1.72473
2.0932
1.40001
1.40001
1.40001
1.40001
1.40001
1.40001
1.40001
1.40001
1.40001
1.40001
1.40001
1.40001
1.40002
1.40004
1.4001
1.40021
1.40056
1.40121
1.40314
1.40702
1.41756
1.43967
1.49437
1.60061
1.79322
1.40001
1.40001
1.40001
1.40001
1.40001
1.40001
1.40001
1.40001
1.40001
1.40001
1.40001
1.40001
1.40001
1.40003
1.40006
1.40013
1.40032
1.4007
1.40184
1.4039
1.41056
1.4221
1.45765
1.52147
1.6688
1.40001
1.40001
1.40001
1.40001
1.40001
1.40001
1.40001
1.40001
1.40001
1.40001
1.40001
1.40001
1.40001
1.40002
1.40003
1.40008
1.40016
1.40044
1.40092
1.40245
1.40529
1.4137
1.43014
1.47391
1.55865
1.40001
1.40001
1.40001
1.40001
1.40001
1.40001
1.40001
1.40001
1.40001
1.40001
1.40001
1.40001
1.40001
1.40001
1.40002
1.40004
1.40011
1.40022
1.40057
1.40122
1.40318
1.40698
1.41768
1.43918
1.49397
1.40001
1.40001
1.40001
1.40001
1.40001
1.40001
1.40001
1.40001
1.40001
1.40001
1.40001
1.40001
1.40001
1.40001
1.40001
1.40003
1.40006
1.40012
1.40032
1.40067
1.40179
1.40387
1.40995
1.42202
1.45431
1.40001
1.40001
1.40001
1.40001
1.40001
1.40001
1.40001
1.40001
1.40001
1.40001
1.40001
1.40001
1.40001
1.40001
1.40001
1.40002
1.40003
1.40008
1.40016
1.40041
1.40094
1.40221
1.40541
1.41225
1.43025
1.40001
1.40001
1.40001
1.40001
1.40001
1.40001
1.40001
1.40001
1.40001
1.40001
1.40001
1.40001
1.40001
1.40001
1.40001
1.40001
1.40002
1.40004
1.4001
1.40022
1.40055
1.40125
1.40299
1.4072
1.41655
1.40001
1.40001
1.40001
1.40001
1.40001
1.40001
1.40001
1.40001
1.40001
1.40001
1.40001
1.40001
1.40001
1.40001
1.40001
1.40001
1.40002
1.40003
1.40007
1.40014
1.40036
1.40076
1.40202
1.40439
1.41128
1.40001
1.40001
1.40001
1.40001
1.40001
1.40001
1.40001
1.40001
1.40001
1.40001
1.40001
1.40001
1.40001
1.40001
1.40001
1.40001
1.40001
1.40002
1.40005
1.40011
1.40025
1.40066
1.40139
1.40391
1.40813
1.40001
1.40001
1.40001
1.40001
1.40001
1.40001
1.40001
1.40001
1.40001
1.40001
1.40001
1.40001
1.40001
1.40001
1.40001
1.40001
1.40001
1.40002
1.40004
1.4001
1.40022
1.40057
1.40131
1.4033
1.40795
1.40001
1.40001
1.40001
1.40001
1.40001
1.40001
1.40001
1.40001
1.40001
1.40001
1.40001
1.40001
1.40001
1.40001
1.40001
1.40001
1.40001
1.40002
1.40004
1.4001
1.4002
1.40056
1.40117
1.40339
1.40705
1.40001
1.40001
1.40001
1.40001
1.40001
1.40001
1.40001
1.40001
1.40001
1.40001
1.40001
1.40001
1.40001
1.40001
1.40001
1.40001
1.40001
1.40002
1.40004
1.40009
1.40021
1.40053
1.40119
1.40326
1.40715
1.40001
1.40001
1.40001
1.40001
1.40001
1.40001
1.40001
1.40001
1.40001
1.40001
1.40001
1.40001
1.40001
1.40001
1.40001
1.40001
1.40001
1.40002
1.40004
1.40008
1.40022
1.40049
1.40127
1.40303
1.40756
1.40001
1.40001
1.40001
1.40001
1.40001
1.40001
1.40001
1.40001
1.40001
1.40001
1.40001
1.40001
1.40001
1.40001
1.40001
1.40001
1.40001
1.40002
1.40004
1.40008
1.40022
1.40047
1.40134
1.40281
1.40809
1.89552
1.03696
0.719855
0.647506
0.64784
0.685152
0.781164
0.877151
0.930394
0.996602
1.14648
1.45266
1.5882
1.62452
1.64119
1.62431
1.59316
1.57784
1.57521
1.5676
1.55841
1.54648
1.53203
1.52084
1.50717
1.498
1.49638
1.49681
1.50229
1.52067
1.55409
1.60049
1.65658
1.71711
1.77767
1.83447
1.88535
1.93215
1.97365
2.01072
2.04294
2.07024
2.09551
2.11646
2.13428
2.14629
2.15736
2.16288
2.16886
2.17006
2.172
2.16737
2.16493
2.1575
2.15198
2.14192
2.13386
2.12143
2.11145
2.09699
2.08548
2.06967
2.05696
2.04007
2.02615
2.0083
1.99337
1.975
1.9595
1.94063
1.92478
1.90547
1.88933
1.86973
1.85332
1.83353
1.8169
1.79706
1.78034
1.76055
1.7439
1.72428
1.70782
1.68848
1.67232
1.65338
1.63761
1.61917
1.60388
1.58607
1.57138
1.55432
1.54047
1.52438
1.51169
1.49711
1.48621
1.47432
1.4665
1.46187
2.34238
1.53595
1.1763
1.02664
0.965801
0.92726
0.930662
0.944653
0.98141
1.05028
1.21276
1.50401
1.64426
1.67161
1.65495
1.62699
1.58634
1.55626
1.54151
1.52804
1.51032
1.4891
1.47084
1.46156
1.44868
1.43847
1.43529
1.43452
1.43801
1.45393
1.487
1.53542
1.5964
1.66373
1.73185
1.79618
1.8571
1.91165
1.96546
2.01278
2.05886
2.09375
2.12796
2.15584
2.18111
2.19977
2.21621
2.22738
2.2375
2.24397
2.24979
2.24923
2.24921
2.24533
2.24237
2.23521
2.22925
2.21939
2.21079
2.19862
2.18791
2.17413
2.16185
2.14674
2.13308
2.11685
2.10213
2.0848
2.06916
2.05093
2.03457
2.01568
1.99877
1.97941
1.96206
1.94239
1.92476
1.9049
1.88717
1.86724
1.84963
1.82977
1.81242
1.79283
1.77578
1.75666
1.73998
1.72144
1.70525
1.68737
1.67186
1.65478
1.64018
1.6241
1.6108
1.5963
1.58498
1.57323
1.5651
1.56171
2.86385
2.13389
1.66055
1.36109
1.16674
1.04673
0.990669
0.993352
1.0144
1.06817
1.20341
1.4666
1.71063
1.76987
1.72871
1.68247
1.64863
1.61416
1.57706
1.54745
1.51764
1.48794
1.46386
1.4442
1.42774
1.41521
1.40552
1.39988
1.39811
1.41098
1.44519
1.49777
1.56501
1.6427
1.72211
1.80053
1.87347
1.93991
1.99973
2.05391
2.09927
2.13972
2.17503
2.20561
2.23187
2.25307
2.27064
2.28369
2.29439
2.30245
2.30889
2.30986
2.30914
2.30607
2.30234
2.29614
2.28918
2.2801
2.27054
2.25919
2.24749
2.23424
2.22079
2.20594
2.19114
2.17491
2.15897
2.14158
2.12474
2.10639
2.08888
2.06981
2.05182
2.03224
2.01392
1.994
1.97547
1.95532
1.93677
1.91654
1.89814
1.87801
1.85987
1.84006
1.82225
1.80294
1.78558
1.76686
1.75006
1.7321
1.71616
1.69907
1.6842
1.66822
1.65473
1.64036
1.62895
1.61747
1.60917
1.60676
3.16299
2.52036
2.02706
1.6727
1.43589
1.27039
1.17091
1.12272
1.1248
1.1441
1.20309
1.33805
1.68176
1.82675
1.82198
1.80086
1.76077
1.69616
1.65508
1.62898
1.58877
1.54746
1.51376
1.48029
1.45064
1.42909
1.4139
1.40545
1.40667
1.42274
1.46083
1.52024
1.59592
1.67738
1.76473
1.84547
1.92216
1.98955
2.05256
2.10691
2.15569
2.19781
2.23524
2.26726
2.29531
2.31762
2.33649
2.35019
2.36119
2.36971
2.37728
2.3797
2.37851
2.37502
2.3717
2.36577
2.35921
2.35007
2.34054
2.32882
2.31715
2.30343
2.29017
2.27481
2.26022
2.24341
2.22765
2.20962
2.19288
2.17396
2.15642
2.13685
2.11865
2.09858
2.07989
2.05945
2.04047
2.0198
2.00083
1.98011
1.96131
1.9408
1.92227
1.90222
1.88394
1.86453
1.8468
1.82809
1.81101
1.79301
1.77675
1.75967
1.74454
1.7287
1.71512
1.7011
1.68982
1.67899
1.67082
1.67012
3.34024
2.7955
2.33069
1.96746
1.69548
1.49735
1.34963
1.24873
1.19889
1.2015
1.22511
1.2913
1.45776
1.83383
1.91043
1.87933
1.84984
1.81482
1.76681
1.71408
1.66933
1.63988
1.60131
1.55754
1.52645
1.50106
1.48007
1.47212
1.47292
1.49135
1.53293
1.59164
1.662
1.74212
1.82152
1.90141
1.97664
2.04633
2.10977
2.16617
2.21626
2.2599
2.29843
2.33151
2.35998
2.38331
2.40239
2.41693
2.4276
2.43623
2.44353
2.44732
2.44566
2.4413
2.43649
2.43001
2.4225
2.4131
2.4027
2.39064
2.37802
2.36379
2.34934
2.33333
2.31746
2.30001
2.28296
2.26418
2.24607
2.22625
2.20727
2.18684
2.1673
2.14653
2.1267
2.10563
2.08565
2.06438
2.04431
2.02307
2.00302
1.98206
1.96224
1.94179
1.92264
1.90271
1.88414
1.86487
1.84706
1.8286
1.81174
1.79426
1.77873
1.7626
1.749
1.73493
1.7241
1.71366
1.7064
1.70719
3.45526
2.99595
2.58052
2.22438
1.94248
1.719
1.54883
1.41802
1.32336
1.28973
1.29367
1.3237
1.40731
1.6213
1.9213
1.98064
1.94508
1.89965
1.86421
1.82368
1.77901
1.72988
1.68596
1.65651
1.6266
1.59969
1.58234
1.57877
1.58423
1.61575
1.65515
1.7041
1.76234
1.82626
1.89471
1.96332
2.03404
2.10297
2.16712
2.22388
2.27457
2.31821
2.35666
2.38909
2.41705
2.43976
2.45867
2.47295
2.48382
2.49168
2.49849
2.50227
2.50217
2.49704
2.49133
2.48383
2.47623
2.46624
2.45588
2.44304
2.4302
2.41515
2.40055
2.38376
2.36771
2.34962
2.33243
2.31345
2.2953
2.27541
2.25641
2.23559
2.21594
2.19453
2.17446
2.15287
2.13263
2.11104
2.09093
2.06933
2.04959
2.02836
2.00899
1.98817
1.96905
1.9489
1.93026
1.91094
1.89332
1.87493
1.85876
1.84141
1.82692
1.81115
1.79864
1.78533
1.77562
1.76629
1.76172
1.76308
3.52972
3.14772
2.77194
2.44373
2.15853
1.9284
1.73871
1.5893
1.47278
1.38227
1.36613
1.37136
1.40547
1.50662
1.75695
1.97771
2.02484
2.0001
1.95979
1.91308
1.86945
1.83384
1.79057
1.75275
1.72451
1.71162
1.69821
1.70106
1.73095
1.77208
1.80599
1.84227
1.88108
1.92279
1.97022
2.01656
2.06963
2.13711
2.20456
2.26571
2.31921
2.3643
2.40334
2.43574
2.46373
2.48635
2.50507
2.51891
2.52928
2.53596
2.54197
2.54552
2.5465
2.54171
2.5349
2.52655
2.51739
2.50684
2.49542
2.48219
2.46825
2.45256
2.43668
2.4194
2.40223
2.3837
2.36552
2.3459
2.32695
2.30654
2.28682
2.26576
2.24525
2.22363
2.20268
2.18074
2.1599
2.13785
2.11747
2.09581
2.07584
2.05444
2.03475
2.01378
1.99447
1.9741
1.95559
1.93608
1.91886
1.90051
1.88485
1.86808
1.85431
1.83974
1.82831
1.81679
1.80884
1.80137
1.8006
1.80189
3.5858
3.25462
2.92728
2.61829
2.34874
2.11336
1.9172
1.75491
1.62001
1.51769
1.43521
1.43307
1.44315
1.48228
1.5917
1.86979
2.03309
2.05574
2.04298
2.01431
1.96587
1.91721
1.88009
1.85958
1.83498
1.81939
1.8177
1.85266
1.91168
1.9567
1.97944
2.00067
2.02191
2.03028
2.05269
2.07928
2.11178
2.15926
2.22457
2.28985
2.34892
2.39905
2.44018
2.47332
2.50092
2.52285
2.54121
2.55487
2.56549
2.57127
2.57655
2.57954
2.58108
2.57747
2.57056
2.56098
2.55119
2.53932
2.52744
2.51345
2.49928
2.48302
2.46681
2.44881
2.43152
2.41253
2.39452
2.37467
2.35567
2.33493
2.31487
2.2933
2.27239
2.25006
2.22874
2.20605
2.18501
2.16276
2.14243
2.12075
2.10093
2.07969
2.0602
2.03933
2.02038
2.00004
1.98207
1.96276
1.94621
1.92847
1.91361
1.89821
1.88553
1.87308
1.86342
1.85448
1.84895
1.84561
1.84629
1.84929
3.62799
3.33712
3.04533
2.76525
2.50789
2.27938
2.08111
1.90943
1.76761
1.64712
1.55276
1.48971
1.48847
1.50157
1.54248
1.66229
1.96116
2.08194
2.08905
2.07579
2.05622
2.01949
1.96987
1.95072
1.9371
1.93798
1.95519
2.03608
2.12558
2.1611
2.17497
2.18509
2.17657
2.14554
2.13142
2.14424
2.1641
2.19157
2.23099
2.29012
2.35246
2.40897
2.45549
2.49305
2.5227
2.546
2.56484
2.57889
2.58986
2.59614
2.60056
2.60302
2.60469
2.60283
2.59661
2.58737
2.57717
2.56541
2.55312
2.53918
2.52487
2.50852
2.49209
2.47367
2.45573
2.43627
2.41762
2.39764
2.37829
2.35746
2.33722
2.31537
2.29443
2.27176
2.25049
2.22763
2.2066
2.18421
2.16369
2.14204
2.12213
2.10111
2.08179
2.06117
2.04256
2.02251
2.005
1.98617
1.97008
1.95327
1.93935
1.9255
1.91457
1.90454
1.89724
1.892
1.88939
1.88939
1.89113
1.89664
3.66268
3.40461
3.13942
2.8837
2.64187
2.42351
2.22592
2.05523
1.90407
1.7779
1.66984
1.58503
1.53818
1.53835
1.55411
1.59877
1.72876
2.02343
2.12415
2.12378
2.10738
2.09468
2.07133
2.04743
2.03579
2.05206
2.11754
2.26611
2.36576
2.37924
2.38619
2.3793
2.32896
2.26873
2.22802
2.21117
2.22108
2.2361
2.25868
2.29112
2.34087
2.39738
2.45042
2.49485
2.53
2.55717
2.5779
2.59328
2.60503
2.6124
2.61644
2.61874
2.62027
2.6194
2.61534
2.60634
2.59636
2.58436
2.57222
2.55803
2.54373
2.52734
2.51083
2.49245
2.4742
2.45457
2.43551
2.41531
2.3959
2.37504
2.355
2.33319
2.3124
2.28995
2.26897
2.24649
2.22554
2.20327
2.18274
2.16103
2.14136
2.12041
2.10172
2.08154
2.0637
2.04456
2.02775
2.01014
1.99483
1.9798
1.96706
1.95584
1.94659
1.94
1.93544
1.93376
1.93412
1.93529
1.93793
1.94766
3.69546
3.45874
3.2205
2.98276
2.75823
2.54756
2.35753
2.18492
2.03385
1.89996
1.78576
1.6888
1.61221
1.58233
1.58383
1.60167
1.65482
1.79523
2.06174
2.15907
2.15852
2.14757
2.13937
2.13732
2.14738
2.1932
2.33983
2.52818
2.60841
2.61248
2.60615
2.56593
2.47439
2.39222
2.33302
2.29742
2.28093
2.28601
2.29656
2.31258
2.33693
2.37556
2.42533
2.47331
2.51599
2.55034
2.57684
2.59636
2.61047
2.61984
2.62575
2.62775
2.62972
2.62948
2.62808
2.62093
2.61212
2.60085
2.5892
2.57565
2.5618
2.54616
2.53017
2.51235
2.49443
2.47484
2.4558
2.43533
2.41591
2.39493
2.37494
2.35307
2.33237
2.31004
2.28913
2.26675
2.24611
2.22393
2.20382
2.18212
2.16284
2.14213
2.12395
2.10465
2.0877
2.07013
2.05431
2.03876
2.02492
2.01252
2.00208
1.99361
1.98781
1.98415
1.98348
1.98388
1.98531
1.98844
1.99198
2.00584
3.72685
3.50914
3.28619
3.06808
2.85648
2.65779
2.47302
2.30519
2.15311
2.01765
1.89778
1.79385
1.70713
1.63724
1.6209
1.62371
1.64434
1.70601
1.8578
2.09168
2.18552
2.19561
2.20029
2.21232
2.26364
2.37286
2.63127
2.81578
2.84638
2.84376
2.81664
2.72639
2.61147
2.5167
2.44493
2.39303
2.35893
2.33987
2.33508
2.34172
2.35216
2.36831
2.39818
2.43956
2.48306
2.52514
2.55893
2.58724
2.60691
2.6206
2.62962
2.63301
2.63533
2.63579
2.63599
2.63245
2.62562
2.61554
2.60481
2.59177
2.57846
2.5632
2.54792
2.53071
2.51368
2.49462
2.47612
2.45573
2.43641
2.41532
2.3955
2.37404
2.35394
2.332
2.31159
2.28938
2.26911
2.24719
2.22745
2.20625
2.1872
2.16718
2.14918
2.13115
2.11483
2.09908
2.08476
2.07191
2.06074
2.0516
2.04453
2.04002
2.03765
2.03775
2.03854
2.0406
2.04412
2.04947
2.0525
2.06431
3.75781
3.55516
3.34869
3.14434
2.94453
2.75614
2.5769
2.41353
2.26228
2.12663
2.00365
1.89549
1.80023
1.7231
1.65985
1.65637
1.66007
1.6816
1.75172
1.91335
2.12641
2.21513
2.25749
2.29713
2.39505
2.63942
2.95486
3.0852
3.08289
3.06158
2.99402
2.86138
2.73901
2.6384
2.55847
2.49481
2.44546
2.40923
2.38466
2.37102
2.37401
2.37859
2.38886
2.40815
2.44534
2.48559
2.52755
2.56292
2.59248
2.61276
2.62735
2.63559
2.63983
2.64185
2.64396
2.64316
2.63965
2.63097
2.62141
2.60879
2.59632
2.58117
2.56679
2.54983
2.53395
2.51536
2.49799
2.47788
2.45913
2.4379
2.41857
2.39719
2.37777
2.35625
2.33656
2.31486
2.29493
2.27364
2.25399
2.23387
2.21502
2.19656
2.17918
2.16285
2.14747
2.13359
2.12157
2.11165
2.10393
2.09879
2.09557
2.09565
2.09608
2.09758
2.1008
2.10564
2.10945
2.11251
2.11483
2.12048
3.7932
3.59973
3.40703
3.21309
3.0269
2.84381
2.67511
2.51214
2.36594
2.22814
2.1055
1.9926
1.89394
1.80668
1.7351
1.68581
1.68439
1.69188
1.71682
1.79707
1.97327
2.17403
2.28174
2.38361
2.56835
2.9911
3.27884
3.31841
3.30582
3.25736
3.12737
2.98172
2.85765
2.75436
2.66845
2.59539
2.53493
2.48483
2.44553
2.41762
2.39974
2.39595
2.39922
2.40647
2.4204
2.44795
2.48723
2.52842
2.56537
2.59672
2.61932
2.63492
2.64478
2.6479
2.65123
2.65213
2.65194
2.64578
2.63755
2.62615
2.61448
2.60019
2.58635
2.56997
2.55456
2.53645
2.51964
2.49988
2.48158
2.4606
2.44141
2.42008
2.40045
2.37944
2.35967
2.33919
2.31942
2.29953
2.28023
2.26141
2.2435
2.22668
2.21112
2.19663
2.18369
2.17283
2.16416
2.15798
2.15424
2.15385
2.15406
2.15557
2.15887
2.16429
2.16856
2.17166
2.17243
2.17213
2.1707
2.16885
3.83489
3.64756
3.46336
3.28049
3.10081
2.92803
2.76139
2.60667
2.45904
2.32548
2.19981
2.0875
1.98394
1.8927
1.81411
1.74597
1.71326
1.71354
1.72528
1.75613
1.85173
2.05813
2.27436
2.46385
2.87343
3.36971
3.53834
3.52947
3.49041
3.38731
3.23084
3.08847
2.96769
2.86342
2.77234
2.6932
2.62461
2.56543
2.51664
2.47616
2.4464
2.42622
2.42041
2.41916
2.42666
2.43856
2.45651
2.49051
2.52863
2.56592
2.5987
2.62358
2.64108
2.65121
2.65601
2.65773
2.65915
2.65666
2.65041
2.63992
2.6294
2.61572
2.60292
2.58689
2.57215
2.5541
2.53754
2.51796
2.49991
2.47981
2.46071
2.44044
2.42066
2.4005
2.38073
2.36111
2.34195
2.3232
2.30511
2.28772
2.27158
2.25656
2.24275
2.23085
2.22122
2.21423
2.20978
2.20859
2.20864
2.21013
2.21351
2.21918
2.22469
2.22865
2.22975
2.22943
2.22762
2.22264
2.21259
2.20151
3.88792
3.70085
3.52058
3.34559
3.17072
3.00651
2.84372
2.69339
2.54848
2.41554
2.29009
2.1771
2.07025
1.97826
1.89035
1.82226
1.75794
1.74875
1.75134
1.77096
1.82267
1.94758
2.23308
2.53175
3.26261
3.69622
3.7233
3.69927
3.62507
3.46495
3.31343
3.18144
3.06573
2.96192
2.87092
2.78918
2.71749
2.65362
2.59753
2.55006
2.51067
2.48031
2.45942
2.45016
2.44621
2.44818
2.45546
2.46865
2.49155
2.52625
2.56224
2.59454
2.62187
2.64015
2.65192
2.65575
2.65774
2.65731
2.65574
2.64728
2.63816
2.62508
2.6129
2.59757
2.583
2.56588
2.54894
2.53036
2.51198
2.49276
2.47372
2.45433
2.43508
2.41582
2.39682
2.37814
2.36008
2.34272
2.32647
2.3116
2.29806
2.28583
2.27558
2.26786
2.2626
2.26064
2.26025
2.26138
2.26441
2.27053
2.27681
2.28182
2.28438
2.28401
2.28247
2.2787
2.26981
2.25538
2.23915
2.22363
3.95482
3.75974
3.57904
3.40876
3.2412
3.07687
2.92359
2.77245
2.63438
2.49996
2.3785
2.26143
2.15775
2.05832
1.97252
1.89505
1.82699
1.79514
1.79454
1.80776
1.85155
1.96572
2.18641
2.65443
3.60168
3.88357
3.8652
3.80559
3.67452
3.5217
3.38419
3.26374
3.15694
3.06136
2.97398
2.89457
2.82141
2.75467
2.6947
2.64101
2.5941
2.55403
2.52107
2.49571
2.47976
2.47065
2.46339
2.46859
2.47647
2.48942
2.51456
2.54644
2.57834
2.60572
2.62593
2.63846
2.64525
2.64627
2.64717
2.6444
2.6384
2.62734
2.61506
2.60061
2.58582
2.56975
2.55337
2.53618
2.51866
2.50063
2.4824
2.46398
2.44564
2.42749
2.40972
2.39261
2.37631
2.36121
2.34779
2.33569
2.32525
2.31702
2.31175
2.30947
2.30935
2.31069
2.31432
2.32113
2.32876
2.33534
2.33993
2.34013
2.33965
2.33722
2.33067
2.31719
2.30058
2.28164
2.26258
2.24277
4.025
3.82055
3.64129
3.46903
3.30941
3.14882
2.99738
2.85102
2.71334
2.58124
2.4614
2.34298
2.24102
2.13824
2.05237
1.97142
1.90133
1.8667
1.86621
1.87842
1.92256
2.03677
2.27732
2.82182
3.75128
3.98389
3.97118
3.91027
3.77554
3.63994
3.51351
3.3994
3.29502
3.20005
3.11119
3.02857
2.95042
2.87804
2.80984
2.747
2.68948
2.63776
2.5925
2.55346
2.52198
2.49875
2.48404
2.47295
2.46758
2.47195
2.48005
2.49533
2.52345
2.55278
2.58032
2.60323
2.61877
2.62838
2.63016
2.63038
2.629
2.62353
2.61265
2.59936
2.5851
2.57013
2.5548
2.53898
2.52284
2.50635
2.48966
2.47291
2.45628
2.44
2.42432
2.40955
2.39612
2.38449
2.37444
2.36599
2.36033
2.35778
2.35756
2.35833
2.36238
2.36929
2.37769
2.38603
2.39144
2.39441
2.39387
2.39171
2.38654
2.37535
2.35884
2.33988
2.31912
2.29701
2.27558
2.25358
4.12642
3.89832
3.70804
3.53468
3.37462
3.21972
3.0711
2.92601
2.79298
2.65878
2.54253
2.42281
2.32053
2.21926
2.1297
2.05311
1.97976
1.96664
1.96794
1.98877
2.05231
2.20024
2.53006
3.05829
3.69507
4.00449
4.01447
3.99859
3.93894
3.79969
3.66489
3.54341
3.43302
3.33247
3.23851
3.1505
3.06676
2.98787
2.91294
2.8431
2.77783
2.71808
2.66359
2.61551
2.57321
2.5382
2.50937
2.49082
2.4738
2.4615
2.46386
2.46914
2.47819
2.49707
2.52356
2.55183
2.57572
2.59445
2.60593
2.61065
2.61116
2.61007
2.60608
2.59593
2.58301
2.56885
2.55407
2.53895
2.52367
2.50826
2.49287
2.47763
2.46293
2.44883
2.43595
2.42444
2.41504
2.40702
2.40104
2.39846
2.3983
2.39971
2.40434
2.41251
2.4225
2.43247
2.4413
2.44623
2.44603
2.44509
2.4421
2.43366
2.41789
2.39956
2.37879
2.35614
2.33316
2.30929
2.28722
2.26486
4.18405
3.97965
3.77858
3.60376
3.44189
3.28961
3.14373
3.00072
2.8686
2.73778
2.61852
2.50417
2.39713
2.30093
2.21086
2.13635
2.08932
2.08735
2.10041
2.1452
2.26508
2.5386
2.88866
3.17668
3.49984
3.8316
3.99306
3.9944
3.97756
3.92845
3.80905
3.67974
3.56075
3.45239
3.35396
3.26131
3.1748
3.09086
3.01177
2.93565
2.86471
2.79798
2.73731
2.68124
2.63121
2.58579
2.54696
2.51387
2.49051
2.46999
2.45484
2.44822
2.45102
2.4566
2.46713
2.48995
2.51459
2.54014
2.56079
2.57582
2.58445
2.58526
2.58491
2.58228
2.57593
2.56386
2.55051
2.53686
2.52334
2.51002
2.49702
2.48451
2.47279
2.46213
2.45316
2.44642
2.4407
2.43847
2.43818
2.44005
2.44473
2.45406
2.46517
2.47696
2.48756
2.49496
2.49802
2.49736
2.49465
2.48838
2.4759
2.45814
2.43762
2.41482
2.39114
2.36652
2.34245
2.31818
2.29629
2.27461
4.1994
4.08452
3.86534
3.67882
3.51206
3.35967
3.21557
3.07484
2.94334
2.81475
2.69576
2.5817
2.47766
2.38129
2.29954
2.23733
2.23215
2.23937
2.2768
2.38092
2.62306
2.93942
3.13299
3.24807
3.38612
3.60498
3.83658
3.96344
3.96968
3.96038
3.92002
3.82017
3.69606
3.57612
3.46756
3.36763
3.2752
3.18702
3.10384
3.02362
2.9485
2.87709
2.81096
2.74952
2.69242
2.64051
2.59299
2.551
2.5152
2.48692
2.46383
2.44479
2.4309
2.43193
2.43496
2.44175
2.45541
2.47964
2.50414
2.52736
2.5446
2.55643
2.56103
2.56107
2.55975
2.55585
2.54677
2.53565
2.52384
2.51218
2.50138
2.49194
2.4838
2.4781
2.4737
2.47291
2.47271
2.47501
2.48059
2.49126
2.50398
2.51751
2.53047
2.54106
2.5467
2.54656
2.54527
2.54133
2.53184
2.51488
2.49563
2.47287
2.44914
2.42411
2.39928
2.37419
2.3503
2.32675
2.30582
2.28572
4.19878
4.13207
3.96498
3.76419
3.58796
3.43167
3.28768
3.14833
3.01742
2.8911
2.77192
2.66073
2.55814
2.47083
2.39819
2.39096
2.3957
2.43089
2.52888
2.77411
3.07753
3.23666
3.29403
3.31977
3.36548
3.45128
3.60609
3.79625
3.92708
3.95606
3.94978
3.91571
3.83167
3.70899
3.58776
3.47723
3.37609
3.28281
3.19436
3.11122
3.03119
2.95661
2.88571
2.82007
2.75816
2.70022
2.64616
2.59656
2.55173
2.51327
2.48111
2.45571
2.43241
2.41584
2.40871
2.41043
2.41466
2.42347
2.44144
2.46536
2.4886
2.51011
2.52433
2.5344
2.53737
2.53729
2.53603
2.53269
2.52485
2.51645
2.50931
2.50367
2.50105
2.5005
2.50147
2.50493
2.51272
2.52455
2.5385
2.55421
2.56987
2.58277
2.59223
2.59501
2.59418
2.59118
2.58464
2.57047
2.55225
2.52985
2.50634
2.48094
2.45564
2.42989
2.40526
2.3809
2.35823
2.3362
2.31655
2.29854
4.17374
4.14129
4.05072
3.85226
3.6682
3.5062
3.36052
3.22229
3.09143
2.96748
2.85058
2.74208
2.6492
2.56953
2.56058
2.56405
2.59726
2.70105
2.96009
3.26281
3.41095
3.42078
3.4137
3.38929
3.38713
3.40405
3.45533
3.57363
3.76728
3.90537
3.94148
3.93698
3.90626
3.83167
3.71431
3.59433
3.48264
3.38104
3.28612
3.19738
3.11317
3.03433
2.96018
2.89094
2.82515
2.76286
2.70346
2.6478
2.59645
2.55002
2.50935
2.4745
2.44583
2.4197
2.3992
2.3857
2.38545
2.38794
2.39361
2.40575
2.42727
2.45255
2.47456
2.49427
2.5077
2.51662
2.52145
2.5233
2.52258
2.52197
2.52175
2.52207
2.52457
2.52921
2.53813
2.5509
2.56668
2.58482
2.60312
2.61988
2.63277
2.63977
2.64006
2.63851
2.63406
2.62319
2.60652
2.58531
2.56225
2.53648
2.51106
2.48481
2.45986
2.43482
2.41133
2.38829
2.367
2.34665
2.32831
2.3128
4.1218
4.1168
4.07329
3.95916
3.76212
3.58782
3.43571
3.29719
3.1667
3.04514
2.9322
2.83443
2.75072
2.73984
2.74248
2.77846
2.88844
3.17133
3.47713
3.60306
3.60761
3.58619
3.52449
3.43708
3.3974
3.40227
3.42274
3.47202
3.58331
3.75379
3.88253
3.92167
3.91887
3.89345
3.8278
3.71539
3.59651
3.48653
3.38458
3.28896
3.19884
3.11445
3.03597
2.96206
2.89251
2.82543
2.76151
2.70104
2.64425
2.59252
2.54501
2.5025
2.46491
2.43331
2.40451
2.38052
2.36406
2.35823
2.35987
2.36382
2.37245
2.39051
2.41459
2.44037
2.46415
2.48423
2.49993
2.51135
2.52065
2.52853
2.53703
2.54658
2.55738
2.571
2.5888
2.60917
2.63038
2.65053
2.66695
2.67933
2.68275
2.68208
2.67925
2.6723
2.65834
2.63817
2.6159
2.59046
2.56511
2.53885
2.51367
2.48812
2.46409
2.44023
2.41803
2.39644
2.37667
2.35834
2.34166
2.32931
3.9008
4.0887
4.07198
4.00949
3.85929
3.67492
3.51508
3.3736
3.24515
3.12677
3.02494
2.9403
2.92776
2.93071
2.97195
3.09359
3.40857
3.72374
3.8252
3.82483
3.79246
3.70259
3.58867
3.49769
3.43633
3.42613
3.43247
3.45293
3.49695
3.59366
3.7299
3.84626
3.89027
3.88938
3.87041
3.81638
3.71191
3.60042
3.49133
3.38597
3.2874
3.19598
3.1124
3.03437
2.96091
2.88971
2.82182
2.75687
2.69622
2.63931
2.58697
2.53777
2.49359
2.45291
2.41936
2.3887
2.36329
2.34423
2.33323
2.33376
2.33668
2.34348
2.35808
2.38293
2.41228
2.44219
2.47029
2.49554
2.51754
2.53806
2.55881
2.57935
2.60172
2.6254
2.6499
2.67352
2.69492
2.71068
2.72058
2.72082
2.71911
2.71447
2.70449
2.68653
2.66577
2.64115
2.61657
2.59033
2.56528
2.53948
2.51523
2.49083
2.46807
2.44565
2.42511
2.40549
2.38786
2.37219
2.35771
2.34907
3.36054
3.98984
4.0492
4.02096
3.94512
3.77092
3.60155
3.45626
3.32955
3.2207
3.1375
3.12321
3.12792
3.17664
3.31455
3.67536
3.99908
4.06824
4.0626
4.01944
3.89944
3.77129
3.66279
3.57929
3.5176
3.47694
3.46205
3.46586
3.48039
3.51302
3.58119
3.69473
3.79981
3.84935
3.85014
3.83652
3.79589
3.70767
3.60201
3.48937
3.38107
3.28226
3.1923
3.10936
3.03029
2.95443
2.88145
2.81307
2.74827
2.68817
2.63069
2.5773
2.52663
2.48103
2.43927
2.4044
2.37321
2.3469
2.32584
2.31176
2.31192
2.3144
2.32063
2.33411
2.36174
2.39744
2.4364
2.47624
2.51518
2.55226
2.58747
2.62178
2.65441
2.68516
2.71211
2.7341
2.74974
2.75404
2.75362
2.75087
2.74422
2.7296
2.711
2.68788
2.66438
2.63875
2.61404
2.58822
2.56403
2.53924
2.51633
2.49335
2.47244
2.45189
2.43364
2.41629
2.40139
2.38895
2.37694
2.37276
2.32082
3.68168
4.0131
4.00716
3.97129
3.87915
3.70513
3.55243
3.42754
3.34256
3.32731
3.33526
3.39401
3.55371
3.9761
4.28455
4.32315
4.31259
4.2561
4.11711
3.9709
3.85255
3.75838
3.6793
3.61657
3.55909
3.51927
3.49322
3.4896
3.4951
3.51538
3.55823
3.64985
3.74021
3.79853
3.80045
3.79276
3.76587
3.69924
3.59263
3.47933
3.37352
3.27707
3.18698
3.10133
3.01917
2.94204
2.86996
2.80237
2.73822
2.67713
2.61867
2.56447
2.51341
2.46838
2.42638
2.3914
2.35935
2.33386
2.31262
2.29947
2.3002
2.30366
2.31152
2.32738
2.35925
2.40234
2.45342
2.50884
2.56504
2.61808
2.66641
2.70843
2.74215
2.76603
2.78151
2.78215
2.78074
2.77662
2.76728
2.75097
2.72966
2.70713
2.6821
2.65836
2.63307
2.6094
2.58465
2.56197
2.53877
2.51784
2.49677
2.47813
2.45988
2.44441
2.42993
2.41889
2.40928
2.40116
2.40155
1.93447
2.90247
3.82074
3.98427
3.97331
3.93183
3.82458
3.66863
3.5623
3.54517
3.55246
3.63136
3.83121
4.29568
4.59876
4.60359
4.58234
4.51139
4.33537
4.18103
4.05727
3.95381
3.87337
3.79381
3.72518
3.65756
3.59672
3.54823
3.51308
3.49506
3.49738
3.50889
3.53538
3.59275
3.67331
3.7329
3.74651
3.74365
3.72525
3.67471
3.57297
3.46812
3.36633
3.26746
3.17395
3.08483
3.00426
2.92865
2.85714
2.7898
2.72279
2.66292
2.60326
2.5515
2.50133
2.45653
2.41614
2.37903
2.34942
2.32476
2.30642
2.30506
2.30717
2.31303
2.3252
2.35036
2.39143
2.44408
2.50456
2.57113
2.63584
2.69331
2.74054
2.7739
2.79813
2.80185
2.80065
2.79611
2.7863
2.76775
2.74655
2.72296
2.69927
2.67467
2.6511
2.62693
2.60412
2.58098
2.55977
2.53855
2.5195
2.50092
2.48476
2.46979
2.45757
2.44752
2.4398
2.43384
2.4326
2.43457
1.72297
2.10002
3.34163
3.89015
3.97222
3.95425
3.91228
3.80722
3.78596
3.79535
3.89358
4.15245
4.63767
4.91536
4.91339
4.87356
4.76263
4.57174
4.40106
4.26749
4.16536
4.07423
3.99397
3.9144
3.83486
3.7609
3.68542
3.6219
3.56338
3.52292
3.49564
3.48228
3.48654
3.5028
3.53825
3.59991
3.65779
3.68299
3.68264
3.67088
3.63364
3.55553
3.45614
3.35132
3.24983
3.15358
3.06845
2.98708
2.91236
2.83934
2.76995
2.70699
2.64583
2.59204
2.53915
2.49131
2.44778
2.40769
2.37571
2.34905
2.32809
2.32277
2.32419
2.32935
2.34054
2.36316
2.40255
2.45317
2.5124
2.57484
2.63647
2.69366
2.74022
2.77321
2.79607
2.79585
2.79359
2.78831
2.77625
2.75584
2.73304
2.70994
2.68692
2.66434
2.64211
2.62007
2.59883
2.57822
2.55897
2.5405
2.52379
2.50816
2.49506
2.48365
2.47579
2.46858
2.46629
2.46581
2.46639
2.47465
1.5963
1.78544
2.3076
3.57784
3.92471
3.98767
3.98814
3.99388
4.04044
4.18302
4.57622
5.03971
5.24914
5.23762
5.17514
5.01878
4.8115
4.63987
4.50208
4.39195
4.3008
4.21072
4.12453
4.03884
3.94975
3.86721
3.78217
3.70551
3.63373
3.56967
3.52363
3.48443
3.4591
3.45913
3.4657
3.48402
3.52155
3.57721
3.61001
3.61046
3.60217
3.57715
3.52064
3.43107
3.3293
3.22899
3.13686
3.0475
2.96518
2.88823
2.81549
2.75113
2.68849
2.63193
2.57834
2.52812
2.48464
2.44405
2.4119
2.38531
2.36459
2.36248
2.36398
2.36956
2.38163
2.40641
2.44218
2.48357
2.52997
2.57842
2.62482
2.66935
2.70681
2.73599
2.75726
2.76186
2.76056
2.75673
2.74848
2.73169
2.71114
2.69003
2.66877
2.64803
2.6281
2.60865
2.59038
2.57264
2.55649
2.54132
2.52828
2.51694
2.5084
2.50222
2.49814
2.4973
2.49793
2.50009
2.50726
2.52903
1.51805
1.65477
1.90935
2.79846
3.71469
3.98001
4.09398
4.25222
4.51474
5.03221
5.49689
5.61676
5.59133
5.50022
5.27746
5.06677
4.88749
4.74817
4.63935
4.53632
4.44116
4.34624
4.24901
4.15592
4.05853
3.96668
3.87619
3.78715
3.70778
3.62773
3.56284
3.50518
3.45984
3.42634
3.40816
3.41013
3.42011
3.44161
3.48222
3.51715
3.52446
3.52228
3.50746
3.46807
3.386
3.29513
3.20432
3.11244
3.02241
2.94049
2.86362
2.79537
2.73038
2.67113
2.61787
2.56734
2.52558
2.48736
2.45745
2.4347
2.42
2.42034
2.42316
2.43033
2.44402
2.46742
2.49411
2.5221
2.55073
2.57581
2.60165
2.62508
2.64865
2.66983
2.68899
2.70186
2.70477
2.70383
2.70122
2.69566
2.68136
2.66542
2.64734
2.62949
2.61197
2.59557
2.57996
2.5657
2.5528
2.54196
2.53304
2.52735
2.52356
2.52307
2.52367
2.52577
2.53333
2.54714
2.55737
2.58775
1.4674
1.55352
1.70482
2.06008
3.19402
3.90103
4.2843
4.76115
5.52406
6.00325
6.02058
5.97474
5.82899
5.55946
5.32853
5.14
4.99494
4.87917
4.77668
4.67462
4.5738
4.47121
4.36736
4.26573
4.16368
4.06401
3.96759
3.87173
3.7821
3.6947
3.61399
3.54152
3.47728
3.42639
3.38082
3.35139
3.34519
3.34727
3.35685
3.37759
3.41321
3.42708
3.4266
3.41726
3.38836
3.32808
3.25131
3.16358
3.07452
2.99147
2.914
2.84073
2.77525
2.71335
2.659
2.61222
2.57062
2.53918
2.51309
2.49606
2.49335
2.4938
2.49765
2.5054
2.52
2.53293
2.54429
2.55633
2.55881
2.56223
2.56452
2.56865
2.57533
2.58657
2.59866
2.61223
2.62318
2.63182
2.63391
2.63354
2.63154
2.62691
2.61466
2.60213
2.58893
2.57638
2.5646
2.5545
2.54648
2.54034
2.53797
2.53787
2.53881
2.54149
2.54981
2.56219
2.57701
2.59745
2.60917
2.64334
1.43983
1.4895
1.59665
1.78548
2.28211
3.60753
4.65437
5.92967
6.48434
6.477
6.37367
6.10748
5.82099
5.57694
5.37897
5.22983
5.11299
5.00826
4.90535
4.79924
4.69025
4.58004
4.46952
4.36154
4.25371
4.14769
4.04486
3.94237
3.84482
3.74969
3.65876
3.5747
3.49515
3.42802
3.36684
3.31484
3.27833
3.25418
3.25391
3.25777
3.26558
3.29042
3.31013
3.31082
3.30759
3.29446
3.25535
3.18333
3.10754
3.03103
2.95542
2.88304
2.81521
2.75594
2.70384
2.6592
2.62486
2.59682
2.57907
2.57266
2.57264
2.57322
2.57845
2.58463
2.58597
2.58346
2.57856
2.56825
2.55143
2.53508
2.51937
2.50631
2.50209
2.50188
2.50349
2.51082
2.52343
2.53781
2.54935
2.55822
2.56393
2.56473
2.56463
2.5631
2.55694
2.54974
2.54333
2.53823
2.53638
2.53737
2.53924
2.54316
2.55251
2.56464
2.58162
2.60083
2.62078
2.6441
2.65663
2.68906
1.42523
1.46208
1.53676
1.7037
2.02967
2.96134
5.31123
6.70435
6.73794
6.63445
6.3102
6.00932
5.77086
5.58008
5.43534
5.3206
5.21427
5.10795
4.99875
4.88602
4.7712
4.65642
4.54172
4.42834
4.31609
4.20401
4.09535
3.98745
3.88246
3.78194
3.68263
3.59044
3.50154
3.41977
3.34787
3.28073
3.2251
3.1794
3.14921
3.136
3.13443
3.13887
3.14965
3.16996
3.18123
3.1816
3.17504
3.15053
3.10124
3.04303
2.97664
2.90888
2.84775
2.79306
2.74739
2.7109
2.68136
2.66269
2.652
2.65162
2.65158
2.65104
2.64748
2.64206
2.63097
2.60995
2.58199
2.55086
2.52068
2.49201
2.46461
2.44199
2.42446
2.41446
2.4136
2.41499
2.41975
2.4314
2.44734
2.46354
2.47807
2.48946
2.49876
2.50531
2.50908
2.51139
2.51355
2.51655
2.52028
2.52646
2.53697
2.54913
2.56816
2.58822
2.61178
2.6349
2.65702
2.6796
2.69096
2.71842
1.42251
1.44833
1.52073
1.66256
1.96647
2.80438
5.44009
6.3329
6.33701
6.1932
5.94812
5.75237
5.60753
5.49902
5.40509
5.30964
5.20796
5.10069
4.98964
4.87604
4.76158
4.64618
4.53111
4.41768
4.30351
4.1915
4.08035
3.97128
3.86405
3.76046
3.65877
3.56157
3.46894
3.37989
3.29916
3.22428
3.15693
3.09767
3.04863
3.01534
2.99141
2.99025
2.99146
2.9975
3.01449
3.03206
3.03569
3.03675
3.03179
3.00801
2.96175
2.9135
2.86544
2.82229
2.78485
2.75772
2.7382
2.72772
2.72232
2.71946
2.71415
2.70492
2.68768
2.66102
2.63057
2.59354
2.55401
2.51173
2.47339
2.43557
2.40331
2.37354
2.35062
2.33229
2.32182
2.32155
2.32315
2.32808
2.33873
2.35709
2.37767
2.39776
2.41624
2.43263
2.44687
2.45954
2.4714
2.48415
2.49741
2.51172
2.53177
2.55398
2.57914
2.60534
2.6314
2.65626
2.6767
2.69661
2.70453
2.72605
1.41944
1.44683
1.51026
1.64923
1.92945
2.70751
5.3963
5.91595
5.87907
5.71913
5.57862
5.4795
5.40413
5.33205
5.25053
5.1613
5.06444
4.96568
4.86357
4.76022
4.6536
4.5451
4.43311
4.32279
4.21199
4.10223
3.99454
3.8873
3.78334
3.68092
3.58171
3.48513
3.39283
3.30327
3.21971
3.1407
3.06839
3.00304
2.94392
2.89673
2.85969
2.83656
2.83098
2.83219
2.8372
2.85333
2.87163
2.89255
2.90127
2.90451
2.90149
2.88615
2.85838
2.83399
2.81406
2.79915
2.78744
2.77936
2.77131
2.75934
2.74159
2.71339
2.68019
2.63809
2.59404
2.5461
2.49925
2.45289
2.40957
2.3691
2.33218
2.30017
2.27182
2.25047
2.2333
2.22561
2.2262
2.22887
2.23509
2.24818
2.26912
2.29462
2.32028
2.34697
2.37152
2.39653
2.41937
2.44415
2.46786
2.49446
2.52144
2.5514
2.57993
2.60908
2.63389
2.65698
2.6732
2.68833
2.69261
2.70779
1.42004
1.4433
1.50988
1.64065
1.92921
2.674
5.38479
5.7942
5.71805
5.52679
5.40325
5.32034
5.2484
5.17347
5.09107
5.00422
4.91299
4.81955
4.72276
4.62382
4.52064
4.41683
4.30893
4.20147
4.09461
3.98848
3.88465
3.78105
3.67962
3.5797
3.48232
3.38664
3.29549
3.20657
3.1224
3.04337
2.96894
2.90108
2.83953
2.78453
2.74044
2.70475
2.68311
2.67841
2.68008
2.68621
2.70145
2.72904
2.75591
2.7781
2.80159
2.81468
2.8186
2.82137
2.82178
2.81674
2.8087
2.79713
2.78075
2.7555
2.72074
2.67854
2.63062
2.58009
2.52748
2.47537
2.4243
2.37696
2.33086
2.29021
2.25161
2.21889
2.18966
2.16603
2.14775
2.13464
2.13186
2.13533
2.14108
2.15009
2.16766
2.19421
2.22432
2.25848
2.29283
2.3291
2.36406
2.40025
2.43514
2.47141
2.50514
2.53889
2.56822
2.59544
2.61626
2.63407
2.64496
2.65362
2.6554
2.664
1.41947
1.44348
1.50805
1.63963
1.92572
2.66463
5.3929
5.74913
5.6594
5.46016
5.33053
5.24069
5.15908
5.07364
4.98459
4.89287
4.79958
4.70563
4.60874
4.51149
4.4104
4.30917
4.20461
4.09979
3.993
3.88818
3.78278
3.68103
3.57925
3.48144
3.38574
3.29268
3.20428
3.11777
3.03672
2.9584
2.8858
2.81746
2.75424
2.69868
2.6472
2.60743
2.57588
2.55684
2.55751
2.56108
2.57075
2.59056
2.62325
2.66472
2.70524
2.74137
2.77787
2.8005
2.81299
2.81224
2.80624
2.79166
2.76247
2.71954
2.67083
2.61632
2.56149
2.50537
2.45175
2.39867
2.35045
2.30375
2.26237
2.22313
2.18848
2.1569
2.12959
2.10589
2.08748
2.0731
2.06474
2.06747
2.07327
2.07929
2.09074
2.11302
2.1429
2.17883
2.21881
2.2617
2.30616
2.35047
2.39413
2.43489
2.47251
2.50456
2.53198
2.55241
2.56858
2.57843
2.58461
2.58732
2.58767
2.59149
1.41844
1.44485
1.50547
1.64087
1.92244
2.6611
5.38468
5.73236
5.64143
5.43892
5.30853
5.21957
5.13393
5.04165
4.94376
4.84416
4.74511
4.64645
4.54694
4.44726
4.34545
4.24247
4.13803
4.03241
3.92583
3.82039
3.71546
3.61325
3.51337
3.41636
3.32239
3.23166
3.1448
3.06015
2.98105
2.90408
2.83218
2.76424
2.70173
2.6436
2.59136
2.54833
2.51022
2.48437
2.47898
2.48017
2.4868
2.50181
2.53241
2.57975
2.63279
2.69071
2.73759
2.78248
2.79567
2.79335
2.78513
2.76669
2.73096
2.67996
2.6246
2.56558
2.51021
2.45355
2.40155
2.35019
2.30436
2.26017
2.22092
2.18343
2.15071
2.11932
2.09298
2.06814
2.04836
2.03213
2.01928
2.01796
2.01946
2.02305
2.03037
2.04506
2.0707
2.10423
2.1448
2.18957
2.23908
2.28644
2.3353
2.37641
2.41556
2.44449
2.47003
2.48563
2.49889
2.50457
2.50828
2.50783
2.50801
2.50842
1.41721
1.44686
1.50268
1.64306
1.91986
2.66018
5.38252
5.72502
5.63347
5.43042
5.30251
5.21537
5.13173
5.03643
4.9356
4.83155
4.72904
4.62732
4.52537
4.42359
4.32047
4.21608
4.11133
4.00488
3.89914
3.79304
3.68893
3.58607
3.48732
3.3897
3.29716
3.20659
3.12051
3.03671
2.95823
2.88157
2.81012
2.74209
2.67927
2.62
2.56751
2.52187
2.48122
2.45275
2.44126
2.44159
2.44729
2.46072
2.48803
2.53858
2.59702
2.6647
2.7211
2.77157
2.7825
2.77984
2.76964
2.74724
2.70517
2.65202
2.59455
2.5344
2.4786
2.42154
2.36989
2.31847
2.27345
2.22905
2.1903
2.15209
2.1191
2.08668
2.0594
2.03299
2.01186
1.99305
1.97899
1.9729
1.97344
1.97566
1.98115
1.99269
2.01632
2.04822
2.0891
2.13546
2.18618
2.23743
2.28575
2.32892
2.36557
2.39278
2.41525
2.42766
2.43788
2.44068
2.44243
2.44014
2.43868
2.43921
)
;

boundaryField
{
    inlet
    {
        type            calculated;
        value           uniform 1.40001;
    }
    outlet
    {
        type            calculated;
        value           nonuniform List<scalar> 
40
(
1.4573
1.55676
1.60153
1.66444
1.70108
1.75646
1.79477
1.84164
1.88846
1.93906
1.99718
2.05608
2.11286
2.16207
2.19567
2.21818
2.2376
2.24851
2.25976
2.26944
2.28045
2.29318
2.30734
2.32376
2.3434
2.36695
2.39559
2.42842
2.46822
2.52216
2.5806
2.63594
2.68147
2.7107
2.71829
2.70008
2.65641
2.58413
2.5013
2.43231
)
;
    }
    bottom
    {
        type            symmetryPlane;
    }
    top
    {
        type            symmetryPlane;
    }
    obstacle
    {
        type            calculated;
        value           nonuniform List<scalar> 
110
(
5.98682
5.98797
5.97556
5.95348
5.91943
5.87252
5.80329
5.69908
5.53002
5.25927
1.89552
1.03696
0.719855
0.647506
0.64784
0.685152
0.781164
0.877151
0.930394
0.996602
1.14648
1.45266
1.5882
1.62452
1.64119
1.62431
1.59316
1.57784
1.57521
1.5676
1.55841
1.54648
1.53203
1.52084
1.50717
1.498
1.49638
1.49681
1.50229
1.52067
1.55409
1.60049
1.65658
1.71711
1.77767
1.83447
1.88535
1.93215
1.97365
2.01072
2.04294
2.07024
2.09551
2.11646
2.13428
2.14629
2.15736
2.16288
2.16886
2.17006
2.172
2.16737
2.16493
2.1575
2.15198
2.14192
2.13386
2.12143
2.11145
2.09699
2.08548
2.06967
2.05696
2.04007
2.02615
2.0083
1.99337
1.975
1.9595
1.94063
1.92478
1.90547
1.88933
1.86973
1.85332
1.83353
1.8169
1.79706
1.78034
1.76055
1.7439
1.72428
1.70782
1.68848
1.67232
1.65338
1.63761
1.61917
1.60388
1.58607
1.57138
1.55432
1.54047
1.52438
1.51169
1.49711
1.48621
1.47432
1.4665
1.46187
)
;
    }
    defaultFaces
    {
        type            empty;
    }
}


// ************************************************************************* //
