/*--------------------------------*- C++ -*----------------------------------*\
  =========                 |
  \\      /  F ield         | OpenFOAM: The Open Source CFD Toolbox
   \\    /   O peration     | Website:  https://openfoam.org
    \\  /    A nd           | Version:  10
     \\/     M anipulation  |
\*---------------------------------------------------------------------------*/
FoamFile
{
    format      ascii;
    class       volScalarField;
    location    "2";
    object      Ma;
}
// * * * * * * * * * * * * * * * * * * * * * * * * * * * * * * * * * * * * * //

dimensions      [0 0 0 0 0 0 0];

internalField   nonuniform List<scalar> 
5250
(
3
2.99998
2.99994
2.99982
2.9996
2.99888
2.99746
2.99327
2.9842
2.95959
2.90157
2.75233
2.39667
1.66097
0.667298
0.22331
0.327329
0.360264
0.326072
0.26848
0.213701
0.170148
0.127744
0.0806328
0.0452337
3
2.99998
2.99994
2.99982
2.9996
2.99888
2.99756
2.99315
2.98477
2.95932
2.90352
2.75398
2.40295
1.67154
0.676878
0.231226
0.330722
0.362772
0.328907
0.272368
0.219001
0.176873
0.136625
0.0948044
0.069286
3
2.99998
2.99994
2.99983
2.99961
2.9989
2.99761
2.99331
2.98505
2.96026
2.90548
2.75936
2.415
1.69424
0.698302
0.2491
0.338701
0.369007
0.33648
0.28283
0.232867
0.194344
0.159254
0.126287
0.109593
3
2.99998
2.99994
2.99984
2.9996
2.999
2.99749
2.99398
2.98452
2.96323
2.90615
2.76943
2.43164
1.72808
0.731173
0.275694
0.350826
0.378122
0.348177
0.299301
0.253969
0.220062
0.190849
0.165538
0.153955
3
2.99998
2.99995
2.99984
2.99963
2.999
2.99775
2.99381
2.98616
2.96297
2.91274
2.7767
2.45612
1.77218
0.775485
0.310631
0.366756
0.388762
0.363014
0.320684
0.280371
0.251304
0.227863
0.20879
0.200801
3
2.99999
2.99995
2.99987
2.99961
2.99915
2.9976
2.99479
2.98559
2.96719
2.91429
2.79157
2.48209
1.82571
0.832356
0.354929
0.384599
0.398992
0.380616
0.346347
0.311513
0.287697
0.270328
0.257259
0.253024
3
2.99999
2.99995
2.99987
2.99967
2.99913
2.99797
2.99458
2.98768
2.96714
2.92295
2.80205
2.51602
1.8893
0.905076
0.408414
0.40114
0.411164
0.402299
0.375901
0.346906
0.328569
0.318162
0.312338
0.314067
3
2.99999
2.99996
2.99987
2.9997
2.99921
2.99807
2.99522
2.98808
2.971
2.92709
2.81999
2.55167
1.96553
0.998078
0.470261
0.417433
0.428348
0.427672
0.408219
0.386324
0.374866
0.372447
0.376158
0.389496
3
2.99999
2.99996
2.9999
2.99971
2.99932
2.9982
2.99576
2.9892
2.97361
2.9345
2.83667
2.59424
2.05026
1.11319
0.541409
0.434995
0.448869
0.456168
0.443288
0.429539
0.426343
0.433972
0.453158
0.490437
3
2.99999
2.99997
2.9999
2.99977
2.99935
2.99851
2.99607
2.9907
2.97641
2.94236
2.8556
2.64071
2.14834
1.25586
0.624256
0.455581
0.473207
0.487565
0.481449
0.476209
0.481816
0.504756
0.554584
0.662922
3
3
2.99997
2.99992
2.99978
2.99949
2.99862
2.99679
2.99175
2.98004
2.95017
2.87644
2.69162
2.25841
1.43237
0.720813
0.486482
0.506453
0.524546
0.523689
0.525297
0.541825
0.58558
0.677125
0.853256
3
3
2.99998
2.99993
2.99983
2.99955
2.9989
2.99726
2.99316
2.98352
2.95807
2.89856
2.74407
2.38117
1.64824
0.833624
0.537086
0.55427
0.568797
0.571243
0.577879
0.604037
0.663522
0.776424
0.964554
3
3
2.99998
2.99995
2.99985
2.99964
2.99908
2.99773
2.99447
2.98603
2.96658
2.91524
2.7929
2.4897
1.85548
0.954398
0.597154
0.60169
0.613313
0.622653
0.633757
0.66557
0.730217
0.841515
1.004
3.00001
3
2.99999
2.99995
2.99989
2.99968
2.99928
2.99805
2.99551
2.98836
2.97215
2.93008
2.82747
2.57275
2.01353
1.10229
0.672063
0.636796
0.651312
0.666858
0.685016
0.720348
0.782873
0.882836
1.02114
3.00001
3
2.99999
2.99997
2.9999
2.99976
2.99936
2.99853
2.99604
2.99109
2.97611
2.94456
2.85718
2.65042
2.17001
1.31058
0.77683
0.665389
0.679768
0.700686
0.727613
0.766714
0.825253
0.912308
1.03077
3.00001
3
2.99999
2.99997
2.99993
2.99981
2.9995
2.99882
2.9969
2.99289
2.98111
2.95623
2.88688
2.72426
2.33045
1.56582
0.90643
0.70574
0.711699
0.73299
0.763974
0.804958
0.860686
0.936633
1.038
3.00001
3
3
2.99998
2.99994
2.99985
2.99962
2.99909
2.99763
2.99459
2.98564
2.96709
2.91476
2.79501
2.49638
1.87627
1.06384
0.771751
0.757182
0.773305
0.802598
0.841248
0.892899
0.959862
1.0462
3.00001
3
3
2.99999
2.99996
2.99988
2.99972
2.99928
2.99824
2.9957
2.98922
2.97419
2.93474
2.84137
2.60576
2.08917
1.23749
0.845496
0.796318
0.810683
0.837687
0.875144
0.921732
0.981218
1.05541
3.00001
3.00001
3
2.99999
2.99997
2.99991
2.9998
2.99943
2.99873
2.99659
2.99215
2.97977
2.95149
2.87826
2.69971
2.2827
1.49885
0.968899
0.83856
0.844612
0.868253
0.904368
0.947853
1.0013
1.06617
3.00001
3.00001
3
3
2.99998
2.99994
2.99985
2.99958
2.99909
2.99745
2.99445
2.98498
2.96551
2.91147
2.78548
2.47649
1.84
1.13057
0.900368
0.884634
0.900483
0.932369
0.973613
1.02141
1.07812
3.00001
3.00001
3
3
2.99999
2.99996
2.99988
2.99974
2.99926
2.99835
2.99561
2.98986
2.97408
2.93785
2.84489
2.62144
2.12356
1.33062
0.97978
0.924232
0.934619
0.961527
0.999342
1.04199
1.0918
3.00001
3.00001
3.00001
3
2.99999
2.99997
2.99992
2.99981
2.99947
2.99883
2.99683
2.99282
2.98132
2.9558
2.88876
2.72775
2.34801
1.6204
1.10852
0.97158
0.969069
0.987511
1.02144
1.06213
1.10732
3.00001
3.00001
3.00001
3
3
2.99998
2.99995
2.99987
2.99964
2.9992
2.99781
2.99523
2.98691
2.97091
2.92399
2.81968
2.55827
2.00389
1.29238
1.04263
1.00969
1.01967
1.04619
1.0836
1.12407
3.00001
3.00001
3.00001
3
3
2.99999
2.99996
2.99991
2.99975
2.99945
2.9985
2.99663
2.99117
2.97943
2.94802
2.87441
2.68979
2.27166
1.53287
1.13635
1.05091
1.05239
1.0715
1.1041
1.14195
3.00001
3.00001
3.00001
3.00001
3
3
2.99998
2.99994
2.99984
2.99963
2.99899
2.99778
2.99392
2.98664
2.96445
2.91751
2.79137
2.50309
1.89641
1.29645
1.10945
1.08791
1.09855
1.1248
1.16038
3.00001
3.00001
3.00001
3.00001
3
3
2.99999
2.99997
2.99989
2.99976
2.99933
2.99852
2.99604
2.99103
2.97688
2.94545
2.86381
2.67085
2.23123
1.52682
1.19795
1.12928
1.12982
1.14802
1.1775
3.00001
3.00001
3.00001
3.00001
3.00001
3
3
2.99998
2.99994
2.99984
2.99957
2.99904
2.99738
2.99432
2.98456
2.96539
2.91058
2.78698
2.48466
1.87702
1.34488
1.18242
1.16266
1.17187
1.19575
3.00001
3.00001
3.00001
3.00001
3.00001
3
3
2.99999
2.99996
2.9999
2.99974
2.99936
2.9984
2.99627
2.99034
2.97802
2.94314
2.86675
2.67056
2.23735
1.57017
1.26936
1.20477
1.20203
1.21669
3.00001
3.00001
3.00001
3.00001
3.00001
3.00001
3
3
2.99998
2.99994
2.99983
2.9996
2.99901
2.99758
2.99419
2.98551
2.96585
2.91446
2.79508
2.50657
1.92607
1.41611
1.25662
1.23372
1.24029
3.00001
3.00001
3.00001
3.00001
3.00001
3.00001
3
3
2.99999
2.99997
2.9999
2.99977
2.99937
2.99855
2.99633
2.99125
2.97868
2.94792
2.87398
2.69415
2.2861
1.64977
1.3469
1.2766
1.26993
3.00001
3.00001
3.00001
3.00001
3.00001
3.00001
3.00001
3
3
2.99998
2.99994
2.99986
2.99962
2.99914
2.9977
2.99501
2.98647
2.9701
2.92264
2.81846
2.56045
2.03129
1.50724
1.3312
1.30186
3.00001
3.00001
3.00001
3.00001
3.00001
3.00001
3.00001
3
3
2.99999
2.99997
2.99991
2.99979
2.99945
2.99869
2.99681
2.99215
2.98156
2.95358
2.89081
2.73098
2.37254
1.76247
1.42918
1.34238
3.00001
3.00001
3.00001
3.00001
3.00001
3.00001
3.00001
3.00001
3
3
2.99998
2.99995
2.99988
2.99968
2.99926
2.99804
2.99573
2.98853
2.97483
2.93481
2.84877
2.63284
2.17336
1.61651
1.40588
3.00001
3.00001
3.00001
3.00001
3.00001
3.00001
3.00001
3.00001
3.00001
3
2.99999
2.99998
2.99993
2.99982
2.99954
2.99889
2.99737
2.9934
2.98485
2.96126
2.91045
2.77748
2.47955
1.9128
1.5171
3.00001
3.00001
3.00001
3.00001
3.00001
3.00001
3.00001
3.00001
3.00001
3
3
2.99999
2.99996
2.9999
2.99973
2.99941
2.99838
2.99648
2.99074
2.97906
2.94717
2.87564
2.69855
2.3037
1.74024
3.00001
3.00001
3.00001
3.00001
3.00001
3.00001
3.00001
3.00001
3.00001
3.00001
3
3
2.99998
2.99994
2.99986
2.99964
2.99914
2.99795
2.99487
2.98828
2.97009
2.9316
2.82968
2.60209
2.1216
3.00001
3.00001
3.00001
3.00001
3.00001
3.00001
3.00001
3.00001
3.00001
3.00001
3.00001
3
2.99999
2.99997
2.99993
2.99979
2.99954
2.99877
2.99728
2.99299
2.98388
2.96014
2.90508
2.7714
2.46238
3.00001
3.00001
3.00001
3.00001
3.00001
3.00001
3.00001
3.00001
3.00001
3.00001
3.00001
3
3
2.99999
2.99996
2.9999
2.99973
2.99937
2.99842
2.99628
2.99105
2.97829
2.94866
2.87508
2.7049
3.00001
3.00001
3.00001
3.00001
3.00001
3.00001
3.00001
3.00001
3.00001
3.00001
3.00001
3.00001
3
3
2.99998
2.99995
2.99986
2.99966
2.99914
2.99806
2.99493
2.98897
2.97097
2.93539
2.8381
3.00001
3.00001
3.00001
3.00001
3.00001
3.00001
3.00001
3.00001
3.00001
3.00001
3.00001
3.00001
3.00001
3
2.99999
2.99997
2.99993
2.99981
2.99955
2.9989
2.99735
2.99377
2.98453
2.96451
2.91128
3.00001
3.00001
3.00001
3.00001
3.00001
3.00001
3.00001
3.00001
3.00001
3.00001
3.00001
3.00001
3.00001
3
3
2.99999
2.99997
2.9999
2.99977
2.99939
2.99868
2.99649
2.99229
2.98032
2.95487
3.00001
3.00001
3.00001
3.00001
3.00001
3.00001
3.00001
3.00001
3.00001
3.00001
3.00001
3.00001
3.00001
3.00001
3
3
2.99998
2.99995
2.99988
2.9997
2.99929
2.99821
2.99602
2.98967
2.97742
3.00001
3.00001
3.00001
3.00001
3.00001
3.00001
3.00001
3.00001
3.00001
3.00001
3.00001
3.00001
3.00001
3.00001
3.00001
3
3
2.99998
2.99994
2.99985
2.99962
2.9991
2.99784
2.99478
2.98793
3.00001
3.00001
3.00001
3.00001
3.00001
3.00001
3.00001
3.00001
3.00001
3.00001
3.00001
3.00001
3.00001
3.00001
3.00001
3
3
2.99999
2.99997
2.99992
2.99981
2.99955
2.99885
2.99745
2.99335
3.00001
3.00001
3.00001
3.00001
3.00001
3.00001
3.00001
3.00001
3.00001
3.00001
3.00001
3.00001
3.00001
3.00001
3.00001
3.00001
3
3
2.99999
2.99997
2.9999
2.99978
2.99941
2.9987
2.99669
3.00001
3.00001
3.00001
3.00001
3.00001
3.00001
3.00001
3.00001
3.00001
3.00001
3.00001
3.00001
3.00001
3.00001
3.00001
3.00001
3.00001
3
3
2.99999
2.99996
2.99989
2.99972
2.99932
2.99843
3.00001
3.00001
3.00001
3.00001
3.00001
3.00001
3.00001
3.00001
3.00001
3.00001
3.00001
3.00001
3.00001
3.00001
3.00001
3.00001
3.00001
3.00001
3
3
2.99998
2.99995
2.99986
2.99969
2.99919
3.00001
3.00001
3.00001
3.00001
3.00001
3.00001
3.00001
3.00001
3.00001
3.00001
3.00001
3.00001
3.00001
3.00001
3.00001
3.00001
3.00001
3.00001
3.00001
3
3
2.99998
2.99994
2.99984
2.99961
3.00001
3.00001
3.00001
3.00001
3.00001
3.00001
3.00001
3.00001
3.00001
3.00001
3.00001
3.00001
3.00001
3.00001
3.00001
3.00001
3.00001
3.00001
3.00001
3
3
2.99999
2.99997
2.99991
2.99981
3.00001
3.00001
3.00001
3.00001
3.00001
3.00001
3.00001
3.00001
3.00001
3.00001
3.00001
3.00001
3.00001
3.00001
3.00001
3.00001
3.00001
3.00001
3.00001
3.00001
3
3
2.99998
2.99994
2.99987
1.12638
1.33017
1.39137
1.35121
1.27668
1.18766
1.10591
1.06771
1.06244
1.06601
1.07083
1.07284
1.07241
1.0717
1.07045
1.07019
1.07184
1.07401
1.07662
1.07997
1.08384
1.08785
1.09213
1.09681
1.10188
1.10727
1.11289
1.11866
1.12453
1.13049
1.13653
1.14264
1.14874
1.15488
1.1609
1.16675
1.17232
1.17635
1.17912
1.18063
1.17961
1.17179
1.14912
1.094
0.969691
0.708741
0.327767
0.105859
0.0374319
0.1336
0.212119
0.267388
0.320411
0.371128
0.415776
0.456288
0.496314
0.535737
0.572109
0.604756
0.635061
0.663301
0.690488
0.716309
0.741268
0.765204
0.788474
0.810868
0.832802
0.854063
0.874896
0.895204
0.915142
0.934585
0.953774
0.972388
0.990901
1.0087
1.0266
1.04363
1.06096
1.07728
1.09413
1.10985
1.12629
1.14146
1.15746
1.17225
1.18799
1.20255
1.21801
1.23235
1.24751
1.26159
1.27644
1.29011
1.30428
1.31646
1.32756
1.33388
1.13782
1.25384
1.31884
1.36241
1.40799
1.44413
1.45427
1.45042
1.4352
1.41322
1.39755
1.39299
1.39436
1.39698
1.39997
1.4017
1.40267
1.4036
1.40463
1.40593
1.4076
1.41003
1.41316
1.41651
1.41984
1.42323
1.42669
1.4304
1.43422
1.43829
1.44245
1.4468
1.45115
1.4558
1.46016
1.46497
1.46915
1.4726
1.47454
1.47571
1.47495
1.46888
1.45103
1.40725
1.30837
1.10557
0.759319
0.51857
0.50993
0.575961
0.640043
0.685493
0.72082
0.751006
0.778392
0.802692
0.826533
0.85174
0.877131
0.900756
0.922891
0.943946
0.964218
0.983851
1.00301
1.02179
1.04026
1.05849
1.07639
1.09424
1.11158
1.12912
1.14606
1.16332
1.18001
1.19689
1.21331
1.22977
1.24589
1.26192
1.27771
1.29342
1.30902
1.32446
1.33983
1.35496
1.37006
1.38483
1.39952
1.41383
1.42807
1.44195
1.45576
1.4692
1.48255
1.4954
1.50801
1.5193
1.52918
1.53424
1.13472
1.243
1.33989
1.43348
1.52075
1.58954
1.6233
1.6264
1.62197
1.60783
1.58938
1.57438
1.56717
1.56499
1.56614
1.56761
1.5695
1.57108
1.57223
1.57329
1.5745
1.57597
1.5779
1.57999
1.58259
1.58508
1.5881
1.59088
1.59417
1.59727
1.60072
1.60417
1.60766
1.61151
1.61501
1.61895
1.6223
1.62465
1.62585
1.62619
1.62423
1.61655
1.59671
1.5522
1.45983
1.30535
1.09676
0.90867
0.84335
0.863413
0.894992
0.927
0.952303
0.97165
0.987984
1.00251
1.01657
1.03152
1.04756
1.06413
1.08067
1.09718
1.11346
1.1298
1.14574
1.16177
1.17744
1.19322
1.20888
1.22442
1.24011
1.25542
1.27107
1.28623
1.30184
1.31685
1.3324
1.34729
1.36282
1.37759
1.3931
1.40766
1.42302
1.43731
1.45248
1.46651
1.48145
1.4952
1.50986
1.52331
1.53767
1.55081
1.56486
1.57762
1.59135
1.60356
1.61676
1.62763
1.63848
1.64364
1.14282
1.25015
1.35005
1.44204
1.52411
1.59225
1.64581
1.68465
1.70659
1.71224
1.71096
1.70398
1.69349
1.68313
1.67829
1.67687
1.67806
1.67984
1.68235
1.68478
1.68652
1.68794
1.68932
1.69093
1.69298
1.69528
1.69798
1.70075
1.70372
1.70677
1.70986
1.71317
1.71647
1.71994
1.72345
1.72685
1.72941
1.73088
1.73139
1.73031
1.72498
1.71051
1.67727
1.60603
1.48522
1.35608
1.2693
1.17912
1.09109
1.03953
1.03096
1.04463
1.06087
1.07995
1.09807
1.11261
1.12582
1.13915
1.1523
1.16567
1.17898
1.19279
1.20703
1.22143
1.23618
1.25057
1.26548
1.27969
1.29476
1.30873
1.32375
1.33759
1.35261
1.36646
1.3815
1.39537
1.41034
1.42399
1.43872
1.45212
1.46667
1.47995
1.49438
1.50749
1.52181
1.53471
1.549
1.56171
1.57604
1.58854
1.60289
1.61512
1.62946
1.64141
1.65566
1.66725
1.68117
1.69186
1.70378
1.70929
1.14681
1.25185
1.34729
1.43449
1.51465
1.58645
1.6503
1.70423
1.7464
1.77417
1.78533
1.78584
1.78411
1.77795
1.77015
1.76292
1.75904
1.75728
1.75805
1.75905
1.7606
1.76276
1.76451
1.76646
1.76811
1.77016
1.77209
1.77458
1.77697
1.77973
1.78255
1.78541
1.78842
1.79142
1.7944
1.79682
1.79823
1.79863
1.79772
1.79318
1.78068
1.75149
1.68782
1.57342
1.44635
1.37887
1.35584
1.33275
1.29303
1.24206
1.19342
1.16121
1.14869
1.15232
1.1622
1.17495
1.1912
1.20589
1.21994
1.23298
1.24581
1.2579
1.27052
1.28282
1.29629
1.30932
1.3237
1.33711
1.35173
1.36509
1.37963
1.39283
1.40721
1.42021
1.43438
1.44719
1.4613
1.47402
1.48808
1.50067
1.51464
1.52709
1.54098
1.55329
1.56713
1.5793
1.59321
1.60524
1.6193
1.63119
1.64537
1.65713
1.67136
1.68298
1.69719
1.70862
1.72259
1.73331
1.74544
1.75154
1.14464
1.24476
1.33703
1.42152
1.49916
1.57022
1.63412
1.69054
1.73882
1.77844
1.80957
1.82948
1.83849
1.83939
1.83828
1.8338
1.82778
1.82158
1.81839
1.81703
1.81786
1.81908
1.82124
1.82378
1.82672
1.82889
1.83129
1.83326
1.83567
1.83828
1.84101
1.84405
1.84703
1.85
1.85247
1.85378
1.85408
1.8532
1.84902
1.83751
1.81044
1.75161
1.6372
1.50331
1.42757
1.40809
1.4126
1.41539
1.4105
1.39447
1.36692
1.32748
1.28139
1.2446
1.22593
1.2243
1.23266
1.24403
1.26015
1.27649
1.29181
1.30518
1.31802
1.32899
1.34099
1.35228
1.36544
1.37815
1.39251
1.40574
1.42024
1.43322
1.44719
1.45966
1.47335
1.48563
1.49926
1.51146
1.52508
1.5372
1.55081
1.56286
1.57646
1.58841
1.602
1.61382
1.62748
1.63918
1.65301
1.66462
1.67863
1.69016
1.70429
1.71576
1.72992
1.74126
1.75524
1.76604
1.77821
1.78458
1.14159
1.23498
1.32315
1.40474
1.48044
1.55006
1.61438
1.67256
1.72515
1.7709
1.81022
1.84248
1.86626
1.88082
1.88642
1.8867
1.88581
1.88238
1.87814
1.87378
1.87187
1.87095
1.87175
1.87296
1.87478
1.87742
1.8798
1.88226
1.88454
1.88644
1.88886
1.89102
1.89357
1.89591
1.89709
1.89732
1.89648
1.89258
1.88185
1.85642
1.8008
1.68817
1.54724
1.45555
1.43038
1.43633
1.44882
1.46129
1.47382
1.4791
1.4766
1.46217
1.43399
1.39363
1.347
1.30725
1.2849
1.2801
1.28795
1.29948
1.31704
1.33505
1.35144
1.3649
1.37768
1.38807
1.39929
1.41003
1.42335
1.43597
1.45008
1.46289
1.477
1.48954
1.50325
1.51531
1.52869
1.54053
1.55388
1.56569
1.57907
1.59076
1.60415
1.61577
1.62924
1.6408
1.65437
1.6658
1.67949
1.69086
1.7047
1.71604
1.72998
1.74127
1.75525
1.76644
1.78026
1.79114
1.80322
1.80975
1.13943
1.22489
1.30759
1.38567
1.45893
1.52709
1.59047
1.64891
1.7026
1.7515
1.7947
1.83206
1.86341
1.88883
1.90725
1.91851
1.92326
1.92367
1.92307
1.92021
1.91683
1.91274
1.91085
1.9098
1.91061
1.91192
1.9142
1.91744
1.92025
1.92313
1.92564
1.9278
1.92986
1.93063
1.93068
1.92978
1.92602
1.9159
1.89203
1.83943
1.73032
1.58344
1.47934
1.44772
1.44838
1.45973
1.47578
1.49429
1.51473
1.52993
1.53884
1.54148
1.5377
1.5227
1.49476
1.45406
1.40565
1.36289
1.33664
1.32948
1.33716
1.34892
1.36755
1.38829
1.40754
1.42238
1.43496
1.44484
1.45531
1.46539
1.47788
1.48978
1.50345
1.51591
1.52978
1.5421
1.5557
1.56767
1.58105
1.59277
1.60603
1.61758
1.63084
1.64231
1.65563
1.66704
1.68047
1.69178
1.70529
1.71645
1.73005
1.74117
1.75484
1.76591
1.77959
1.79054
1.80409
1.81457
1.82664
1.83283
1.13987
1.21696
1.29359
1.3672
1.4373
1.5032
1.56535
1.62312
1.67696
1.72637
1.77177
1.81267
1.84924
1.88067
1.907
1.92803
1.94265
1.95137
1.95488
1.95524
1.95488
1.95323
1.95017
1.94837
1.94686
1.94714
1.94768
1.9487
1.95052
1.95313
1.95545
1.95783
1.95876
1.95873
1.95782
1.95422
1.94447
1.92166
1.87143
1.76592
1.61277
1.49601
1.45725
1.4546
1.46662
1.48219
1.50178
1.52245
1.54453
1.56287
1.57944
1.59107
1.5983
1.60022
1.59573
1.58035
1.55179
1.51089
1.4612
1.41531
1.38649
1.37802
1.38621
1.39847
1.41823
1.43946
1.46003
1.47577
1.48903
1.49912
1.50977
1.51946
1.5314
1.54275
1.55599
1.56802
1.58162
1.59372
1.60728
1.61912
1.63246
1.64396
1.65715
1.6685
1.6817
1.69292
1.70615
1.71724
1.73055
1.74151
1.75485
1.76575
1.77913
1.78998
1.80339
1.81414
1.82744
1.83767
1.84969
1.85559
1.14312
1.21234
1.28254
1.35136
1.41786
1.48094
1.54081
1.59729
1.65033
1.69999
1.74591
1.78842
1.82695
1.86189
1.89258
1.91902
1.94078
1.95815
1.97023
1.97749
1.98071
1.98115
1.98092
1.97963
1.97694
1.97521
1.97347
1.97392
1.97449
1.97561
1.97743
1.97884
1.97926
1.97855
1.97537
1.96638
1.94499
1.89785
1.79735
1.64131
1.51272
1.46664
1.46129
1.47191
1.48727
1.50499
1.52636
1.54803
1.57021
1.58955
1.60851
1.62337
1.63722
1.64769
1.65438
1.65598
1.65112
1.63538
1.60697
1.5661
1.51616
1.46834
1.43634
1.42625
1.43428
1.44639
1.46618
1.48848
1.50954
1.52563
1.53988
1.55063
1.56174
1.57127
1.58286
1.59356
1.60636
1.6179
1.63121
1.64295
1.65644
1.66808
1.68137
1.69265
1.70584
1.71695
1.73011
1.74097
1.75409
1.76482
1.77791
1.78859
1.8017
1.81236
1.82552
1.83609
1.84919
1.85928
1.87118
1.87702
1.14884
1.2108
1.27483
1.3383
1.40058
1.46069
1.51815
1.57266
1.62433
1.67311
1.719
1.76194
1.8018
1.83857
1.87204
1.90222
1.92876
1.95165
1.9704
1.98525
1.9955
2.00169
2.00451
2.00499
2.00487
2.00406
2.00218
2.00104
1.99967
1.99948
1.99962
1.99933
1.99855
1.99544
1.98707
1.96701
1.9225
1.82651
1.67068
1.5278
1.47265
1.46565
1.4759
1.48966
1.50758
1.52795
1.55063
1.57211
1.59284
1.6117
1.63076
1.64758
1.66508
1.68004
1.69324
1.7035
1.70889
1.71022
1.70546
1.69031
1.66282
1.62355
1.57348
1.52397
1.48869
1.47456
1.48263
1.49446
1.51374
1.53649
1.55791
1.57422
1.58902
1.60023
1.61183
1.62154
1.63303
1.64325
1.65561
1.66659
1.67962
1.69103
1.70442
1.71574
1.72894
1.73995
1.75312
1.76393
1.77691
1.7875
1.80038
1.81086
1.82373
1.83416
1.84707
1.85746
1.87035
1.8803
1.8921
1.89786
1.15798
1.21273
1.27049
1.3292
1.38709
1.44343
1.49829
1.55086
1.60104
1.64868
1.69384
1.73653
1.77675
1.81442
1.84943
1.88174
1.91114
1.93752
1.96063
1.98036
1.99643
2.00902
2.01767
2.023
2.02534
2.02576
2.02563
2.02483
2.02288
2.02123
2.01943
2.01754
2.01334
2.00421
1.98437
1.94193
1.85165
1.69829
1.54436
1.47988
1.46958
1.47816
1.49212
1.50857
1.5295
1.55086
1.57317
1.59353
1.61404
1.63263
1.65111
1.66802
1.68688
1.7034
1.72105
1.73545
1.74802
1.75755
1.76283
1.76431
1.76046
1.7468
1.72085
1.68309
1.63357
1.58172
1.54157
1.52378
1.53172
1.54295
1.56142
1.58393
1.6057
1.62215
1.6373
1.64901
1.66128
1.67117
1.68266
1.69247
1.70446
1.71481
1.72755
1.73848
1.75162
1.76248
1.77556
1.78632
1.79931
1.80982
1.82257
1.83289
1.84556
1.85581
1.86849
1.87868
1.89134
1.90113
1.91279
1.91847
1.16907
1.21775
1.26962
1.32268
1.37669
1.42968
1.48115
1.53124
1.57978
1.62607
1.67055
1.71251
1.75268
1.79038
1.82619
1.85954
1.89072
1.91937
1.94543
1.96877
1.98903
2.00631
2.02014
2.03096
2.0382
2.04288
2.04452
2.04469
2.0444
2.04301
2.03968
2.0341
2.02457
2.00464
1.96341
1.87767
1.72737
1.56256
1.48577
1.47148
1.47913
1.49165
1.50865
1.52851
1.55074
1.57228
1.59435
1.61451
1.63444
1.65213
1.67032
1.68828
1.70731
1.72481
1.7437
1.7595
1.77619
1.78974
1.80235
1.81207
1.81853
1.82049
1.81773
1.80561
1.78116
1.74472
1.69623
1.64218
1.59614
1.57471
1.58206
1.5924
1.60964
1.63153
1.65349
1.66999
1.68544
1.69765
1.71035
1.72052
1.73204
1.74162
1.75317
1.7631
1.77544
1.78587
1.79866
1.80912
1.82195
1.83241
1.84516
1.85543
1.86799
1.87808
1.89056
1.90056
1.91298
1.9226
1.93408
1.93957
1.18167
1.22532
1.27153
1.32013
1.36913
1.41873
1.46786
1.51508
1.56129
1.60606
1.64914
1.6906
1.73003
1.76781
1.80338
1.83739
1.86904
1.89907
1.92658
1.95223
1.97519
1.99588
2.01373
2.02873
2.04106
2.04985
2.0565
2.05871
2.05864
2.05734
2.05344
2.04447
2.02551
1.986
1.90563
1.75828
1.58686
1.49609
1.4751
1.48047
1.4928
1.50811
1.52869
1.55007
1.57255
1.594
1.61548
1.63482
1.6542
1.67183
1.69073
1.70861
1.72737
1.74555
1.76458
1.78146
1.79959
1.81481
1.83105
1.84476
1.85789
1.86798
1.87524
1.87747
1.87563
1.8649
1.84199
1.80742
1.76008
1.70441
1.653
1.6266
1.63228
1.64209
1.6578
1.67866
1.70068
1.71726
1.73288
1.74533
1.75852
1.76911
1.78074
1.79011
1.80137
1.81104
1.82309
1.8331
1.84543
1.85553
1.86807
1.87825
1.89081
1.90086
1.91328
1.92317
1.93547
1.94492
1.95626
1.9615
1.19634
1.23475
1.27639
1.32018
1.36569
1.41098
1.4566
1.50238
1.54618
1.58907
1.63077
1.67092
1.70965
1.74696
1.78236
1.81649
1.84838
1.87918
1.90731
1.93466
1.9588
1.98228
2.00219
2.02114
2.03638
2.04991
2.0601
2.06591
2.06619
2.06431
2.05793
2.04203
2.00704
1.934
1.79266
1.61904
1.51197
1.48189
1.48408
1.49489
1.51096
1.53053
1.55254
1.57384
1.59585
1.61624
1.63695
1.65602
1.67516
1.69276
1.71149
1.72911
1.74851
1.76696
1.78587
1.8033
1.82151
1.83737
1.85492
1.87001
1.88623
1.90028
1.91369
1.9239
1.93151
1.93398
1.93292
1.92384
1.90296
1.87027
1.8244
1.76807
1.71115
1.67931
1.68172
1.69119
1.70554
1.72517
1.74667
1.76342
1.77929
1.79212
1.80568
1.8165
1.8283
1.83762
1.84888
1.8585
1.8702
1.8798
1.89173
1.90154
1.91384
1.92377
1.93614
1.94594
1.9582
1.96756
1.9789
1.98398
1.21194
1.2471
1.28438
1.324
1.36508
1.40764
1.44991
1.49171
1.53458
1.57509
1.61514
1.65421
1.69157
1.72801
1.76301
1.7966
1.82862
1.85963
1.88806
1.91637
1.94115
1.96624
1.98752
2.00888
2.02654
2.04307
2.05655
2.0639
2.06384
2.06029
2.04868
2.01975
1.95597
1.82601
1.6532
1.53239
1.49263
1.48962
1.50097
1.51717
1.53721
1.55778
1.57941
1.59966
1.62051
1.64015
1.66036
1.67851
1.69701
1.71444
1.73304
1.75091
1.77031
1.78815
1.80706
1.82462
1.84263
1.85904
1.87671
1.89208
1.90947
1.92458
1.94072
1.9549
1.96822
1.97847
1.98633
1.98914
1.98883
1.9816
1.96362
1.9327
1.88866
1.83273
1.7704
1.73306
1.7303
1.74016
1.75285
1.77112
1.79158
1.80861
1.82489
1.83784
1.85146
1.86252
1.87453
1.88395
1.89539
1.90489
1.91624
1.92551
1.93714
1.9467
1.95878
1.96841
1.98055
1.9898
2.00114
2.00616
1.2278
1.26081
1.29459
1.33016
1.36786
1.40645
1.4464
1.48593
1.52464
1.56482
1.60261
1.63987
1.6772
1.71147
1.74639
1.77908
1.81036
1.84173
1.86955
1.89874
1.92379
1.94974
1.9725
1.99443
2.01483
2.03177
2.04749
2.05267
2.05092
2.04292
2.02028
1.96686
1.85154
1.68177
1.55054
1.50217
1.49698
1.50794
1.52524
1.54487
1.56704
1.58746
1.60791
1.62701
1.64711
1.66587
1.68483
1.70211
1.7204
1.73747
1.75577
1.77333
1.79211
1.80975
1.82876
1.84593
1.86389
1.88038
1.89767
1.91342
1.931
1.94631
1.9637
1.97871
1.99455
2.00851
2.02157
2.03208
2.04036
2.044
2.0445
2.03933
2.02406
1.99549
1.95359
1.89858
1.83151
1.78858
1.77944
1.78916
1.80037
1.81641
1.836
1.85321
1.8698
1.88265
1.89648
1.90766
1.91975
1.92952
1.94118
1.95045
1.96146
1.97049
1.9819
1.99121
2.00303
2.01206
2.02317
2.02801
1.24354
1.27546
1.30734
1.33959
1.37328
1.40874
1.4451
1.48232
1.51974
1.55546
1.59383
1.62802
1.66403
1.6985
1.7306
1.76451
1.79375
1.8252
1.85315
1.88105
1.90818
1.93245
1.95791
1.9791
2.0013
2.01877
2.03184
2.03296
2.02753
2.01006
1.96534
1.86365
1.70163
1.56207
1.5075
1.50035
1.51238
1.52954
1.55143
1.57455
1.59698
1.61681
1.63684
1.65545
1.67459
1.69208
1.71032
1.72735
1.74512
1.76154
1.77937
1.79628
1.81467
1.83226
1.85088
1.86778
1.88579
1.90192
1.91908
1.93498
1.95212
1.96764
1.98519
2.00024
2.01734
2.03193
2.04739
2.06099
2.07389
2.0848
2.09338
2.09828
2.09933
2.09602
2.0834
2.05771
2.01842
1.96433
1.89431
1.84594
1.82884
1.8379
1.84758
1.86126
1.88027
1.8971
1.91378
1.92669
1.94093
1.95187
1.96416
1.97427
1.98607
1.99513
2.00608
2.01494
2.02616
2.03489
2.04569
2.05028
1.26109
1.28981
1.31961
1.35002
1.38128
1.41377
1.44719
1.48157
1.5165
1.55127
1.58558
1.62071
1.65306
1.68709
1.71868
1.74985
1.78113
1.80914
1.83914
1.86509
1.8926
1.91743
1.94159
1.96528
1.98485
2.00327
2.00804
2.0043
1.99053
1.95354
1.86534
1.71042
1.56444
1.50355
1.49663
1.5097
1.52933
1.55256
1.5783
1.6014
1.62436
1.64479
1.66477
1.68275
1.70144
1.719
1.73739
1.75393
1.77098
1.78689
1.80423
1.82081
1.8391
1.85619
1.87421
1.89077
1.90827
1.92398
1.9411
1.95664
1.97347
1.98906
2.0061
2.02128
2.03854
2.05309
2.06966
2.08373
2.0988
2.11216
2.12515
2.13657
2.14561
2.15176
2.1534
2.15161
2.14152
2.11889
2.08265
2.02933
1.95908
1.90445
1.87874
1.88539
1.89443
1.90654
1.92438
1.93986
1.95682
1.97034
1.98453
1.99493
2.00774
2.01802
2.02994
2.03885
2.0499
2.05831
2.06869
2.07316
1.28028
1.30296
1.33241
1.36126
1.39036
1.42038
1.45143
1.48337
1.51623
1.54834
1.58173
1.61364
1.64638
1.67732
1.7088
1.73897
1.76829
1.79794
1.82461
1.85307
1.87785
1.90405
1.92731
1.95002
1.96978
1.97892
1.9769
1.96607
1.93544
1.85943
1.70965
1.55812
1.49139
1.48504
1.50011
1.52057
1.54707
1.57472
1.60159
1.62494
1.64703
1.66698
1.68788
1.70771
1.72826
1.74656
1.7646
1.78052
1.79735
1.81317
1.8305
1.84702
1.86476
1.88106
1.89859
1.9146
1.93163
1.94715
1.96387
1.97883
1.9954
2.01047
2.02707
2.04229
2.05914
2.0738
2.09065
2.10463
2.12079
2.13449
2.14942
2.16271
2.17592
2.18756
2.19708
2.20423
2.20633
2.2055
2.19785
2.17917
2.14555
2.09402
2.02654
1.96401
1.93077
1.93239
1.94111
1.95182
1.96803
1.98213
1.99962
2.01326
2.02685
2.03715
2.05043
2.06049
2.07257
2.08115
2.09161
2.09603
1.30376
1.32027
1.34577
1.37427
1.40188
1.42996
1.45866
1.48771
1.51825
1.54854
1.57895
1.61032
1.64008
1.67093
1.70008
1.72951
1.75827
1.7858
1.81416
1.83953
1.86671
1.89016
1.91452
1.93471
1.9479
1.94812
1.93853
1.91112
1.84518
1.70415
1.54642
1.47255
1.46576
1.48166
1.50433
1.533
1.56582
1.59493
1.6212
1.6437
1.66588
1.68697
1.70929
1.73021
1.75131
1.76987
1.7884
1.80516
1.82286
1.83928
1.85688
1.87306
1.89029
1.90631
1.92354
1.93918
1.95598
1.97102
1.98711
2.00165
2.01775
2.03226
2.04869
2.06356
2.08011
2.09496
2.11158
2.12575
2.14226
2.15577
2.17162
2.18493
2.19964
2.21267
2.22587
2.23738
2.2475
2.25527
2.25806
2.25826
2.25342
2.23816
2.20754
2.15957
2.09668
2.02607
1.98592
1.97916
1.98875
1.99756
2.01084
2.02489
2.04218
2.05467
2.06837
2.0789
2.09215
2.10146
2.11307
2.11768
1.33071
1.33828
1.35855
1.38598
1.413
1.43974
1.46664
1.49432
1.52247
1.55132
1.57954
1.60831
1.63762
1.66572
1.69459
1.72234
1.74985
1.77732
1.80319
1.83009
1.85414
1.87922
1.89983
1.9162
1.91784
1.90938
1.88482
1.82682
1.6948
1.53008
1.44882
1.44089
1.45782
1.48161
1.51391
1.54897
1.58185
1.60997
1.63588
1.65922
1.683
1.70545
1.72836
1.74931
1.77051
1.78986
1.81
1.82833
1.84708
1.86394
1.88156
1.89774
1.91535
1.93161
1.94897
1.96462
1.98117
1.99575
2.01158
2.02574
2.04139
2.0556
2.07165
2.08601
2.10236
2.11687
2.13311
2.14733
2.16346
2.17692
2.1929
2.20578
2.22123
2.23405
2.24848
2.26123
2.27428
2.28584
2.2965
2.3046
2.30892
2.30985
2.30697
2.29478
2.26863
2.22568
2.16663
2.09077
2.04315
2.02772
2.03498
2.04264
2.05371
2.0677
2.08364
2.095
2.10956
2.1195
2.13176
2.13692
1.36646
1.3637
1.37554
1.39791
1.4247
1.45094
1.47626
1.50172
1.52791
1.55454
1.58199
1.60893
1.63605
1.66361
1.69035
1.7174
1.74401
1.76983
1.79605
1.82038
1.84527
1.86647
1.88445
1.88749
1.8799
1.85761
1.80388
1.68278
1.51321
1.42371
1.41409
1.43099
1.45615
1.49001
1.52805
1.56247
1.59371
1.62126
1.64787
1.67286
1.69817
1.72174
1.74521
1.76658
1.78823
1.80837
1.82921
1.84819
1.86783
1.88568
1.90437
1.92163
1.93992
1.95649
1.97397
1.98951
2.00597
2.02057
2.03635
2.05028
2.06576
2.07958
2.09518
2.10918
2.12513
2.13913
2.15511
2.16894
2.1846
2.19803
2.21354
2.22632
2.24183
2.25416
2.26932
2.28167
2.29596
2.3084
2.3214
2.33307
2.34404
2.3526
2.3585
2.3601
2.35854
2.34939
2.32789
2.29185
2.23384
2.15902
2.10267
2.0783
2.07989
2.08714
2.09726
2.1092
2.12391
2.13458
2.14844
2.15381
1.40635
1.3897
1.39461
1.41152
1.43546
1.46114
1.48606
1.50997
1.53469
1.55926
1.58478
1.61056
1.63637
1.66217
1.68821
1.71392
1.73934
1.76482
1.78911
1.8135
1.83496
1.85359
1.85796
1.85068
1.82995
1.77902
1.66896
1.49438
1.39669
1.3851
1.40235
1.42779
1.46417
1.5035
1.54039
1.57276
1.60295
1.6307
1.65822
1.68425
1.71032
1.73466
1.75913
1.78189
1.80487
1.82576
1.8468
1.86615
1.88642
1.90517
1.92491
1.94291
1.96171
1.97875
1.99673
2.01279
2.02976
2.04462
2.06049
2.07444
2.08985
2.10352
2.119
2.13272
2.14825
2.16186
2.17737
2.1907
2.20609
2.21919
2.23434
2.24718
2.26224
2.27457
2.28972
2.30161
2.31658
2.32848
2.34273
2.35484
2.36787
2.37959
2.39068
2.39989
2.4071
2.40927
2.40869
2.40304
2.386
2.35552
2.29868
2.23224
2.16461
2.13077
2.12402
2.13215
2.14016
2.14914
2.16207
2.16742
1.48975
1.43073
1.42176
1.42893
1.44728
1.47151
1.49556
1.5187
1.54184
1.56558
1.58933
1.61353
1.63816
1.66274
1.6874
1.71199
1.73662
1.7605
1.78424
1.80557
1.82447
1.82957
1.82237
1.80271
1.75377
1.65205
1.47234
1.36709
1.35422
1.37183
1.39887
1.4365
1.47812
1.516
1.55046
1.58134
1.6111
1.63912
1.66724
1.6939
1.72074
1.74603
1.77155
1.79527
1.81905
1.84079
1.86276
1.88276
1.90337
1.92256
1.94285
1.96167
1.98144
1.99936
2.01802
2.03463
2.05199
2.06722
2.08357
2.09795
2.11379
2.12772
2.14328
2.15682
2.17214
2.18539
2.20055
2.21358
2.22865
2.24142
2.25634
2.26887
2.28356
2.29586
2.31044
2.32236
2.33708
2.34859
2.36336
2.37481
2.38907
2.40074
2.41389
2.42539
2.43664
2.4464
2.45418
2.45753
2.45815
2.45483
2.4418
2.41524
2.36555
2.30703
2.22838
2.18614
2.17069
2.17417
2.17989
2.18315
1.65124
1.48423
1.45254
1.45105
1.46143
1.48106
1.50522
1.52832
1.55048
1.5727
1.5952
1.61804
1.64107
1.6647
1.68815
1.71175
1.73489
1.75787
1.77891
1.79755
1.80304
1.79581
1.77662
1.729
1.62873
1.44829
1.33778
1.32409
1.3427
1.37011
1.40941
1.45165
1.49131
1.52644
1.55913
1.5893
1.61906
1.64743
1.6759
1.70297
1.73031
1.75619
1.78238
1.80684
1.83154
1.85428
1.8772
1.89808
1.91935
1.93879
1.95925
1.97844
1.99881
2.01746
2.03684
2.05405
2.07209
2.08809
2.10517
2.1202
2.13651
2.1507
2.16639
2.17997
2.19527
2.2084
2.22345
2.23623
2.25102
2.26351
2.27813
2.29036
2.30487
2.31688
2.33123
2.34306
2.35728
2.36883
2.38315
2.39434
2.40884
2.41983
2.43408
2.44518
2.45844
2.46952
2.481
2.49098
2.49911
2.50431
2.50564
2.50385
2.49441
2.47291
2.43396
2.37252
2.2968
2.24736
2.21244
2.21333
1.92627
1.58755
1.49143
1.47488
1.47777
1.49143
1.51266
1.53656
1.55902
1.58072
1.60214
1.62395
1.64566
1.66775
1.69006
1.71242
1.73434
1.75467
1.7729
1.77863
1.77128
1.75181
1.70436
1.60389
1.42569
1.30973
1.29466
1.31337
1.34211
1.38198
1.42542
1.46543
1.50226
1.53557
1.56743
1.59738
1.62716
1.65557
1.68417
1.71157
1.73936
1.76584
1.79265
1.81773
1.84293
1.86604
1.88934
1.91071
1.93274
1.95317
1.97449
1.99405
2.01464
2.03355
2.05341
2.07124
2.08997
2.10659
2.12432
2.13993
2.15682
2.17155
2.18774
2.20168
2.21725
2.23048
2.24552
2.25819
2.2729
2.28524
2.29978
2.31193
2.32632
2.33822
2.35241
2.36399
2.37796
2.38926
2.4031
2.41421
2.42812
2.43904
2.45316
2.46381
2.47792
2.48843
2.50182
2.51231
2.5241
2.53393
2.54268
2.54938
2.55131
2.55042
2.54499
2.52846
2.49539
2.43176
2.36285
2.32494
2.32117
1.80115
1.57027
1.51391
1.50326
1.50811
1.52337
1.54498
1.56707
1.58847
1.6093
1.63021
1.65129
1.67241
1.69342
1.71429
1.73366
1.75095
1.75631
1.74861
1.72849
1.68087
1.5791
1.40225
1.2809
1.26465
1.28435
1.31411
1.35558
1.39904
1.44007
1.4774
1.51242
1.54475
1.57611
1.60585
1.6355
1.66398
1.6928
1.72055
1.74871
1.77553
1.80251
1.82771
1.85295
1.87632
1.90007
1.92217
1.94502
1.9662
1.98811
2.00817
2.02892
2.04782
2.06786
2.0862
2.10564
2.12303
2.14148
2.15781
2.17539
2.19073
2.20746
2.22185
2.2378
2.25135
2.26668
2.27958
2.29447
2.30689
2.32148
2.33354
2.34786
2.35961
2.37367
2.38509
2.39888
2.40997
2.42357
2.43441
2.44795
2.45865
2.47228
2.48286
2.49664
2.507
2.52084
2.53087
2.54435
2.55412
2.56638
2.57569
2.58533
2.59256
2.5954
2.59583
2.59248
2.57838
2.54609
2.52228
2.62433
2.17613
1.7283
1.56586
1.53311
1.52938
1.53697
1.5536
1.57505
1.59578
1.61627
1.63609
1.65643
1.67644
1.69657
1.7152
1.73182
1.7366
1.72831
1.7073
1.6584
1.55443
1.37796
1.25131
1.23464
1.2553
1.287
1.32968
1.37415
1.4151
1.45339
1.4887
1.52241
1.55398
1.58492
1.61451
1.64423
1.67295
1.70203
1.72996
1.75811
1.78479
1.81158
1.83675
1.86215
1.88598
1.91027
1.93299
1.95629
1.97788
2.00015
2.02063
2.04191
2.06136
2.0817
2.10027
2.12007
2.13797
2.15695
2.1738
2.19188
2.20778
2.22503
2.23999
2.25642
2.27048
2.28619
2.29945
2.31456
2.32719
2.34187
2.35403
2.36839
2.38015
2.39421
2.40557
2.41929
2.43024
2.44367
2.45428
2.46753
2.47794
2.4912
2.50152
2.5149
2.52515
2.53861
2.54869
2.56213
2.57186
2.58511
2.59439
2.60694
2.6156
2.62628
2.63312
2.63802
2.63891
2.63598
2.63615
2.79409
2.50932
2.01481
1.67349
1.57153
1.55239
1.5531
1.56328
1.58143
1.60311
1.62362
1.64345
1.66244
1.68159
1.69892
1.71472
1.71898
1.70989
1.68788
1.6372
1.5304
1.35222
1.22129
1.20477
1.22694
1.26027
1.30525
1.3501
1.39184
1.42985
1.4659
1.49969
1.53254
1.56371
1.59457
1.62425
1.6541
1.68288
1.71187
1.73957
1.76744
1.79387
1.82056
1.84579
1.87142
1.89557
1.92022
1.94327
1.96689
1.9888
2.01139
2.03221
2.05383
2.07362
2.09428
2.11304
2.13285
2.15095
2.17036
2.18777
2.20639
2.22288
2.2407
2.25625
2.27322
2.28781
2.30396
2.31766
2.33311
2.34608
2.361
2.37339
2.3879
2.39978
2.41389
2.42527
2.43897
2.44986
2.46318
2.47364
2.4867
2.49686
2.5098
2.51982
2.5328
2.54278
2.55585
2.56578
2.5789
2.58867
2.60174
2.6112
2.62411
2.63312
2.6456
2.65387
2.66513
2.67145
2.67841
2.68104
2.88927
2.74004
2.39759
1.90431
1.65769
1.59059
1.57665
1.57857
1.59003
1.60888
1.6299
1.64986
1.66854
1.68557
1.70029
1.70314
1.69312
1.66975
1.61681
1.50628
1.32388
1.19087
1.17504
1.19926
1.23545
1.28171
1.32736
1.36901
1.40753
1.44321
1.47776
1.51069
1.54315
1.5742
1.60507
1.6347
1.6644
1.69288
1.72151
1.74888
1.77652
1.80284
1.82956
1.85488
1.8807
1.90501
1.92986
1.95308
1.97691
1.999
2.0218
2.04277
2.06456
2.08451
2.10543
2.12452
2.14471
2.163
2.1826
2.20037
2.2194
2.23628
2.25451
2.27051
2.28796
2.30306
2.31973
2.33396
2.34989
2.36329
2.37854
2.39121
2.40589
2.41794
2.43215
2.44367
2.45746
2.46849
2.48189
2.49246
2.50551
2.51567
2.52847
2.53835
2.55105
2.56078
2.57349
2.58315
2.5959
2.60549
2.61822
2.62765
2.64029
2.64944
2.66195
2.67067
2.68288
2.69084
2.70164
2.70592
2.94206
2.86911
2.68303
2.30136
1.84459
1.65292
1.60964
1.6008
1.60445
1.61701
1.63576
1.65563
1.67302
1.68747
1.68983
1.67877
1.65351
1.59723
1.48102
1.29243
1.1608
1.14757
1.17299
1.21161
1.25975
1.3051
1.34712
1.38538
1.42151
1.4557
1.48942
1.52197
1.55429
1.5853
1.61606
1.64547
1.67481
1.70293
1.73121
1.75832
1.78573
1.81191
1.83851
1.86381
1.8896
1.91398
1.93888
1.96223
1.98611
2.00831
2.03112
2.05221
2.07411
2.09429
2.11548
2.13488
2.15541
2.17403
2.19379
2.21166
2.2309
2.24811
2.26664
2.28306
2.30089
2.31647
2.33355
2.34823
2.36454
2.37837
2.39397
2.40703
2.42203
2.43443
2.44893
2.46073
2.47476
2.48602
2.49961
2.51034
2.52351
2.53375
2.54653
2.55635
2.56885
2.57837
2.59074
2.60009
2.61244
2.62171
2.63406
2.64325
2.65556
2.6646
2.67681
2.68562
2.69768
2.70599
2.71734
2.7225
2.96997
2.93144
2.8315
2.6106
2.17357
1.78692
1.65384
1.62585
1.62193
1.6279
1.64157
1.65903
1.67454
1.67766
1.66587
1.63829
1.57761
1.45502
1.25978
1.13136
1.1201
1.14607
1.18784
1.23798
1.2843
1.32569
1.36407
1.39998
1.43495
1.46867
1.5021
1.53439
1.56639
1.59708
1.62749
1.65653
1.68549
1.71323
1.74117
1.76801
1.79522
1.8213
1.84784
1.87311
1.89885
1.92315
1.94793
1.97112
1.99484
2.01693
2.03971
2.06087
2.0829
2.10329
2.12467
2.14431
2.16502
2.18387
2.20387
2.22187
2.24119
2.25856
2.27728
2.29387
2.31191
2.32773
2.34509
2.36011
2.3768
2.39105
2.40709
2.4206
2.43602
2.44883
2.46368
2.47584
2.49018
2.50177
2.51564
2.52671
2.54011
2.55063
2.56353
2.57349
2.58595
2.59541
2.60754
2.61665
2.62865
2.63757
2.64957
2.65838
2.67038
2.67911
2.69104
2.69966
2.71144
2.71971
2.7309
2.73623
2.98557
2.96253
2.91597
2.79384
2.52397
2.0651
1.75903
1.66401
1.64378
1.64195
1.64813
1.66007
1.6657
1.65417
1.62405
1.55653
1.42608
1.2249
1.10161
1.09305
1.11943
1.16307
1.21558
1.2627
1.30469
1.34276
1.37926
1.41431
1.44887
1.48223
1.51526
1.54712
1.57873
1.60903
1.63906
1.66776
1.69644
1.72392
1.75166
1.77831
1.80536
1.83126
1.85759
1.88263
1.90809
1.93208
1.95655
1.97947
2.00301
2.02498
2.04775
2.06894
2.09106
2.11154
2.13301
2.15276
2.17357
2.19257
2.2127
2.23089
2.25028
2.26768
2.28643
2.30309
2.32119
2.33713
2.35465
2.36991
2.38688
2.40148
2.41789
2.43181
2.44763
2.46086
2.47609
2.48867
2.50337
2.51537
2.52957
2.54101
2.5547
2.56554
2.5787
2.5889
2.60152
2.6111
2.62326
2.63233
2.64419
2.6529
2.66461
2.67313
2.68475
2.69317
2.7047
2.71303
2.72442
2.73246
2.74331
2.74853
2.99249
2.9816
2.95689
2.89694
2.75737
2.44235
1.9907
1.75008
1.67964
1.66214
1.65825
1.65666
1.64535
1.61251
1.53533
1.39124
1.18732
1.07299
1.06833
1.09451
1.13958
1.19305
1.24119
1.2837
1.32266
1.35912
1.39467
1.42903
1.46306
1.496
1.52865
1.56004
1.59108
1.62079
1.65032
1.67863
1.70701
1.73426
1.76176
1.78813
1.81486
1.84041
1.86637
1.89103
1.91614
1.93983
1.96405
1.9868
2.01021
2.03214
2.05488
2.07608
2.0982
2.11869
2.1402
2.15999
2.18088
2.19996
2.22019
2.2385
2.25801
2.27547
2.29428
2.31098
2.32915
2.34513
2.36272
2.37807
2.3952
2.41001
2.42667
2.4409
2.45704
2.47065
2.48624
2.49924
2.51432
2.52672
2.54127
2.55308
2.56708
2.57824
2.59167
2.60215
2.615
2.6248
2.63712
2.6463
2.65819
2.66689
2.67848
2.68686
2.69825
2.70643
2.71766
2.7257
2.73676
2.74448
2.75498
2.75995
2.99609
2.99128
2.97791
2.95078
2.87833
2.72104
2.37427
1.94685
1.74879
1.69296
1.67246
1.65154
1.60775
1.51546
1.348
1.14643
1.04659
1.04681
1.07239
1.11817
1.17269
1.22098
1.26398
1.30278
1.33956
1.37465
1.4093
1.44296
1.47641
1.50875
1.54075
1.5715
1.60198
1.63126
1.66045
1.68847
1.71653
1.74341
1.77048
1.79638
1.82259
1.84761
1.87306
1.89726
1.922
1.94544
1.96952
1.99221
2.01561
2.03753
2.06021
2.08133
2.10333
2.12372
2.14508
2.16477
2.18555
2.20457
2.22478
2.24314
2.26277
2.28044
2.29949
2.31648
2.33494
2.35119
2.36906
2.38465
2.402
2.41699
2.43384
2.44825
2.46458
2.47841
2.49425
2.50753
2.52287
2.53555
2.55037
2.56244
2.57672
2.58813
2.60183
2.61253
2.62563
2.63564
2.64816
2.65755
2.66958
2.67844
2.69007
2.69851
2.70984
2.71795
2.72905
2.73686
2.74774
2.75513
2.76539
2.77006
2.99818
2.99552
2.98955
2.97538
2.94084
2.86309
2.67568
2.3079
1.9066
1.74005
1.68267
1.62563
1.51037
1.3041
1.0951
1.01042
1.01653
1.04268
1.09088
1.14706
1.19684
1.24018
1.27981
1.31685
1.35279
1.38735
1.42143
1.45439
1.48706
1.51865
1.55003
1.58028
1.61035
1.63922
1.66795
1.69546
1.723
1.74936
1.77593
1.80136
1.82715
1.85179
1.87692
1.90085
1.92535
1.94858
1.97247
1.99499
2.01824
2.04002
2.06259
2.08363
2.10555
2.12588
2.1472
2.16685
2.18763
2.20666
2.22691
2.24533
2.26506
2.28283
2.30199
2.31908
2.33771
2.35418
2.37235
2.38821
2.40584
2.42104
2.43812
2.45272
2.46929
2.48335
2.49946
2.51299
2.52862
2.54159
2.55673
2.56905
2.58362
2.59524
2.60918
2.62005
2.63334
2.6435
2.65618
2.66572
2.67787
2.68686
2.69858
2.70711
2.71848
2.72661
2.7377
2.74545
2.75625
2.76352
2.7736
2.77818
2.99908
2.99771
2.99492
2.98703
2.9716
2.92824
2.83856
2.61562
2.21629
1.84884
1.6892
1.54414
1.28264
1.03979
0.959988
0.972477
1.00431
1.05701
1.11401
1.16356
1.20741
1.24741
1.28557
1.32199
1.35747
1.39146
1.42483
1.45705
1.48904
1.52005
1.55097
1.58084
1.6106
1.63919
1.66769
1.69498
1.72231
1.74848
1.77487
1.80013
1.82576
1.85025
1.87524
1.89905
1.92347
1.94664
1.9705
1.99303
2.01631
2.03815
2.06081
2.08194
2.10395
2.12437
2.14577
2.16551
2.18635
2.20544
2.22576
2.24425
2.26407
2.28195
2.30129
2.31856
2.33742
2.35408
2.37244
2.38847
2.40632
2.42172
2.43904
2.45387
2.47072
2.48502
2.5014
2.51518
2.53117
2.54448
2.56003
2.57273
2.5877
2.59966
2.61396
2.62514
2.63873
2.64915
2.66207
2.67179
2.6841
2.69322
2.70504
2.71365
2.72508
2.73326
2.74436
2.75213
2.76286
2.77011
2.78004
2.78462
2.99948
2.99888
2.99706
2.99356
2.9838
2.96317
2.91098
2.79387
2.52393
2.08163
1.68392
1.31473
0.967508
0.868103
0.890166
0.931355
0.993908
1.0575
1.11147
1.1579
1.20061
1.24085
1.27945
1.31591
1.35096
1.38416
1.41657
1.44782
1.47899
1.50937
1.53986
1.56943
1.59898
1.62741
1.6558
1.68304
1.71038
1.7366
1.76307
1.78841
1.81412
1.83867
1.8637
1.88758
1.91209
1.93542
1.95953
1.98239
2.0061
2.02845
2.05165
2.07335
2.09592
2.11683
2.13868
2.15877
2.1799
2.19922
2.21972
2.23837
2.25836
2.27642
2.29597
2.31348
2.33259
2.34952
2.36816
2.38449
2.40265
2.41839
2.43607
2.45126
2.4685
2.48322
2.50006
2.51431
2.53071
2.54437
2.56023
2.57318
2.58839
2.60054
2.61503
2.62638
2.64015
2.65073
2.66381
2.67371
2.68618
2.69548
2.70748
2.71624
2.72786
2.73614
2.7474
2.75521
2.76604
2.77327
2.78318
2.78773
2.99965
2.99919
2.99805
2.99531
2.98906
2.97296
2.93791
2.84773
2.64826
2.23169
1.59829
0.95146
0.66082
0.680551
0.728535
0.794706
0.8616
0.922117
0.979352
1.03429
1.08661
1.1354
1.18142
1.22453
1.26575
1.30493
1.34313
1.37991
1.41619
1.45116
1.48562
1.51861
1.55107
1.58202
1.61259
1.64179
1.67086
1.69867
1.72657
1.75326
1.78021
1.80598
1.8322
1.85727
1.88299
1.90757
1.93295
1.95712
1.98213
2.00578
2.03026
2.05319
2.07692
2.09893
2.12178
2.1428
2.16478
2.18488
2.20609
2.22541
2.24602
2.26469
2.2848
2.30289
2.32255
2.34004
2.35922
2.3761
2.39478
2.41105
2.42924
2.44495
2.46269
2.4779
2.49521
2.50992
2.52677
2.54087
2.55716
2.57051
2.58609
2.59859
2.61339
2.62501
2.63902
2.64983
2.66313
2.67323
2.68592
2.69541
2.70761
2.71655
2.72836
2.73676
2.74819
2.75608
2.76705
2.77433
2.78431
2.78888
)
;

boundaryField
{
    inlet
    {
        type            calculated;
        value           uniform 3.00001;
    }
    outlet
    {
        type            calculated;
        value           nonuniform List<scalar> 
40
(
1.33388
1.53424
1.64364
1.70929
1.75154
1.78458
1.80975
1.83283
1.85559
1.87702
1.89786
1.91847
1.93957
1.9615
1.98398
2.00616
2.02801
2.05028
2.07316
2.09603
2.11768
2.13692
2.15381
2.16742
2.18315
2.21333
2.32494
2.52228
2.63615
2.68104
2.70592
2.7225
2.73623
2.74853
2.75995
2.77006
2.77818
2.78462
2.78773
2.78888
)
;
    }
    bottom
    {
        type            symmetryPlane;
    }
    top
    {
        type            symmetryPlane;
    }
    obstacle
    {
        type            calculated;
        value           uniform 0;
    }
    defaultFaces
    {
        type            empty;
    }
}


// ************************************************************************* //
