/*--------------------------------*- C++ -*----------------------------------*\
  =========                 |
  \\      /  F ield         | OpenFOAM: The Open Source CFD Toolbox
   \\    /   O peration     | Website:  https://openfoam.org
    \\  /    A nd           | Version:  10
     \\/     M anipulation  |
\*---------------------------------------------------------------------------*/
FoamFile
{
    format      ascii;
    class       volScalarField;
    location    "2";
    object      p;
}
// * * * * * * * * * * * * * * * * * * * * * * * * * * * * * * * * * * * * * //

dimensions      [1 -1 -2 0 0 0 0];

internalField   nonuniform List<scalar> 
5250
(
1
1.00002
1.00006
1.00015
1.00038
1.00093
1.00233
1.00559
1.01432
1.03428
1.08776
1.21982
1.58694
2.63973
5.83503
12.3621
11.5499
11.1003
11.1855
11.4376
11.6991
11.8597
11.9808
12.0778
12.1518
1
1.00002
1.00006
1.00015
1.00036
1.00096
1.0022
1.00579
1.01365
1.03481
1.08559
1.21894
1.57893
2.62122
5.77654
12.3038
11.5325
11.0902
11.1761
11.4276
11.6881
11.8491
11.9723
12.071
12.1467
1
1.00002
1.00005
1.00015
1.00035
1.00093
1.00216
1.00564
1.01344
1.03393
1.08394
1.21381
1.56551
2.58089
5.6527
12.1718
11.4903
11.0621
11.1456
11.3904
11.6458
11.8046
11.9273
12.0252
12.1005
1
1.00002
1.00006
1.00014
1.00037
1.00084
1.00226
1.0051
1.01374
1.03163
1.08303
1.20454
1.54734
2.52158
5.47088
11.9615
11.42
11.019
11.0956
11.3239
11.5705
11.725
11.8441
11.9391
12.0144
1
1.00002
1.00005
1.00014
1.00032
1.00088
1.00198
1.00531
1.01226
1.03192
1.077
1.19848
1.51922
2.44819
5.2392
11.6647
11.3147
10.9674
11.0307
11.2297
11.4654
11.6146
11.7281
11.8187
11.8946
1
1.00002
1.00005
1.00012
1.00033
1.00077
1.00202
1.00475
1.01209
1.02951
1.07379
1.18656
1.48989
2.36092
4.96557
11.2677
11.1669
10.9164
10.9532
11.1041
11.3256
11.4665
11.5696
11.6518
11.7275
1
1.00002
1.00004
1.00013
1.00029
1.00078
1.00175
1.00474
1.01071
1.02867
1.0674
1.17595
1.45398
2.26113
4.65534
10.7371
11.013
10.8616
10.8599
10.9523
11.1483
11.2765
11.3599
11.4231
11.4898
1
1.00001
1.00004
1.00011
1.00028
1.00066
1.00175
1.004
1.01072
1.02465
1.0649
1.15784
1.41911
2.14521
4.31285
10.0538
10.9088
10.7805
10.7205
10.7837
10.9349
11.0373
11.0865
11.1105
11.1453
1
1.00001
1.00004
1.0001
1.00025
1.00063
1.00149
1.00389
1.009
1.02379
1.05606
1.14593
1.3722
2.02609
3.93768
9.21863
10.8246
10.694
10.553
10.5898
10.6881
10.7427
10.7334
10.679
10.6116
1
1.00001
1.00003
1.00009
1.00022
1.00055
1.00137
1.00327
1.00846
1.01987
1.05166
1.12558
1.32988
1.88849
3.54103
8.22087
10.7621
10.611
10.367
10.3723
10.4051
10.3906
10.2979
10.0681
9.70258
1
1.00001
1.00003
1.00008
1.00019
1.00048
1.00114
1.00295
1.00688
1.01806
1.04251
1.11031
1.27725
1.75149
3.11746
7.0805
10.7127
10.5311
10.1845
10.1259
10.099
10.0021
9.73598
9.11869
7.5306
1
1.00001
1.00003
1.00006
1.00016
1.00038
1.00101
1.0023
1.00617
1.014
1.03746
1.08814
1.2316
1.60434
2.69116
5.82528
10.5889
10.4136
10.0339
9.88416
9.79234
9.59303
9.16622
8.31464
6.64496
1
1.00001
1.00002
1.00005
1.00013
1.00034
1.00078
1.00206
1.00468
1.0125
1.02868
1.07558
1.18333
1.48786
2.32894
4.76052
10.1698
10.1567
9.9163
9.64882
9.4813
9.20116
8.67314
7.7947
6.4319
1
1.00001
1.00002
1.00005
1.00011
1.00027
1.00067
1.00162
1.00414
1.00969
1.02526
1.05991
1.15485
1.39556
2.08519
4.06726
9.14737
9.86345
9.71691
9.41705
9.18008
8.85134
8.30904
7.49849
6.40894
1
1
1.00001
1.00003
1.00009
1.00021
1.00057
1.00128
1.00345
1.00783
1.02073
1.04884
1.12589
1.31923
1.86495
3.43208
7.69954
9.61514
9.5138
9.24102
8.92231
8.56026
8.03958
7.31496
6.40661
1
1
1.00001
1.00003
1.00007
1.00017
1.00045
1.00102
1.00274
1.00617
1.01656
1.03825
1.09989
1.24791
1.66551
2.8434
6.16283
9.45009
9.37869
9.11646
8.71644
8.32369
7.82982
7.18244
6.40105
1
1
1.00001
1.00002
1.00006
1.00013
1.00035
1.00078
1.00209
1.00471
1.01258
1.02886
1.07524
1.18302
1.48191
2.29416
4.5343
9.08283
9.21677
9.01431
8.57641
8.13605
7.66029
7.07737
6.39163
1
1
1.00001
1.00002
1.00004
1.0001
1.00026
1.00061
1.0016
1.00364
1.00968
1.02211
1.05824
1.13948
1.36705
1.97779
3.72098
8.07303
8.95313
8.81125
8.45079
7.98056
7.51822
6.98921
6.38028
1
1
1
1.00001
1.00003
1.00008
1.00019
1.00048
1.00117
1.00284
1.00719
1.01705
1.04374
1.10587
1.27425
1.7227
3.00113
6.4314
8.66355
8.59859
8.34778
7.86448
7.40405
6.91516
6.36891
1
1
1
1.00001
1.00002
1.00006
1.00014
1.00036
1.00083
1.00216
1.00508
1.01272
1.03122
1.07689
1.19409
1.50237
2.35453
4.64949
8.26429
8.42709
8.25213
7.83371
7.33226
6.85846
6.35986
1
1
1
1.00001
1.00002
1.00004
1.00011
1.00025
1.00063
1.00152
1.00368
1.00929
1.02196
1.05616
1.13612
1.3534
1.93029
3.52384
7.31269
8.22143
8.10661
7.78836
7.28694
6.81876
6.35437
1
1
1
1
1.00001
1.00003
1.00008
1.00018
1.00045
1.00108
1.00265
1.0066
1.01576
1.04001
1.09674
1.24838
1.6465
2.75537
5.66106
7.93985
7.91489
7.72263
7.29098
6.80791
6.35552
1
1
1
1
1.00001
1.00002
1.00005
1.00012
1.00032
1.00072
1.00189
1.00432
1.01118
1.0263
1.0662
1.16268
1.41724
2.09116
3.83183
7.36713
7.78688
7.65195
7.30249
6.81467
6.36266
1
1
1
1
1.00001
1.00001
1.00004
1.00008
1.00022
1.00051
1.00127
1.00311
1.00743
1.01878
1.04468
1.1132
1.28234
1.74388
2.98154
6.07997
7.5521
7.504
7.29029
6.84315
6.38269
1
1
1
1
1
1.00001
1.00002
1.00006
1.00015
1.00033
1.00088
1.002
1.00523
1.0121
1.03068
1.07425
1.18661
1.47818
2.25791
4.26604
7.07611
7.35327
7.23502
6.91322
6.42767
1
1
1
1
1
1.00001
1.00002
1.00004
1.0001
1.00023
1.00058
1.00137
1.00334
1.00826
1.01967
1.04955
1.11967
1.30608
1.78719
3.0612
6.02731
7.15029
7.108
6.91157
6.49914
1
1
1
1
1
1
1.00001
1.00002
1.00006
1.00015
1.00038
1.00087
1.00225
1.00518
1.01321
1.03141
1.07826
1.19368
1.49645
2.29388
4.30365
6.71729
6.96907
6.86928
6.59703
1
1
1
1
1
1
1.00001
1.00002
1.00004
1.00009
1.00024
1.00055
1.00145
1.00324
1.00861
1.0193
1.05062
1.11868
1.30584
1.77741
2.99317
5.75915
6.77459
6.75205
6.59574
1
1
1
1
1
1
1
1.00001
1.00003
1.00006
1.00015
1.00037
1.00085
1.00221
1.00499
1.01308
1.02975
1.07707
1.18399
1.47606
2.21466
4.05515
6.33078
6.63558
6.55567
1
1
1
1
1
1
1
1.00001
1.00002
1.00004
1.00009
1.00022
1.00054
1.00135
1.00311
1.00805
1.01826
1.04738
1.11109
1.28443
1.71611
2.8178
5.33362
6.42275
6.43387
1
1
1
1
1
1
1
1
1.00001
1.00002
1.00006
1.00013
1.00034
1.00077
1.00201
1.00455
1.01168
1.02724
1.068
1.16543
1.4171
2.0529
3.59439
5.9205
6.32572
1
1
1
1
1
1
1
1
1.00001
1.00001
1.00003
1.00008
1.0002
1.00047
1.00121
1.00273
1.00714
1.01602
1.04185
1.09682
1.24836
1.61731
2.56649
4.78197
6.07185
1
1
1
1
1
1
1
1
1
1.00001
1.00002
1.00005
1.00011
1.0003
1.00066
1.00172
1.00387
1.00996
1.02289
1.05737
1.13744
1.34326
1.84979
3.04473
5.46583
1
1
1
1
1
1
1
1
1
1
1.00001
1.00003
1.00007
1.00017
1.00039
1.00102
1.00228
1.00596
1.0133
1.03473
1.07969
1.20375
1.50127
2.26756
4.10404
1
1
1
1
1
1
1
1
1
1
1.00001
1.00002
1.00004
1.00009
1.00024
1.00055
1.0014
1.00326
1.00792
1.01933
1.04591
1.11363
1.27726
1.69237
2.68605
1
1
1
1
1
1
1
1
1
1
1
1.00001
1.00002
1.00005
1.00014
1.00031
1.0008
1.00179
1.00464
1.01034
1.02687
1.06108
1.15533
1.37404
1.9272
1
1
1
1
1
1
1
1
1
1
1
1.00001
1.00001
1.00003
1.00007
1.00019
1.00043
1.00106
1.00253
1.006
1.01492
1.03458
1.08708
1.2071
1.52158
1
1
1
1
1
1
1
1
1
1
1
1
1.00001
1.00002
1.00004
1.0001
1.00024
1.00059
1.00136
1.00344
1.00774
1.0199
1.04508
1.11435
1.27153
1
1
1
1
1
1
1
1
1
1
1
1
1
1.00001
1.00002
1.00005
1.00014
1.0003
1.00079
1.00174
1.00449
1.01007
1.02558
1.05904
1.14655
1
1
1
1
1
1
1
1
1
1
1
1
1
1.00001
1.00001
1.00003
1.00007
1.00017
1.00042
1.00096
1.00244
1.00545
1.01407
1.03151
1.0806
1
1
1
1
1
1
1
1
1
1
1
1
1
1
1.00001
1.00002
1.00004
1.0001
1.00021
1.00054
1.00123
1.00302
1.00723
1.01696
1.04188
1
1
1
1
1
1
1
1
1
1
1
1
1
1
1
1.00001
1.00002
1.00005
1.00011
1.00029
1.00063
1.00163
1.00359
1.00919
1.02059
1
1
1
1
1
1
1
1
1
1
1
1
1
1
1
1
1.00001
1.00002
1.00006
1.00014
1.00034
1.00084
1.00188
1.00481
1.01066
1
1
1
1
1
1
1
1
1
1
1
1
1
1
1
1
1.00001
1.00001
1.00003
1.00007
1.00018
1.00041
1.00105
1.00231
1.00591
1
1
1
1
1
1
1
1
1
1
1
1
1
1
1
1
1
1.00001
1.00002
1.00004
1.00009
1.00021
1.00052
1.00122
1.00287
1
1
1
1
1
1
1
1
1
1
1
1
1
1
1
1
1
1
1.00001
1.00002
1.00004
1.00011
1.00025
1.00063
1.0014
1
1
1
1
1
1
1
1
1
1
1
1
1
1
1
1
1
1
1
1.00001
1.00002
1.00005
1.00013
1.0003
1.00071
1
1
1
1
1
1
1
1
1
1
1
1
1
1
1
1
1
1
1
1
1.00001
1.00003
1.00007
1.00015
1.00037
1
1
1
1
1
1
1
1
1
1
1
1
1
1
1
1
1
1
1
1
1.00001
1.00002
1.00003
1.00008
1.00019
1
1
1
1
1
1
1
1
1
1
1
1
1
1
1
1
1
1
1
1
1
1.00001
1.00002
1.00006
1.00013
2.98389
1.5018
1.01416
0.922621
0.950185
1.03474
1.21157
1.34554
1.38363
1.38128
1.37407
1.36756
1.36817
1.37065
1.37617
1.38211
1.38392
1.38368
1.3828
1.38077
1.37738
1.37447
1.37191
1.36918
1.36606
1.36255
1.35875
1.35475
1.35058
1.34625
1.34173
1.33705
1.33221
1.32723
1.32217
1.31712
1.31241
1.30864
1.30902
1.3108
1.31638
1.33087
1.36634
1.45024
1.64665
2.11258
3.21535
4.54132
4.49357
4.55446
4.66588
4.76538
4.81683
4.83377
4.82962
4.81091
4.76756
4.70582
4.6428
4.57972
4.51614
4.4517
4.3863
4.32073
4.25524
4.18999
4.12485
4.05979
3.99479
3.92998
3.86551
3.80151
3.7381
3.67536
3.61341
3.55234
3.49231
3.43334
3.37546
3.31856
3.26283
3.20812
3.15443
3.10158
3.04972
2.9986
2.94864
2.89963
2.85162
2.80437
2.75807
2.71256
2.66804
2.62433
2.58168
2.54002
2.49999
2.46224
2.42991
2.4068
3.69662
2.30473
1.71626
1.47123
1.35808
1.27643
1.25886
1.26683
1.28914
1.33491
1.37799
1.39277
1.39194
1.38913
1.38328
1.38028
1.38036
1.38067
1.38119
1.38104
1.38034
1.37863
1.37509
1.37087
1.36687
1.3631
1.35937
1.35551
1.35141
1.34705
1.34247
1.3377
1.33279
1.32776
1.32265
1.31754
1.31269
1.30872
1.30902
1.31061
1.31554
1.32833
1.35962
1.4334
1.60694
2.01226
2.94057
4.73136
4.86865
4.75626
4.68415
4.6937
4.72053
4.75479
4.75968
4.7555
4.73844
4.69771
4.63255
4.56776
4.50374
4.43967
4.37534
4.31097
4.24667
4.18243
4.11818
4.05386
3.98946
3.92516
3.86109
3.79746
3.7343
3.67181
3.61005
3.54918
3.48933
3.43052
3.37276
3.31589
3.26041
3.20598
3.15249
3.09987
3.04819
2.99747
2.94759
2.89848
2.85035
2.80313
2.75688
2.71147
2.66699
2.62333
2.58065
2.53894
2.49876
2.46044
2.42799
2.40188
4.54352
3.23883
2.4227
1.90648
1.57362
1.36852
1.2484
1.23476
1.2421
1.26334
1.30752
1.3483
1.37392
1.38478
1.3845
1.38322
1.38036
1.37759
1.37644
1.37573
1.37488
1.37355
1.37146
1.36864
1.36536
1.36174
1.35788
1.35382
1.34961
1.34525
1.34074
1.3361
1.33133
1.32645
1.32147
1.31662
1.31184
1.30924
1.3097
1.31177
1.3178
1.33301
1.36811
1.44616
1.61452
1.9679
2.68374
3.99913
4.9767
5.05571
5.00379
4.88823
4.79581
4.75453
4.72392
4.698
4.67601
4.64528
4.60159
4.54715
4.48742
4.42617
4.36379
4.30058
4.23695
4.17317
4.1094
4.04562
3.98193
3.91833
3.85496
3.79176
3.72897
3.66668
3.60527
3.5446
3.48533
3.42702
3.36987
3.31373
3.25832
3.20363
3.15009
3.09737
3.04578
2.99494
2.94518
2.89613
2.8482
2.801
2.75491
2.7095
2.66517
2.62148
2.57892
2.53711
2.49684
2.45815
2.4241
2.39757
5.0139
3.82622
2.95094
2.34354
1.93751
1.66481
1.49361
1.38455
1.32093
1.30277
1.30598
1.31691
1.34027
1.36731
1.38566
1.39287
1.39237
1.39058
1.38662
1.38149
1.37818
1.37591
1.3741
1.37203
1.36925
1.36573
1.36163
1.35719
1.35259
1.34793
1.3432
1.33839
1.33349
1.3285
1.32347
1.31872
1.31436
1.31431
1.3153
1.31909
1.32954
1.3545
1.41069
1.53027
1.77541
2.26454
2.77998
3.33897
3.98404
4.6103
4.90937
4.92035
4.8929
4.82573
4.73038
4.67156
4.627
4.58775
4.54595
4.50135
4.45305
4.40081
4.34396
4.28427
4.22275
4.16005
4.09684
4.03341
3.97042
3.90754
3.84507
3.7826
3.72048
3.65879
3.59807
3.53814
3.47919
3.42101
3.36412
3.30802
3.25303
3.19868
3.14552
3.09305
3.04177
2.99113
2.94166
2.89276
2.84505
2.79788
2.75194
2.7065
2.66233
2.61861
2.5762
2.5343
2.49398
2.45497
2.41945
2.39291
5.29275
4.24836
3.40502
2.76881
2.30521
1.96803
1.72334
1.54796
1.42513
1.34789
1.30679
1.30593
1.30924
1.31871
1.33834
1.35727
1.37039
1.37837
1.37831
1.3776
1.37574
1.37199
1.36847
1.36538
1.36245
1.35952
1.35621
1.35257
1.34851
1.34415
1.33963
1.33503
1.33041
1.32576
1.32136
1.31717
1.3161
1.31684
1.31983
1.32836
1.34918
1.39677
1.49932
1.71077
2.13578
2.59817
2.86827
3.08216
3.34491
3.68563
4.11539
4.50612
4.74076
4.80358
4.78621
4.74295
4.65437
4.57911
4.51908
4.46182
4.40877
4.359
4.30876
4.25678
4.20188
4.14344
4.08204
4.01916
3.95612
3.89306
3.83077
3.76895
3.70845
3.64833
3.58913
3.53028
3.47229
3.41468
3.35815
3.30219
3.24743
3.19325
3.1403
3.08797
3.03689
2.9864
2.93716
2.88841
2.84094
2.79389
2.74816
2.70281
2.65882
2.61516
2.57291
2.53101
2.49072
2.45174
2.41549
2.38798
5.48034
4.57339
3.78771
3.15359
2.66009
2.2819
1.99426
1.7772
1.61485
1.49729
1.41263
1.35755
1.32859
1.32579
1.32814
1.33509
1.34967
1.36533
1.37692
1.38306
1.38283
1.38172
1.37913
1.3739
1.36851
1.36377
1.35976
1.35613
1.35242
1.3482
1.34352
1.33859
1.33348
1.32864
1.32409
1.32216
1.32272
1.32526
1.3328
1.35155
1.39479
1.48902
1.68586
2.08348
2.57169
2.83655
2.93979
3.00158
3.08543
3.21045
3.38258
3.62122
3.97565
4.34488
4.59919
4.70749
4.69381
4.6509
4.5649
4.46918
4.39144
4.32325
4.26639
4.21855
4.17175
4.12189
4.06736
4.00771
3.94409
3.87926
3.81567
3.75342
3.69312
3.6339
3.576
3.51857
3.46198
3.40554
3.34994
3.29463
3.24035
3.18649
3.13382
3.08168
3.03081
2.98047
2.93145
2.88288
2.83563
2.78875
2.74322
2.69798
2.65419
2.61059
2.56851
2.52671
2.48643
2.44738
2.41093
2.38249
5.61034
4.82062
4.10159
3.48925
2.98775
2.58518
2.26588
2.01364
1.81542
1.66075
1.53995
1.4515
1.38599
1.34681
1.32639
1.32644
1.32836
1.33373
1.34482
1.35582
1.36368
1.36758
1.36728
1.36615
1.36361
1.35909
1.35428
1.34971
1.34561
1.34199
1.33838
1.33452
1.33038
1.32627
1.32372
1.32414
1.32631
1.333
1.34986
1.38925
1.47606
1.65873
2.02998
2.55392
2.85296
2.95238
2.97535
2.98222
2.98503
2.99731
3.03592
3.12131
3.27447
3.50465
3.84154
4.21362
4.48557
4.61547
4.60088
4.55322
4.45381
4.34075
4.25268
4.18157
4.12287
4.07536
4.03174
3.9865
3.93101
3.8704
3.80833
3.74503
3.68263
3.6216
3.56278
3.50512
3.44889
3.39319
3.33853
3.28415
3.23076
3.17767
3.12566
3.07401
3.02356
2.97352
2.92476
2.8764
2.82939
2.78267
2.73742
2.69233
2.64879
2.60536
2.56347
2.52186
2.48169
2.44267
2.40623
2.37713
5.70268
5.00933
4.35614
3.77623
3.28136
2.86863
2.52958
2.25295
2.02811
1.84657
1.70104
1.58594
1.49582
1.42851
1.37872
1.34938
1.33296
1.33213
1.33357
1.33773
1.34649
1.35604
1.36349
1.36757
1.36725
1.36595
1.36296
1.35699
1.35096
1.34539
1.34037
1.33609
1.33212
1.33017
1.33062
1.33257
1.33884
1.35439
1.39106
1.47263
1.64503
1.99752
2.54419
2.87441
2.98779
3.00609
3.00092
2.981
2.93784
2.89688
2.88482
2.89401
2.93072
3.01353
3.15978
3.38387
3.71124
4.08754
4.37297
4.52527
4.50844
4.45426
4.35374
4.21989
4.10884
4.02257
3.96364
3.9181
3.8806
3.83917
3.79007
3.73479
3.67624
3.61582
3.55567
3.49594
3.43804
3.38131
3.32626
3.27201
3.21914
3.16678
3.11559
3.0647
3.01491
2.96539
2.91706
2.869
2.82224
2.77576
2.73067
2.68578
2.64242
2.5992
2.55748
2.516
2.47607
2.4371
2.40077
2.3712
5.77088
5.15487
4.56114
4.01765
3.53868
3.12641
2.77763
2.48517
2.24154
2.03937
1.8722
1.7345
1.62189
1.53128
1.45957
1.40518
1.36562
1.34302
1.33058
1.32976
1.33076
1.33368
1.33993
1.34622
1.35091
1.35174
1.35144
1.35035
1.34786
1.34289
1.33769
1.33302
1.32958
1.32987
1.33154
1.33709
1.35156
1.3855
1.46177
1.6232
1.95418
2.52088
2.89586
3.02558
3.04912
3.04284
3.01746
2.96556
2.90599
2.85045
2.80949
2.78146
2.77816
2.78775
2.82366
2.9039
3.04444
3.25859
3.57401
3.95336
4.25381
4.41885
4.40135
4.34587
4.23766
4.10114
3.98143
3.88639
3.82192
3.77378
3.7347
3.69496
3.65042
3.59909
3.54389
3.48661
3.42922
3.37164
3.31544
3.26029
3.20693
3.15443
3.10346
3.05304
3.0039
2.95506
2.9074
2.85994
2.8137
2.76766
2.72294
2.67838
2.63529
2.59235
2.55086
2.50956
2.46987
2.43101
2.39485
2.36495
5.82375
5.26993
4.72787
4.22052
3.76207
3.3574
3.0065
2.7054
2.44897
2.23156
2.04776
1.89291
1.76283
1.65426
1.56461
1.49171
1.43432
1.39033
1.35809
1.33948
1.32891
1.32765
1.32841
1.33072
1.33576
1.34135
1.3467
1.3467
1.34627
1.34494
1.34214
1.33756
1.33666
1.33786
1.34207
1.35532
1.38654
1.45735
1.60949
1.92004
2.5059
2.91523
3.06443
3.09397
3.08774
3.06201
3.00921
2.94583
2.88406
2.82635
2.77458
2.73012
2.69788
2.67384
2.6736
2.68279
2.71596
2.79054
2.92432
3.12639
3.42755
3.80367
4.12544
4.30389
4.28602
4.23023
4.12472
3.98007
3.85749
3.76226
3.69178
3.63842
3.59521
3.55485
3.51225
3.465
3.41384
3.36013
3.30594
3.2513
3.19747
3.14414
3.09245
3.04154
2.99225
2.94354
2.89625
2.8493
2.80363
2.75818
2.71399
2.66995
2.62726
2.58469
2.54352
2.50248
2.46304
2.42428
2.38831
2.35811
5.86519
5.36215
4.86522
4.39223
3.9563
3.56352
3.21578
2.91141
2.64723
2.4191
2.22276
2.05423
1.90985
1.78654
1.68168
1.59313
1.51929
1.45866
1.41076
1.37395
1.34731
1.33171
1.32307
1.32171
1.32223
1.3238
1.32732
1.33124
1.33439
1.33602
1.3362
1.33658
1.33798
1.34247
1.35441
1.3835
1.44983
1.59227
1.88431
2.46839
2.93808
3.10351
3.13961
3.13384
3.1095
3.05868
2.99213
2.92658
2.86541
2.80818
2.75492
2.70516
2.66039
2.62078
2.59154
2.56893
2.56813
2.57623
2.60578
2.67349
2.79981
2.9874
3.27169
3.64054
3.96197
4.17175
4.15469
4.1026
4.01089
3.86426
3.73901
3.64164
3.56693
3.50927
3.46213
3.41978
3.37812
3.33364
3.28649
3.23652
3.18564
3.13383
3.08253
3.03131
2.98149
2.93228
2.88471
2.83771
2.79223
2.74715
2.70345
2.66001
2.61784
2.5758
2.53512
2.49448
2.45541
2.41688
2.38115
2.35072
5.8999
5.43844
4.97993
4.53876
4.12571
3.74709
3.40599
3.10219
2.83411
2.59884
2.3933
2.21411
2.05828
1.92293
1.80571
1.70452
1.61772
1.54392
1.48212
1.43127
1.39113
1.36028
1.3381
1.32481
1.31741
1.31621
1.31669
1.31824
1.3216
1.3263
1.33035
1.33407
1.34088
1.35501
1.3851
1.44998
1.58666
1.86732
2.43443
2.95654
3.1475
3.18959
3.18453
3.16135
3.11144
3.04236
2.97397
2.9095
2.8495
2.79286
2.73945
2.68844
2.6403
2.5947
2.55296
2.51536
2.48655
2.46445
2.46128
2.46821
2.49423
2.55469
2.67121
2.8437
3.10486
3.46166
3.79409
4.03239
4.01722
3.97281
3.8933
3.75149
3.62383
3.52464
3.44794
3.38633
3.33554
3.29115
3.2493
3.20643
3.16238
3.1161
3.06877
3.01997
2.97133
2.92239
2.87461
2.8272
2.78136
2.73607
2.69235
2.64908
2.60724
2.56564
2.52543
2.48524
2.44667
2.40846
2.37311
2.34261
5.93162
5.50298
5.07868
4.66627
4.27522
3.91161
3.57905
3.27844
3.00934
2.76975
2.55767
2.37029
2.20532
2.06015
1.93271
1.82102
1.72345
1.63862
1.56538
1.50283
1.45026
1.40703
1.37266
1.34655
1.32801
1.31673
1.31043
1.31048
1.31137
1.31372
1.31904
1.32909
1.34433
1.37512
1.43885
1.57021
1.83796
2.38053
2.96267
3.18835
3.23782
3.23442
3.21327
3.16628
3.0963
3.02466
2.95721
2.89387
2.83465
2.77844
2.72514
2.67385
2.62471
2.57701
2.53152
2.48807
2.44781
2.41164
2.38248
2.36075
2.35457
2.36041
2.38285
2.43538
2.53881
2.69713
2.93401
3.27282
3.62037
3.88755
3.87619
3.84066
3.77254
3.63888
3.50962
3.41019
3.33252
3.26832
3.21517
3.16827
3.12588
3.08423
3.04255
2.99909
2.95501
2.90919
2.8633
2.81684
2.77129
2.72588
2.68189
2.63838
2.59642
2.55484
2.51479
2.47487
2.43671
2.39874
2.36391
2.33348
5.96558
5.56339
5.16694
4.77954
4.40842
4.05948
3.7364
3.44055
3.17236
2.93077
2.71431
2.52099
2.34879
2.19578
2.05988
1.93957
1.83299
1.73913
1.65646
1.58438
1.52178
1.46827
1.42322
1.38614
1.35686
1.33453
1.31946
1.31005
1.3104
1.31256
1.31868
1.33237
1.36133
1.42142
1.54529
1.79703
2.30487
2.94036
3.2118
3.27756
3.27521
3.25822
3.21766
3.14795
3.07451
3.00434
2.93898
2.87745
2.81951
2.76403
2.71105
2.65968
2.61012
2.56171
2.51496
2.46927
2.42561
2.38377
2.34471
2.30974
2.27996
2.25842
2.24921
2.2538
2.27196
2.31648
2.40618
2.54957
2.76311
3.08024
3.43398
3.73004
3.73209
3.70742
3.64766
3.5264
3.39842
3.29906
3.22083
3.15631
3.10112
3.05179
3.00852
2.96749
2.9273
2.88615
2.84461
2.80167
2.75859
2.7147
2.67152
2.62827
2.58626
2.54451
2.50431
2.46428
2.42619
2.38819
2.35374
2.32327
6.00932
5.6229
5.24734
4.88057
4.52802
4.19302
3.8795
3.58954
3.32368
3.08167
2.86267
2.66519
2.48759
2.32835
2.18561
2.05812
1.94405
1.84263
1.75204
1.67209
1.6011
1.53917
1.48511
1.43879
1.40004
1.36745
1.34392
1.3234
1.32243
1.32506
1.33379
1.35681
1.40819
1.51774
1.74532
2.20414
2.87088
3.20678
3.30072
3.30385
3.29113
3.25841
3.19115
3.11501
3.04411
2.97842
2.91718
2.85871
2.80275
2.74842
2.696
2.64476
2.59514
2.54649
2.49925
2.45287
2.40803
2.36407
2.32212
2.28168
2.24385
2.20982
2.17959
2.15821
2.14611
2.1494
2.1632
2.1996
2.27543
2.40399
2.59673
2.88635
3.24061
3.55524
3.59022
3.57029
3.51809
3.41088
3.29036
3.19165
3.11383
3.04886
2.99194
2.94153
2.89727
2.85616
2.81683
2.7773
2.73795
2.6976
2.65719
2.6159
2.57521
2.53415
2.49423
2.45416
2.41605
2.37774
2.34341
2.31253
6.06681
5.68288
5.32232
4.97367
4.6362
4.31403
4.01014
3.72634
3.46418
3.22307
3.00293
2.80274
2.62132
2.45715
2.30908
2.17565
2.05533
1.94757
1.85024
1.76367
1.68562
1.61662
1.55508
1.50106
1.45434
1.41335
1.38225
1.35339
1.35345
1.35804
1.37347
1.41489
1.50842
1.70758
2.11514
2.77263
3.1835
3.30886
3.32389
3.31248
3.28091
3.21546
3.14001
3.07039
3.00727
2.94809
2.89164
2.83648
2.78275
2.72988
2.6784
2.62776
2.57853
2.53004
2.48283
2.43632
2.39107
2.34654
2.3035
2.26125
2.22097
2.18197
2.1456
2.11238
2.08251
2.06109
2.04608
2.04822
2.05823
2.0869
2.14832
2.2625
2.43732
2.69506
3.04542
3.36636
3.4478
3.43044
3.38527
3.29266
3.18613
3.08816
3.01024
2.94423
2.88781
2.83732
2.79193
2.75017
2.71123
2.67286
2.63538
2.59719
2.55934
2.52057
2.48232
2.44333
2.40585
2.36762
2.3335
2.30206
6.14584
5.74952
5.39405
5.05768
4.7345
4.4244
4.12997
3.85297
3.59465
3.35569
3.13565
2.93362
2.74979
2.58179
2.42943
2.29132
2.16566
2.05266
1.94959
1.85727
1.77331
1.69814
1.6304
1.56994
1.51632
1.46963
1.43056
1.4036
1.40538
1.41587
1.44777
1.52619
1.69856
2.05418
2.70776
3.16697
3.32393
3.34322
3.3312
3.29778
3.22844
3.15171
3.08404
3.02345
2.96752
2.9136
2.86099
2.80876
2.75737
2.70639
2.65645
2.60707
2.55878
2.51099
2.46429
2.41806
2.37295
2.32843
2.28515
2.24254
2.20143
2.1611
2.12265
2.08533
2.0506
2.01816
1.98937
1.96717
1.95015
1.95028
1.95631
1.97813
2.02906
2.12675
2.28359
2.51046
2.85134
3.16791
3.30318
3.28807
3.24963
3.17866
3.08498
2.98816
2.9088
2.84351
2.78866
2.73798
2.69191
2.64937
2.61061
2.57318
2.53716
2.50074
2.46524
2.42858
2.39298
2.35605
2.32284
2.29164
6.24827
5.82974
5.46786
5.13923
4.82679
4.52704
4.24135
3.97108
3.71734
3.48027
3.26154
3.05866
2.87295
2.70268
2.54652
2.40485
2.27475
2.15707
2.04943
1.95175
1.86304
1.78225
1.70938
1.64341
1.58419
1.53387
1.48916
1.47732
1.48334
1.50729
1.57398
1.7263
2.04455
2.68097
3.16972
3.36069
3.38247
3.37093
3.3311
3.24797
3.16383
3.09221
3.03218
2.97662
2.92459
2.87375
2.82389
2.77426
2.72532
2.67662
2.62875
2.58116
2.5344
2.48788
2.4422
2.39677
2.35233
2.3083
2.26539
2.22304
2.18198
2.14154
2.10258
2.06435
2.0278
1.99232
1.95912
1.92761
1.89992
1.87637
1.85898
1.85445
1.85882
1.87557
1.91655
1.99752
2.13477
2.33652
2.6575
2.96186
3.15292
3.14288
3.11532
3.06896
2.981
2.88913
2.81057
2.74745
2.69311
2.64273
2.5967
2.55386
2.51523
2.47832
2.44347
2.40835
2.37505
2.34022
2.30881
2.27927
6.333
5.92184
5.54979
5.22103
4.91541
4.6246
4.34659
4.08217
3.8327
3.5984
3.38057
3.17835
2.99118
2.81931
2.66071
2.51557
2.38242
2.26034
2.14894
2.04665
1.95355
1.86817
1.79068
1.72002
1.65785
1.60306
1.57002
1.57332
1.59188
1.64883
1.78754
2.08504
2.69033
3.22137
3.43814
3.45345
3.43949
3.38927
3.2893
3.20129
3.12238
3.05212
2.98934
2.93251
2.88125
2.83115
2.78264
2.73466
2.68759
2.64091
2.59506
2.5494
2.50443
2.45955
2.41535
2.37127
2.32802
2.28501
2.24301
2.20143
2.16097
2.12103
2.08235
2.04418
2.00742
1.97126
1.93658
1.9029
1.87103
1.84072
1.81378
1.78952
1.77203
1.76333
1.76629
1.77854
1.81019
1.87609
1.99218
2.17607
2.46262
2.75793
2.99166
3.00572
2.98897
2.95005
2.87345
2.79274
2.71849
2.65495
2.6005
2.55134
2.50604
2.46335
2.42478
2.38805
2.35436
2.32025
2.29027
2.26283
6.32625
6.05827
5.65721
5.31071
5.00347
4.71726
4.44478
4.1857
3.94135
3.71005
3.49412
3.2926
3.10534
2.932
2.77178
2.62401
2.48789
2.36267
2.24739
2.14158
2.04427
1.95505
1.87372
1.79945
1.73712
1.68281
1.68374
1.69778
1.74482
1.87314
2.15559
2.74089
3.32721
3.56517
3.57146
3.55254
3.48818
3.37486
3.27144
3.1827
3.10443
3.03363
2.96793
2.90611
2.8484
2.79427
2.74428
2.69549
2.64851
2.60244
2.55757
2.51315
2.4696
2.42623
2.3836
2.34109
2.29933
2.25776
2.21707
2.17667
2.13728
2.09827
2.06035
2.02284
1.98652
1.95056
1.91591
1.88171
1.84887
1.81687
1.78635
1.75743
1.73101
1.70707
1.68929
1.6769
1.67867
1.68713
1.71077
1.7623
1.85882
2.02771
2.26879
2.56376
2.8212
2.87385
2.86228
2.82968
2.76766
2.69842
2.62876
2.56396
2.51099
2.46338
2.41948
2.3771
2.33912
2.30249
2.27136
2.24358
6.2805
6.11732
5.77532
5.41024
5.09324
4.80759
4.54017
4.28604
4.04478
3.81701
3.60269
3.40261
3.2155
3.04158
2.87994
2.73022
2.59167
2.4635
2.34524
2.23587
2.13529
2.04264
1.95821
1.88436
1.82133
1.80497
1.81595
1.85936
1.98078
2.25588
2.83074
3.47898
3.74258
3.73971
3.71363
3.63617
3.49633
3.37164
3.26759
3.17828
3.0995
3.02794
2.95951
2.89436
2.83206
2.77214
2.71623
2.6633
2.61399
2.56635
2.52065
2.47601
2.43274
2.39007
2.34843
2.30712
2.26672
2.22656
2.18729
2.14829
2.11023
2.07245
2.03567
1.99916
1.96369
1.92849
1.8944
1.86054
1.82793
1.7956
1.76459
1.73422
1.7052
1.67763
1.65185
1.6288
1.61019
1.59576
1.59551
1.60029
1.61718
1.65791
1.73785
1.88713
2.08386
2.37555
2.63888
2.74119
2.73259
2.70767
2.66857
2.60264
2.53819
2.47698
2.42551
2.37865
2.33687
2.29516
2.2604
2.22779
6.17698
6.09941
5.89483
5.52347
5.19015
4.89849
4.63179
4.38127
4.14427
3.91991
3.70864
3.50889
3.32228
3.14786
2.98533
2.834
2.69337
2.56287
2.44175
2.3297
2.22608
2.13106
2.04678
1.9739
1.94237
1.95112
1.99075
2.10659
2.37599
2.94394
3.66744
3.95734
3.95239
3.9176
3.8228
3.66122
3.51356
3.3892
3.28362
3.19048
3.10678
3.02915
2.95774
2.89084
2.82525
2.76188
2.70104
2.64256
2.58821
2.53695
2.48869
2.44226
2.39784
2.35452
2.31274
2.2717
2.23191
2.19262
2.15442
2.11662
2.07983
2.04334
2.00783
1.97253
1.93821
1.90407
1.8709
1.83789
1.80593
1.77411
1.74345
1.71299
1.68379
1.65503
1.62763
1.60133
1.57658
1.55442
1.53501
1.52045
1.51571
1.51896
1.53153
1.56302
1.6268
1.75171
1.91605
2.18808
2.45095
2.59703
2.60886
2.59579
2.56536
2.50581
2.44949
2.39394
2.34337
2.29743
2.26079
2.2223
6.04376
6.0288
5.91506
5.65579
5.30337
4.9958
4.7243
4.4747
4.24063
4.01909
3.80924
3.61231
3.4262
3.25179
3.0884
2.93577
2.79335
2.66064
2.53722
2.42277
2.31714
2.22255
2.14023
2.09447
2.10122
2.13752
2.24776
2.5133
3.07879
3.8871
4.20712
4.20058
4.15801
4.0437
3.86074
3.69162
3.54917
3.42648
3.31827
3.21982
3.12956
3.0452
2.96678
2.89254
2.82348
2.75846
2.69429
2.63268
2.57379
2.51726
2.46468
2.4152
2.36824
2.32299
2.27985
2.23791
2.19768
2.15833
2.12043
2.0832
2.04722
2.0117
1.97728
1.94314
1.90999
1.877
1.84495
1.81301
1.78199
1.75107
1.72114
1.69129
1.66253
1.63393
1.60649
1.57942
1.55365
1.52864
1.50522
1.48371
1.46438
1.44981
1.44107
1.44316
1.45215
1.4757
1.52573
1.62379
1.77051
2.00114
2.26396
2.44408
2.49055
2.48172
2.45733
2.41506
2.36401
2.31252
2.26941
2.22552
5.68726
5.92614
5.87885
5.72846
5.41902
5.0984
4.81887
4.56795
4.33556
4.11668
3.90861
3.71245
3.52756
3.3532
3.18934
3.03558
2.89159
2.75705
2.6318
2.51565
2.41092
2.31946
2.25998
2.26516
2.299
2.40679
2.67463
3.24734
4.14358
4.49093
4.48249
4.43119
4.29546
4.08913
3.8991
3.73783
3.59937
3.4758
3.36346
3.25912
3.16218
3.07103
2.9859
2.90545
2.83026
2.75874
2.69231
2.62921
2.56728
2.50764
2.45087
2.39658
2.34596
2.29791
2.25245
2.20857
2.16683
2.12641
2.08786
2.05035
2.01443
1.97924
1.94539
1.912
1.87974
1.84774
1.81673
1.78584
1.75588
1.72598
1.69698
1.66804
1.64005
1.61212
1.58524
1.55848
1.53282
1.50746
1.48327
1.45968
1.43758
1.41672
1.39804
1.38309
1.3715
1.37245
1.37828
1.39438
1.43313
1.50974
1.64093
1.82178
2.08129
2.28656
2.36938
2.36884
2.35605
2.32705
2.2854
2.23957
4.86133
5.71201
5.78074
5.71334
5.53812
5.21476
4.92114
4.66411
4.43065
4.21268
4.00715
3.8117
3.6269
3.45246
3.28797
3.13319
2.98797
2.8521
2.72595
2.6107
2.51102
2.43818
2.44193
2.47411
2.58129
2.85646
3.44377
4.42475
4.80574
4.79481
4.73338
4.57351
4.34328
4.13101
3.95153
3.7966
3.65891
3.53251
3.41542
3.30531
3.20225
3.10491
3.01373
2.92742
2.84648
2.76963
2.69766
2.62904
2.56529
2.50397
2.44449
2.38695
2.33225
2.28032
2.23184
2.18527
2.1413
2.09902
2.05901
2.02036
1.98366
1.94801
1.914
1.88071
1.84879
1.81733
1.787
1.75693
1.72785
1.6989
1.67086
1.64289
1.61581
1.5888
1.56272
1.53669
1.51167
1.48673
1.46283
1.43914
1.4165
1.39434
1.37344
1.35342
1.33554
1.31991
1.30784
1.30519
1.3084
1.32019
1.34926
1.41011
1.51792
1.66142
1.90139
2.12423
2.23769
2.26716
2.2617
2.2473
3.20578
5.19296
5.65744
5.64773
5.55848
5.35036
5.043
4.76945
4.52839
4.30821
4.10239
3.90776
3.72319
3.54871
3.3839
3.22867
3.08273
2.94685
2.82146
2.71409
2.62839
2.6309
2.66237
2.76932
3.04856
3.64147
4.72381
5.14728
5.13498
5.06248
4.87624
4.61969
4.38601
4.18729
4.01646
3.8637
3.7241
3.59364
3.47147
3.35588
3.24727
3.14437
3.04772
2.95604
2.86986
2.78793
2.71093
2.63766
2.56895
2.50344
2.44244
2.38286
2.32572
2.27039
2.2181
2.16841
2.1219
2.07732
2.03529
1.99489
1.95675
1.91993
1.88506
1.85118
1.81895
1.7874
1.75723
1.7275
1.69893
1.67061
1.64332
1.61618
1.58998
1.56388
1.53868
1.51355
1.48933
1.46516
1.44194
1.41874
1.39653
1.37441
1.35327
1.33247
1.31271
1.29372
1.27645
1.26069
1.24882
1.24196
1.24403
1.25245
1.27346
1.31989
1.40224
1.52901
1.72795
1.95702
2.10576
2.18816
2.27022
4.02306
5.33348
5.55686
5.52656
5.414
5.17287
4.8843
4.6299
4.40382
4.19611
4.00147
3.8175
3.6432
3.4782
3.32251
3.17747
3.04276
2.92732
2.83031
2.83222
2.86457
2.97364
3.26683
3.89438
5.06674
5.52231
5.50859
5.42037
5.20221
4.91848
4.66219
4.44491
4.25695
4.08948
3.93542
3.79214
3.65692
3.52963
3.40884
3.2951
3.18715
3.08556
2.98901
2.89812
2.81159
2.73011
2.65247
2.57941
2.50978
2.44426
2.38187
2.32345
2.26582
2.21098
2.15808
2.10865
2.06154
2.01724
1.97475
1.93476
1.89629
1.86003
1.82497
1.79183
1.7596
1.72899
1.69903
1.67046
1.64233
1.6154
1.58876
1.56318
1.5378
1.51338
1.48908
1.4657
1.44238
1.41994
1.39752
1.37598
1.35443
1.33377
1.31314
1.29342
1.2739
1.25533
1.2374
1.22074
1.20549
1.19342
1.18382
1.18488
1.19052
1.20441
1.23901
1.30388
1.41659
1.56695
1.86824
1.67122
2.59423
4.57255
5.35169
5.4501
5.40063
5.26903
5.0027
4.73665
4.50201
4.29066
4.09487
3.91081
3.73673
3.57228
3.41808
3.27419
3.15053
3.04461
3.04542
3.07804
3.19093
3.50214
4.17168
5.45241
5.93629
5.91877
5.80866
5.55217
5.23866
4.96034
4.72339
4.5186
4.33483
4.16633
4.00864
3.86063
3.72033
3.58798
3.46226
3.34376
3.23121
3.12516
3.02429
2.92917
2.83852
2.75301
2.67142
2.59449
2.52105
2.45181
2.38578
2.3234
2.26435
2.20793
2.1531
2.10102
2.05111
2.0045
1.95984
1.91786
1.87751
1.83956
1.80297
1.76849
1.73511
1.70357
1.67288
1.64379
1.61535
1.58831
1.56174
1.5364
1.51141
1.4875
1.46382
1.44112
1.41854
1.39686
1.37523
1.35444
1.33364
1.31366
1.29363
1.27444
1.25522
1.23688
1.21861
1.20128
1.18437
1.16853
1.15398
1.14146
1.13146
1.1298
1.1328
1.14347
1.17043
1.22501
1.34374
1.3535
1.85872
3.01643
4.83492
5.31664
5.33743
5.27541
5.12443
4.85805
4.60982
4.3902
4.19056
4.00508
3.83061
3.66703
3.51456
3.38286
3.26954
3.26841
3.30228
3.42346
3.75717
4.47916
5.88
6.38649
6.36295
6.22638
5.92467
5.58369
5.2809
5.02379
4.80025
4.60003
4.41529
4.24309
4.08057
3.92741
3.78203
3.64483
3.51453
3.39169
3.27498
3.16495
3.06019
2.96131
2.86698
2.77789
2.69279
2.61246
2.53565
2.46317
2.39384
2.32846
2.26598
2.20721
2.15128
2.09741
2.04543
1.99633
1.94958
1.90564
1.86341
1.82368
1.78542
1.74939
1.71459
1.68179
1.65001
1.62001
1.59084
1.56325
1.53633
1.51081
1.4858
1.46204
1.43864
1.41634
1.39428
1.37317
1.3522
1.33208
1.312
1.29272
1.27341
1.25488
1.2363
1.21851
1.20068
1.18367
1.16667
1.15058
1.13468
1.11985
1.1059
1.09339
1.08377
1.07864
1.08091
1.08951
1.11443
1.18787
1.47053
2.12897
3.6601
4.95599
5.24032
5.23192
5.15895
4.98987
4.73174
4.49688
4.2891
4.10005
3.92559
3.76361
3.62343
3.50366
3.50236
3.53899
3.67045
4.03546
4.83061
6.3522
6.8712
6.83892
6.67133
6.31611
5.9477
5.62205
5.34339
5.1011
4.88274
4.68176
4.49333
4.31629
4.14861
3.99045
3.84034
3.69876
3.56434
3.43764
3.31722
3.20362
3.09541
2.9932
2.89561
2.80338
2.71521
2.63188
2.55214
2.47682
2.40469
2.33663
2.27142
2.21005
2.15117
2.09618
2.04288
1.99214
1.94319
1.89739
1.85336
1.8119
1.77197
1.73435
1.69805
1.66386
1.6308
1.59966
1.56948
1.54104
1.51342
1.48737
1.46198
1.43799
1.41452
1.39228
1.37041
1.34961
1.32903
1.3094
1.28988
1.2712
1.25255
1.23469
1.2168
1.19968
1.1825
1.16608
1.1496
1.13391
1.11817
1.10328
1.08845
1.07462
1.06132
1.04925
1.03984
1.0324
1.03385
1.09829
1.24223
1.58231
2.38217
4.11653
4.99304
5.15485
5.13234
5.04561
4.85682
4.61207
4.3922
4.19778
4.02275
3.8735
3.74838
3.7469
3.78737
3.93111
4.33328
5.21277
6.83958
7.38148
7.33798
7.13759
6.72663
6.32948
5.98086
5.68151
5.41886
5.18227
4.96332
4.75878
4.56564
4.3837
4.21125
4.04866
3.89442
3.74903
3.611
3.48088
3.35715
3.24038
3.12909
3.02392
2.92345
2.82846
2.73759
2.65168
2.5694
2.49164
2.41712
2.34674
2.27926
2.21561
2.15459
2.09712
2.04218
1.99037
1.93998
1.89226
1.84659
1.80354
1.76204
1.72292
1.68516
1.64958
1.6152
1.58283
1.55152
1.52207
1.49355
1.46672
1.44069
1.41619
1.39233
1.36983
1.34783
1.32701
1.30655
1.28713
1.26793
1.24965
1.2315
1.21418
1.19691
1.18041
1.1639
1.14815
1.13232
1.11726
1.10207
1.0877
1.07312
1.05949
1.04561
1.03295
1.02026
1.00942
1.00075
1.05172
1.11985
1.29385
1.69295
2.58391
4.38584
4.98082
5.07013
5.03505
4.93698
4.73337
4.50523
4.30373
4.13678
4.00287
4.0012
4.04709
4.20693
4.65716
5.63363
7.41283
7.92853
7.86968
7.63349
7.16144
6.73005
6.35865
6.03762
5.7547
5.49789
5.26069
5.03815
4.82901
4.63116
4.44475
4.26817
4.10176
3.94399
3.79528
3.6541
3.52095
3.3943
3.2747
3.16067
3.05287
2.94987
2.85244
2.75922
2.67105
2.5866
2.50673
2.43018
2.35781
2.2884
2.22284
2.15993
2.10059
2.04366
1.99003
1.93869
1.88968
1.8424
1.79789
1.75496
1.71446
1.67534
1.63847
1.60283
1.56928
1.53684
1.50635
1.47685
1.44915
1.42232
1.39711
1.37265
1.34965
1.32726
1.30616
1.28553
1.26604
1.24691
1.22879
1.21091
1.19394
1.17711
1.16112
1.14519
1.13004
1.11486
1.10046
1.0859
1.07221
1.05816
1.0452
1.03152
1.01948
1.00609
0.995726
0.983717
1.02738
1.06149
1.15539
1.36464
1.88227
3.05331
4.51949
4.93768
4.98526
4.94218
4.83645
4.625
4.43074
4.27279
4.26724
4.32042
4.501
5.01448
6.12209
8.04661
8.52765
8.44792
8.16619
7.63446
7.15849
6.75727
6.41373
6.10904
5.83186
5.57423
5.3332
5.10593
4.89214
4.69001
4.49974
4.31962
4.14996
3.98912
3.83749
3.6935
3.55763
3.42833
3.30617
3.18967
3.07951
2.97425
2.87468
2.77942
2.6893
2.60299
2.52134
2.44304
2.369
2.29794
2.23078
2.16628
2.10537
2.04683
1.99162
1.93852
1.88864
1.8401
1.7943
1.75009
1.70836
1.66804
1.63
1.59324
1.55861
1.52513
1.49364
1.46319
1.4346
1.40692
1.38094
1.35575
1.33211
1.30915
1.28758
1.26658
1.24681
1.22751
1.20931
1.19147
1.17463
1.15805
1.14237
1.12685
1.11217
1.09752
1.0837
1.06976
1.05671
1.0433
1.03101
1.01792
1.00654
0.99351
0.983738
0.971499
1.01325
1.03325
1.07701
1.18901
1.4523
2.07265
3.46079
4.58317
4.88146
4.90435
4.86487
4.76574
4.57712
4.55087
4.61075
4.82388
5.41377
6.68999
8.73865
9.16143
9.05803
8.72658
8.13562
7.61619
7.18152
6.81158
6.48443
6.18498
5.90658
5.64482
5.3989
5.16688
4.94883
4.7429
4.54923
4.36599
4.19342
4.02978
3.87549
3.72891
3.59055
3.45884
3.33439
3.21568
3.10344
2.9962
2.89477
2.79774
2.70595
2.61802
2.53485
2.45508
2.37963
2.30718
2.23868
2.17286
2.11064
2.0508
1.99427
1.93985
1.88851
1.83906
1.79214
1.74686
1.70407
1.6627
1.62366
1.58591
1.55034
1.51593
1.48356
1.45223
1.42279
1.39429
1.36753
1.34161
1.31729
1.29371
1.27158
1.25009
1.22992
1.21029
1.19186
1.17387
1.15697
1.14042
1.12486
1.10955
1.09516
1.08089
1.06751
1.05408
1.04157
1.02877
1.01709
1.00467
0.993904
0.981578
0.972324
0.960724
1.00704
1.01602
1.04005
1.09195
1.22634
1.53272
2.24086
3.75967
4.60972
4.82655
4.84915
4.83492
4.83911
4.91186
5.1746
5.87178
7.36287
9.47982
9.80789
9.68195
9.30493
8.6549
8.09767
7.62966
7.23247
6.8802
6.55781
6.25649
5.97367
5.70696
5.45642
5.22028
4.99862
4.78946
4.59283
4.4068
4.23158
4.0654
3.90868
3.75975
3.61915
3.48529
3.35881
3.23817
3.12412
3.01518
2.91216
2.81362
2.72042
2.63116
2.5467
2.4657
2.38907
2.31549
2.24589
2.17898
2.11569
2.05479
1.99719
1.94172
1.88925
1.83877
1.79096
1.74471
1.701
1.65876
1.61891
1.58037
1.54403
1.50884
1.47568
1.44357
1.41336
1.38411
1.35663
1.33002
1.30504
1.28085
1.25815
1.23614
1.2155
1.19547
1.17669
1.15844
1.14134
1.12467
1.10907
1.0938
1.07952
1.06546
1.05234
1.03928
1.02718
1.01489
1.0037
0.99192
0.981695
0.97012
0.961345
0.950588
1.00357
1.00784
1.01996
1.04466
1.11115
1.25767
1.61079
2.37649
3.95704
4.62525
4.81421
4.90175
5.08644
5.49678
6.39733
8.25223
10.3194
10.4925
10.3369
9.90226
9.19642
8.5966
8.09837
7.67425
7.2969
6.94926
6.6245
6.31858
6.03113
5.76033
5.50629
5.26701
5.04244
4.83046
4.63111
4.44246
4.26475
4.09619
3.93722
3.78615
3.64355
3.50779
3.37954
3.25723
3.14162
3.0312
2.9268
2.82696
2.73254
2.64215
2.55665
2.47468
2.39712
2.32264
2.25217
2.1844
2.12028
2.05854
2.00011
1.94379
1.8905
1.83907
1.79042
1.74336
1.69889
1.65595
1.61544
1.57624
1.53926
1.50341
1.46961
1.43686
1.40604
1.37618
1.34812
1.32093
1.29541
1.27068
1.24748
1.22497
1.20388
1.18342
1.16426
1.14567
1.12829
1.1114
1.09563
1.08028
1.06597
1.05197
1.03897
1.02612
1.01426
1.00234
0.99152
0.980254
0.970467
0.959569
0.951207
0.941282
1.00172
1.00391
1.00978
1.0217
1.05503
1.12386
1.3046
1.69911
2.5856
4.10919
4.70746
5.02112
5.61143
6.82381
9.25258
11.2955
11.2804
11.0717
10.5587
9.78549
9.13335
8.59917
8.14436
7.73669
7.36057
7.00834
6.67795
6.36712
6.07578
5.80183
5.54509
5.30331
5.07633
4.86204
4.66047
4.46965
4.28985
4.1193
3.95849
3.8057
3.66151
3.52428
3.39467
3.27111
3.15434
3.04286
2.93747
2.83671
2.74143
2.65021
2.56394
2.48121
2.40295
2.3278
2.25668
2.18828
2.12354
2.06119
2.00215
1.94518
1.89126
1.83917
1.78996
1.74241
1.69746
1.65388
1.61268
1.57277
1.53512
1.49867
1.46435
1.43112
1.39984
1.36955
1.34107
1.31346
1.28754
1.2624
1.23882
1.21593
1.19449
1.17367
1.1542
1.13529
1.11765
1.10052
1.08456
1.06906
1.05466
1.04063
1.02763
1.01488
1.00315
0.991464
0.98089
0.970014
0.960553
0.950215
0.942187
0.932994
1.00083
1.0021
1.00461
1.0117
1.02609
1.06494
1.14997
1.36276
1.84485
2.93438
4.37901
5.26702
6.88923
10.0955
12.2669
12.2231
11.9187
11.227
10.3849
9.69416
9.12884
8.64072
8.19961
7.79031
7.40873
7.0516
6.7183
6.40598
6.11369
5.83871
5.58057
5.33697
5.10789
4.89128
4.68737
4.4943
4.31243
4.13998
3.97744
3.82308
3.67746
3.53892
3.40811
3.28344
3.16565
3.05321
2.94694
2.84535
2.74932
2.65738
2.57044
2.48709
2.40823
2.33252
2.26087
2.19197
2.12675
2.06392
2.00446
1.9471
1.89281
1.84034
1.79069
1.74267
1.69724
1.65319
1.61153
1.57114
1.53303
1.4961
1.46133
1.42764
1.39596
1.36526
1.33641
1.30844
1.28216
1.25665
1.23273
1.20951
1.18775
1.16663
1.14688
1.12772
1.10984
1.09249
1.07635
1.06069
1.04615
1.03203
1.01898
1.00623
0.994536
0.982966
0.972515
0.96189
0.952631
0.9427
0.934901
0.926279
1.00047
1.00107
1.00258
1.0061
1.01424
1.0346
1.08034
1.19492
1.46208
2.09096
3.50307
5.705
10.2573
13.3284
13.2742
12.8997
12.0594
11.102
10.3384
9.72333
9.1888
8.69744
8.24319
7.8225
7.43354
7.07253
6.73735
6.42404
6.13095
5.85504
5.59574
5.35083
5.12033
4.90235
4.69714
4.5029
4.32001
4.14671
3.98343
3.82845
3.68229
3.54327
3.41204
3.28698
3.16884
3.05607
2.94949
2.84761
2.75129
2.65909
2.57188
2.48828
2.40919
2.33325
2.26139
2.19228
2.12687
2.06386
2.0042
1.94663
1.89211
1.83941
1.78952
1.74122
1.69554
1.65129
1.60945
1.5689
1.53062
1.49351
1.45854
1.42464
1.39273
1.36181
1.33274
1.30456
1.27809
1.25241
1.22832
1.20493
1.18302
1.16174
1.14184
1.12253
1.1045
1.08702
1.07074
1.05497
1.04033
1.02614
1.01303
1.00027
0.988579
0.977071
0.966686
0.95622
0.947081
0.937428
0.929768
0.921567
1.00031
1.00077
1.00172
1.00437
1.00971
1.0249
1.0562
1.14221
1.34169
1.8751
3.24669
6.62774
13.5753
13.8209
13.4668
12.6772
11.8279
11.1021
10.4495
9.83095
9.25555
8.73507
8.26519
7.83812
7.44767
7.08711
6.75252
6.43946
6.14614
5.86969
5.60959
5.36373
5.13218
4.91312
4.70682
4.51156
4.32769
4.15351
3.98943
3.83375
3.68695
3.54739
3.41566
3.29017
3.17163
3.05852
2.95163
2.84947
2.7529
2.66046
2.57305
2.48925
2.40998
2.33387
2.26185
2.19259
2.12703
2.06387
2.00407
1.94636
1.8917
1.83887
1.78884
1.74042
1.69461
1.65023
1.60828
1.56763
1.52925
1.49203
1.45695
1.42293
1.3909
1.35986
1.33067
1.30237
1.2758
1.25001
1.22583
1.20235
1.18036
1.15901
1.13905
1.11967
1.10158
1.08404
1.06772
1.05189
1.03722
1.02299
1.00986
0.997092
0.985398
0.973918
0.963558
0.95317
0.944082
0.934575
0.926973
0.919023
)
;

boundaryField
{
    inlet
    {
        type            fixedValue;
        value           uniform 1;
    }
    outlet
    {
        type            waveTransmissive;
        gamma           1.4;
        fieldInf        1;
        lInf            3;
        value           nonuniform List<scalar> 
40
(
2.40099
2.39608
2.39177
2.38714
2.38226
2.37679
2.37146
2.36555
2.35935
2.35254
2.34518
2.33708
2.32795
2.31777
2.3071
2.29676
2.28639
2.2739
2.25728
2.23813
2.22294
2.21831
2.22224
2.23712
2.24201
2.17257
1.82102
1.31853
1.10505
1.0307
0.999328
0.982879
0.97082
0.96009
0.949971
0.940676
0.932396
0.925689
0.920983
0.918442
)
;
    }
    bottom
    {
        type            symmetryPlane;
    }
    top
    {
        type            symmetryPlane;
    }
    obstacle
    {
        type            zeroGradient;
    }
    defaultFaces
    {
        type            empty;
    }
}


// ************************************************************************* //
