/*--------------------------------*- C++ -*----------------------------------*\
  =========                 |
  \\      /  F ield         | OpenFOAM: The Open Source CFD Toolbox
   \\    /   O peration     | Website:  https://openfoam.org
    \\  /    A nd           | Version:  10
     \\/     M anipulation  |
\*---------------------------------------------------------------------------*/
FoamFile
{
    format      ascii;
    class       volScalarField;
    location    "2";
    object      rho;
}
// * * * * * * * * * * * * * * * * * * * * * * * * * * * * * * * * * * * * * //

dimensions      [1 -3 0 0 0 0 0];

internalField   nonuniform List<scalar> 
5250
(
1.40001
1.40002
1.40005
1.4001
1.40029
1.40061
1.40176
1.40373
1.41055
1.42294
1.45985
1.53364
1.70498
2.04713
3.17442
6.22283
5.87859
5.6756
5.69162
5.78747
5.87973
5.94106
5.98542
6.01012
5.97343
1.40001
1.40002
1.40004
1.40011
1.40027
1.40064
1.40167
1.40386
1.41012
1.42324
1.45853
1.53324
1.7015
2.04176
3.15026
6.19781
5.87219
5.67239
5.68888
5.78482
5.87695
5.93853
5.98394
6.00949
5.97377
1.40001
1.40002
1.40004
1.40011
1.40027
1.40063
1.40164
1.40375
1.40996
1.42266
1.4575
1.53044
1.69609
2.02994
3.0997
6.14178
5.85668
5.66295
5.67899
5.77271
5.86257
5.92331
5.9699
5.99444
5.95834
1.40001
1.40002
1.40005
1.4001
1.40027
1.40058
1.40164
1.40357
1.40972
1.42191
1.45578
1.52654
1.68796
2.01273
3.02601
6.05247
5.82994
5.64842
5.66237
5.74973
5.83766
5.89785
5.94225
5.9676
5.93262
1.40001
1.40002
1.40004
1.4001
1.40024
1.40061
1.40146
1.40361
1.409
1.42149
1.45282
1.5225
1.67651
1.99118
2.9336
5.92598
5.78873
5.63101
5.64045
5.71748
5.80097
5.8573
5.89822
5.92241
5.89339
1.40001
1.40002
1.40004
1.4001
1.40023
1.40059
1.40134
1.40361
1.40799
1.42153
1.44831
1.51856
1.66204
1.9658
2.82628
5.75737
5.72535
5.61366
5.61563
5.67231
5.75176
5.80801
5.84813
5.86722
5.83339
1.40001
1.40002
1.40003
1.4001
1.4002
1.40056
1.40126
1.4033
1.40773
1.41958
1.44625
1.51048
1.64789
1.93528
2.70891
5.52946
5.66357
5.59623
5.58779
5.6164
5.68703
5.7333
5.77264
5.79317
5.7598
1.40001
1.40001
1.40004
1.40008
1.40022
1.40045
1.4013
1.40274
1.40775
1.41688
1.44462
1.49988
1.63305
1.90113
2.58686
5.2309
5.62536
5.56948
5.5381
5.55714
5.61069
5.65316
5.67311
5.68166
5.65309
1.40001
1.40001
1.40003
1.40008
1.40017
1.40048
1.401
1.40291
1.40607
1.41715
1.43746
1.49496
1.60952
1.86399
2.45914
4.86058
5.5983
5.5455
5.47977
5.48969
5.52236
5.54729
5.54988
5.53065
5.4776
1.40001
1.40001
1.40003
1.40006
1.40017
1.40037
1.40104
1.40219
1.40625
1.4134
1.43633
1.4805
1.5922
1.81534
2.33155
4.41294
5.58495
5.52443
5.41119
5.40988
5.41779
5.41501
5.38954
5.32062
5.19417
1.40001
1.40001
1.40002
1.40006
1.40013
1.40037
1.40076
1.40222
1.40463
1.41314
1.42859
1.47376
1.56383
1.76848
2.2021
3.89085
5.59142
5.52093
5.35819
5.32706
5.31351
5.27818
5.18361
4.95922
4.26277
1.40001
1.40001
1.40002
1.40005
1.40013
1.40026
1.40075
1.40158
1.40449
1.40971
1.42626
1.45862
1.54259
1.71177
2.08091
3.30309
5.57667
5.50402
5.32484
5.24865
5.20739
5.12995
4.96917
4.64531
3.9074
1.40001
1.40001
1.40002
1.40005
1.40009
1.40026
1.40053
1.40151
1.40326
1.40895
1.41985
1.45147
1.5151
1.66547
1.96708
2.80936
5.42917
5.42664
5.31187
5.18435
5.10791
4.9946
4.78357
4.44396
3.84032
1.40001
1.40001
1.40002
1.40003
1.40009
1.40019
1.40052
1.40108
1.40312
1.40649
1.41837
1.4398
1.50073
1.62121
1.88732
2.52756
4.97067
5.31101
5.24876
5.10668
5.00395
4.86979
4.64335
4.32793
3.86459
1.40001
1.40001
1.40002
1.40003
1.40007
1.40015
1.40041
1.40093
1.40239
1.40573
1.41414
1.4343
1.48135
1.58684
1.8096
2.3075
4.29988
5.21518
5.17868
5.05563
4.91578
4.77502
4.54701
4.25232
3.87738
1.40001
1.40001
1.40001
1.40002
1.40006
1.40012
1.40033
1.40073
1.40194
1.40445
1.41146
1.4269
1.46591
1.55073
1.7362
2.12178
3.57593
5.17478
5.14351
5.02973
4.84203
4.69008
4.48049
4.20272
3.87833
1.40001
1.40001
1.40001
1.40002
1.40005
1.40009
1.40026
1.40056
1.40148
1.40342
1.40872
1.42057
1.45048
1.51639
1.66347
1.95528
2.77671
5.06623
5.11818
5.03194
4.8198
4.62655
4.43115
4.17751
3.88226
1.40001
1.40001
1.40001
1.40002
1.40004
1.40007
1.4002
1.40042
1.40118
1.40253
1.40698
1.41535
1.44021
1.49007
1.61105
1.85203
2.4296
4.60027
5.0253
4.96639
4.79972
4.58109
4.38178
4.15332
3.88545
1.40001
1.40001
1.40001
1.40001
1.40003
1.40006
1.40015
1.40033
1.4009
1.4019
1.40539
1.41148
1.43121
1.46884
1.56588
1.7584
2.17589
3.8074
4.92557
4.89714
4.78874
4.55858
4.35194
4.13826
3.89555
1.40001
1.40001
1.40001
1.40001
1.40002
1.40005
1.40011
1.40025
1.40064
1.40144
1.40387
1.40852
1.42278
1.45079
1.52392
1.67166
1.97754
2.90886
4.78252
4.85557
4.77865
4.58254
4.34454
4.13078
3.90608
1.40001
1.40001
1.40001
1.40001
1.40002
1.40004
1.40008
1.40019
1.40042
1.40117
1.40247
1.40695
1.41483
1.43976
1.4873
1.60667
1.83501
2.38581
4.34199
4.7965
4.7457
4.60113
4.35816
4.13632
3.9217
1.40001
1.40001
1.40001
1.40001
1.40001
1.40003
1.40006
1.40014
1.40031
1.40083
1.40177
1.40498
1.41059
1.4288
1.46328
1.55319
1.7303
2.10264
3.51648
4.70039
4.68173
4.59575
4.39183
4.15868
3.94546
1.40001
1.40001
1.40001
1.40001
1.40001
1.40002
1.40004
1.40009
1.40023
1.40054
1.40129
1.40328
1.40751
1.41939
1.44401
1.50646
1.63509
1.88597
2.5525
4.47284
4.66983
4.60333
4.43198
4.19187
3.96982
1.40001
1.40001
1.40001
1.40001
1.40001
1.40002
1.40003
1.40007
1.40015
1.40039
1.40085
1.40236
1.40501
1.41387
1.43006
1.47653
1.56849
1.77151
2.19118
3.81439
4.59475
4.56734
4.46513
4.24101
4.01024
1.40001
1.40001
1.40001
1.40001
1.40001
1.40001
1.40002
1.40004
1.40011
1.40025
1.40062
1.40151
1.40355
1.40906
1.4207
1.45205
1.51696
1.66556
1.94211
2.84187
4.39175
4.52886
4.47252
4.31326
4.06454
1.40001
1.40001
1.40001
1.40001
1.40001
1.40001
1.40002
1.40003
1.40007
1.40018
1.40039
1.40105
1.40225
1.40623
1.4133
1.4355
1.47775
1.58478
1.78254
2.244
3.86528
4.4708
4.44518
4.35062
4.13569
1.40001
1.40001
1.40001
1.40001
1.40001
1.40001
1.40001
1.40002
1.40005
1.40011
1.40027
1.40065
1.40153
1.40395
1.40889
1.42308
1.45189
1.52461
1.67086
1.95678
2.92236
4.28083
4.40838
4.36003
4.22524
1.40001
1.40001
1.40001
1.40001
1.40001
1.40001
1.40001
1.40002
1.40004
1.40007
1.40019
1.40039
1.40106
1.40233
1.4061
1.41389
1.4348
1.47941
1.58316
1.77777
2.23299
3.79565
4.35527
4.33539
4.25763
1.40001
1.40001
1.40001
1.40001
1.40001
1.40001
1.40001
1.40001
1.40002
1.40005
1.4001
1.40028
1.40059
1.40163
1.40352
1.40944
1.42087
1.45293
1.51737
1.66442
1.93036
2.83272
4.1495
4.31034
4.2689
1.40001
1.40001
1.40001
1.40001
1.40001
1.40001
1.40001
1.40001
1.40002
1.40003
1.40007
1.40018
1.40037
1.40103
1.40214
1.40597
1.41262
1.43374
1.47334
1.57418
1.75358
2.17482
3.62342
4.24376
4.23896
1.40001
1.40001
1.40001
1.40001
1.40001
1.40001
1.40001
1.40001
1.40001
1.40002
1.40005
1.4001
1.40025
1.40058
1.40139
1.40346
1.40794
1.42019
1.44558
1.50915
1.63627
1.87507
2.60685
3.99463
4.21898
1.40001
1.40001
1.40001
1.40001
1.40001
1.40001
1.40001
1.40001
1.40001
1.40001
1.40003
1.40006
1.40016
1.40033
1.40091
1.40192
1.40522
1.41135
1.42943
1.46548
1.55427
1.71929
2.07997
3.35767
4.11461
1.40001
1.40001
1.40001
1.40001
1.40001
1.40001
1.40001
1.40001
1.40001
1.40001
1.40002
1.40004
1.40009
1.40022
1.40049
1.40121
1.40293
1.40682
1.41702
1.43878
1.49252
1.60159
1.7992
2.31493
3.8032
1.40001
1.40001
1.40001
1.40001
1.40001
1.40001
1.40001
1.40001
1.40001
1.40001
1.40001
1.40003
1.40005
1.40014
1.40028
1.40076
1.40163
1.4043
1.40959
1.42432
1.45502
1.52942
1.67411
1.96427
2.98797
1.40001
1.40001
1.40001
1.40001
1.40001
1.40001
1.40001
1.40001
1.40001
1.40001
1.40001
1.40002
1.40004
1.40008
1.40017
1.40042
1.40096
1.40251
1.40539
1.41446
1.43111
1.47801
1.568
1.74358
2.15512
1.40001
1.40001
1.40001
1.40001
1.40001
1.40001
1.40001
1.40001
1.40001
1.40001
1.40001
1.40001
1.40002
1.40004
1.40011
1.40022
1.4006
1.40128
1.40337
1.40751
1.41896
1.44298
1.50171
1.61786
1.83122
1.40001
1.40001
1.40001
1.40001
1.40001
1.40001
1.40001
1.40001
1.40001
1.40001
1.40001
1.40001
1.40001
1.40003
1.40006
1.40013
1.40033
1.40073
1.40194
1.40413
1.41116
1.42374
1.46095
1.53044
1.68278
1.40001
1.40001
1.40001
1.40001
1.40001
1.40001
1.40001
1.40001
1.40001
1.40001
1.40001
1.40001
1.40001
1.40002
1.40003
1.40008
1.40017
1.40045
1.40095
1.40258
1.40545
1.41453
1.43135
1.47788
1.56609
1.40001
1.40001
1.40001
1.40001
1.40001
1.40001
1.40001
1.40001
1.40001
1.40001
1.40001
1.40001
1.40001
1.40001
1.40002
1.40004
1.40011
1.40023
1.40057
1.4013
1.40315
1.40761
1.41761
1.44268
1.49561
1.40001
1.40001
1.40001
1.40001
1.40001
1.40001
1.40001
1.40001
1.40001
1.40001
1.40001
1.40001
1.40001
1.40001
1.40001
1.40003
1.40006
1.40012
1.40033
1.40068
1.40182
1.40391
1.41017
1.42256
1.45544
1.40001
1.40001
1.40001
1.40001
1.40001
1.40001
1.40001
1.40001
1.40001
1.40001
1.40001
1.40001
1.40001
1.40001
1.40001
1.40002
1.40003
1.40007
1.40017
1.40038
1.40096
1.40207
1.40554
1.41163
1.43081
1.40001
1.40001
1.40001
1.40001
1.40001
1.40001
1.40001
1.40001
1.40001
1.40001
1.40001
1.40001
1.40001
1.40001
1.40001
1.40001
1.40002
1.40004
1.40008
1.40022
1.40046
1.40118
1.40268
1.40647
1.41537
1.40001
1.40001
1.40001
1.40001
1.40001
1.40001
1.40001
1.40001
1.40001
1.40001
1.40001
1.40001
1.40001
1.40001
1.40001
1.40001
1.40001
1.40002
1.40005
1.40012
1.40024
1.40064
1.40134
1.40356
1.40771
1.40001
1.40001
1.40001
1.40001
1.40001
1.40001
1.40001
1.40001
1.40001
1.40001
1.40001
1.40001
1.40001
1.40001
1.40001
1.40001
1.40001
1.40001
1.40003
1.40006
1.40014
1.4003
1.40076
1.40174
1.40416
1.40001
1.40001
1.40001
1.40001
1.40001
1.40001
1.40001
1.40001
1.40001
1.40001
1.40001
1.40001
1.40001
1.40001
1.40001
1.40001
1.40001
1.40001
1.40002
1.40003
1.40007
1.40017
1.40036
1.40095
1.402
1.40001
1.40001
1.40001
1.40001
1.40001
1.40001
1.40001
1.40001
1.40001
1.40001
1.40001
1.40001
1.40001
1.40001
1.40001
1.40001
1.40001
1.40001
1.40001
1.40002
1.40004
1.40009
1.40018
1.40048
1.40102
1.40001
1.40001
1.40001
1.40001
1.40001
1.40001
1.40001
1.40001
1.40001
1.40001
1.40001
1.40001
1.40001
1.40001
1.40001
1.40001
1.40001
1.40001
1.40001
1.40001
1.40002
1.40005
1.4001
1.40024
1.4005
1.40001
1.40001
1.40001
1.40001
1.40001
1.40001
1.40001
1.40001
1.40001
1.40001
1.40001
1.40001
1.40001
1.40001
1.40001
1.40001
1.40001
1.40001
1.40001
1.40001
1.40001
1.40002
1.40006
1.40011
1.40028
1.40001
1.40001
1.40001
1.40001
1.40001
1.40001
1.40001
1.40001
1.40001
1.40001
1.40001
1.40001
1.40001
1.40001
1.40001
1.40001
1.40001
1.40001
1.40001
1.40001
1.40001
1.40002
1.40003
1.40007
1.40015
1.40001
1.40001
1.40001
1.40001
1.40001
1.40001
1.40001
1.40001
1.40001
1.40001
1.40001
1.40001
1.40001
1.40001
1.40001
1.40001
1.40001
1.40001
1.40001
1.40001
1.40001
1.40001
1.40002
1.40004
1.40011
1.84519
1.00264
0.693372
0.620882
0.620619
0.65369
0.742172
0.813125
0.833735
0.83299
0.830135
0.826373
0.8264
0.827458
0.830065
0.833077
0.834451
0.834645
0.834578
0.834031
0.832843
0.832074
0.831677
0.831355
0.830957
0.830446
0.829804
0.829009
0.82804
0.826894
0.825566
0.824071
0.822344
0.820492
0.818355
0.816086
0.813843
0.811359
0.811076
0.810984
0.812651
0.817228
0.829269
0.858455
0.925614
1.0785
1.45592
1.89174
1.87609
1.90462
1.96482
2.02158
2.06053
2.08762
2.102
2.11039
2.10746
2.09417
2.08075
2.06461
2.0493
2.031
2.01328
1.99351
1.97384
1.95294
1.93218
1.91016
1.88853
1.86609
1.84375
1.82099
1.79836
1.7753
1.75277
1.72959
1.70754
1.68447
1.66307
1.64014
1.61947
1.59683
1.57681
1.55441
1.53494
1.51282
1.49382
1.47243
1.4541
1.43343
1.41556
1.39562
1.37823
1.35904
1.34227
1.32386
1.30795
1.29074
1.2772
1.26365
2.30039
1.49445
1.14076
0.994557
0.934483
0.891035
0.882104
0.886179
0.896011
0.919094
0.942519
0.949869
0.949626
0.948342
0.945148
0.943422
0.943506
0.943768
0.944205
0.944268
0.944118
0.943569
0.942036
0.940149
0.938413
0.936922
0.935463
0.934077
0.932499
0.930905
0.9291
0.927274
0.925204
0.923312
0.920892
0.919012
0.916568
0.914699
0.914894
0.915598
0.917972
0.923478
0.936662
0.967179
1.03643
1.18917
1.52739
2.16792
2.24833
2.23925
2.25116
2.29474
2.33823
2.37742
2.39958
2.41466
2.42156
2.41496
2.39542
2.3753
2.35485
2.33355
2.31142
2.2885
2.26513
2.24136
2.21732
2.19319
2.16842
2.14421
2.11867
2.09462
2.069
2.04522
2.02016
1.99661
1.97237
1.94914
1.92569
1.90277
1.88014
1.85796
1.83601
1.81418
1.79272
1.77119
1.75008
1.72859
1.70755
1.68617
1.66525
1.64402
1.62322
1.60215
1.58156
1.5607
1.5407
1.52041
1.5031
1.4842
2.82997
2.09838
1.62779
1.32865
1.13651
1.01675
0.940931
0.93141
0.935071
0.944938
0.970436
0.993703
1.00954
1.01587
1.01598
1.01532
1.01367
1.01195
1.01124
1.0108
1.01035
1.00961
1.00859
1.00698
1.00547
1.00342
1.00174
0.999504
0.997686
0.995418
0.993381
0.991148
0.988742
0.986606
0.983892
0.981783
0.979208
0.977835
0.978107
0.979245
0.982415
0.9897
1.00595
1.04139
1.11359
1.27025
1.58176
2.15742
2.59045
2.6514
2.64866
2.62154
2.6
2.59567
2.59247
2.5898
2.58808
2.5816
2.56805
2.54859
2.52595
2.50281
2.4784
2.45408
2.42793
2.40226
2.37525
2.34883
2.32218
2.29521
2.26904
2.24157
2.21557
2.18819
2.16286
2.13609
2.11187
2.08608
2.06288
2.03791
2.01543
1.99069
1.96892
1.94474
1.92362
1.8999
1.87917
1.85582
1.83538
1.81241
1.79224
1.76958
1.74966
1.72719
1.70757
1.68524
1.66622
1.64432
1.6274
1.60812
3.14244
2.48873
1.9934
1.64169
1.40367
1.2404
1.1384
1.07229
1.03279
1.02041
1.02219
1.02714
1.04067
1.05624
1.06819
1.07237
1.07235
1.07145
1.06919
1.06601
1.06387
1.06241
1.06129
1.06006
1.05856
1.05656
1.05441
1.05197
1.04961
1.04724
1.04481
1.04253
1.04008
1.0377
1.03532
1.03304
1.03069
1.03118
1.03184
1.03412
1.03954
1.05178
1.07856
1.13115
1.24682
1.48984
1.75733
2.0227
2.31818
2.60541
2.75241
2.77463
2.77446
2.75724
2.72288
2.70384
2.69002
2.67922
2.66499
2.6493
2.63035
2.61001
2.58743
2.5629
2.53791
2.51031
2.48409
2.45494
2.42926
2.39951
2.37375
2.34359
2.31762
2.28764
2.26204
2.2329
2.20784
2.1791
2.15443
2.12623
2.10206
2.07458
2.05106
2.02431
2.00152
1.97536
1.95347
1.92788
1.90698
1.88192
1.86195
1.83734
1.81825
1.79407
1.77573
1.75204
1.73443
1.71159
1.69554
1.67693
3.33298
2.77722
2.30527
1.93766
1.66591
1.46431
1.3172
1.21042
1.13463
1.08581
1.05761
1.05676
1.05843
1.06273
1.07492
1.08607
1.09474
1.09962
1.09975
1.09938
1.09826
1.09605
1.09362
1.09187
1.08992
1.08838
1.08625
1.08441
1.08198
1.07966
1.07719
1.07468
1.07228
1.06983
1.06756
1.0652
1.06487
1.06536
1.06719
1.07165
1.082
1.10505
1.15117
1.24992
1.46674
1.72279
1.88021
1.99745
2.12455
2.28353
2.48614
2.67357
2.78906
2.828
2.82561
2.81263
2.78165
2.75156
2.72954
2.70589
2.68594
2.66548
2.64657
2.6241
2.60272
2.57568
2.55079
2.52055
2.49434
2.46331
2.43687
2.40583
2.37959
2.34887
2.32254
2.29186
2.26568
2.23528
2.20947
2.17958
2.15432
2.12504
2.10045
2.0719
2.04819
2.02042
1.99786
1.97084
1.94955
1.92324
1.90311
1.87753
1.85837
1.83354
1.81522
1.79116
1.77363
1.75068
1.73413
1.71583
3.4489
2.98518
2.56018
2.20211
1.91541
1.69108
1.51715
1.38409
1.28356
1.21023
1.15734
1.12146
1.10192
1.09958
1.10084
1.10404
1.1132
1.12249
1.13044
1.13419
1.13424
1.13366
1.13235
1.12883
1.12574
1.12248
1.12026
1.11788
1.11586
1.11346
1.11067
1.10795
1.10496
1.10225
1.09953
1.09835
1.09869
1.1002
1.10415
1.11356
1.13478
1.17907
1.26666
1.4714
1.7487
1.90404
1.97577
2.01515
2.06429
2.12935
2.21209
2.32405
2.49104
2.66614
2.79233
2.85213
2.85208
2.83872
2.80605
2.76343
2.73177
2.70124
2.67927
2.65723
2.63931
2.61498
2.59284
2.56377
2.53667
2.50401
2.47647
2.44464
2.41766
2.38642
2.36001
2.32927
2.30313
2.27249
2.24641
2.21595
2.19027
2.16031
2.13531
2.10605
2.08193
2.05346
2.03045
2.0028
1.98111
1.95425
1.93383
1.90779
1.88849
1.86331
1.84494
1.82062
1.80298
1.77996
1.76299
1.74428
3.52644
3.13644
2.76109
2.42508
2.1405
1.90486
1.71478
1.56114
1.43934
1.34203
1.26548
1.20954
1.1668
1.14091
1.12617
1.1261
1.12714
1.1296
1.13687
1.14338
1.14904
1.15123
1.15119
1.15061
1.14901
1.14635
1.14309
1.14024
1.13771
1.13522
1.13329
1.13073
1.1283
1.1258
1.12389
1.12407
1.1253
1.12874
1.13714
1.15646
1.1975
1.27618
1.46702
1.76128
1.93728
2.0079
2.03061
2.0404
2.05314
2.06359
2.08629
2.12793
2.19902
2.30643
2.46931
2.65019
2.78729
2.85451
2.85196
2.83497
2.79487
2.74214
2.70496
2.67189
2.64788
2.62401
2.6062
2.58346
2.56034
2.52983
2.50271
2.46987
2.4419
2.40984
2.38309
2.35189
2.32561
2.29485
2.26909
2.23876
2.21336
2.18323
2.15825
2.12863
2.10454
2.07566
2.0526
2.02442
2.00253
1.97521
1.95455
1.92815
1.90857
1.88308
1.8644
1.83987
1.82188
1.79892
1.78157
1.7625
3.57858
3.24475
2.91319
2.60454
2.33137
2.09571
1.89732
1.73159
1.59463
1.48287
1.39166
1.31844
1.26037
1.21695
1.18388
1.1642
1.15221
1.15137
1.15211
1.15372
1.15957
1.16501
1.17044
1.17272
1.17268
1.17196
1.17019
1.1665
1.16228
1.15867
1.15528
1.15225
1.14964
1.14789
1.1479
1.14885
1.15194
1.15955
1.17763
1.21654
1.29048
1.46897
1.77381
1.96931
2.04168
2.05921
2.06783
2.06898
2.05819
2.04156
2.03855
2.0442
2.06534
2.10692
2.17792
2.28561
2.44532
2.63012
2.77258
2.85131
2.84718
2.82709
2.78563
2.72125
2.67207
2.63011
2.6036
2.57952
2.56413
2.54278
2.52218
2.4936
2.46757
2.43574
2.40826
2.37603
2.34893
2.31766
2.29163
2.26118
2.23589
2.20602
2.1814
2.152
2.12803
2.09916
2.07605
2.04774
2.02552
1.99782
1.97662
1.9498
1.92963
1.90371
1.88438
1.85932
1.84083
1.81695
1.79942
1.77913
3.62233
3.32815
3.03244
2.74918
2.49094
2.26078
2.0616
1.88981
1.74414
1.62057
1.51719
1.4306
1.35931
1.30094
1.25423
1.21853
1.19161
1.17617
1.16671
1.16583
1.16629
1.16776
1.171
1.17554
1.17817
1.17883
1.17851
1.17773
1.17603
1.17263
1.1687
1.16552
1.1624
1.16217
1.16278
1.16529
1.17215
1.18862
1.22493
1.29377
1.45618
1.77123
1.99358
2.0728
2.09825
2.10531
2.10501
2.08546
2.06419
2.03868
2.02411
2.01276
2.0149
2.02087
2.04147
2.0826
2.15072
2.25499
2.41039
2.59742
2.75116
2.83851
2.83366
2.81127
2.76659
2.69859
2.64392
2.59621
2.56703
2.54141
2.52481
2.5036
2.48468
2.45744
2.43244
2.40149
2.3748
2.34309
2.31644
2.28548
2.25987
2.22964
2.20492
2.17551
2.15167
2.12278
2.09961
2.07116
2.04875
2.02079
1.99916
1.97194
1.95118
1.92487
1.90495
1.87946
1.86045
1.83599
1.81823
1.79693
3.66096
3.39753
3.12992
2.86977
2.62727
2.40532
2.20789
2.03444
1.88353
1.75334
1.64093
1.54508
1.46294
1.3939
1.33597
1.28842
1.25046
1.22118
1.19894
1.18603
1.17805
1.17682
1.17714
1.17827
1.18067
1.18475
1.18771
1.18768
1.18719
1.18616
1.18411
1.18019
1.17914
1.17929
1.18085
1.18711
1.20198
1.2359
1.30123
1.45054
1.77467
2.01592
2.10797
2.13679
2.1452
2.14067
2.12288
2.09714
2.07448
2.04849
2.02778
2.00502
1.99237
1.98248
1.98667
1.99231
2.01086
2.04839
2.11409
2.21289
2.36419
2.5552
2.72156
2.81601
2.81101
2.78812
2.74255
2.66984
2.61281
2.56399
2.53142
2.5025
2.48322
2.46094
2.44243
2.41655
2.39307
2.36322
2.33757
2.30664
2.28086
2.25015
2.22493
2.19484
2.17073
2.14161
2.11849
2.08987
2.06741
2.03935
2.0175
1.99015
1.96904
1.94249
1.92222
1.89645
1.87708
1.85229
1.83426
1.81243
3.69375
3.45495
3.21187
2.9706
2.74251
2.5311
2.3387
2.16572
2.01242
1.87749
1.7594
1.65644
1.56683
1.48925
1.42233
1.36527
1.31704
1.2772
1.24532
1.22069
1.20227
1.19143
1.18497
1.18366
1.18382
1.18455
1.18611
1.18887
1.19029
1.19124
1.19106
1.19065
1.1911
1.19292
1.1984
1.21237
1.24428
1.30528
1.44463
1.7615
2.03936
2.14248
2.17715
2.18267
2.18083
2.16192
2.13625
2.10872
2.08319
2.05641
2.03375
2.00903
1.99101
1.97287
1.96131
1.9521
1.95321
1.95769
1.974
2.00859
2.07248
2.16762
2.31288
2.5034
2.67236
2.78187
2.77716
2.756
2.71641
2.64138
2.58204
2.53105
2.4953
2.4631
2.4411
2.4173
2.39886
2.37369
2.35172
2.32291
2.29846
2.26839
2.24364
2.21324
2.18857
2.15868
2.13524
2.10634
2.08366
2.05551
2.03353
2.00615
1.98486
1.95821
1.9377
1.9118
1.89221
1.86724
1.849
1.8267
3.73067
3.50739
3.28241
3.06069
2.84586
2.64295
2.45703
2.28715
2.13389
1.99636
1.87406
1.7657
1.67013
1.58601
1.51216
1.44767
1.39166
1.34357
1.30281
1.26901
1.24201
1.2211
1.20556
1.1962
1.19044
1.18923
1.18931
1.19
1.19145
1.19454
1.19663
1.19863
1.20203
1.20915
1.22429
1.25638
1.31713
1.45047
1.75199
2.06155
2.18018
2.21673
2.22524
2.22131
2.20518
2.17399
2.14632
2.11706
2.09217
2.06528
2.04084
2.01464
1.99561
1.97353
1.95796
1.9398
1.92688
1.9161
1.91529
1.91936
1.93488
1.96741
2.02862
2.1183
2.25407
2.44074
2.61667
2.74312
2.74001
2.72234
2.68833
2.61435
2.55228
2.49894
2.46093
2.42564
2.40139
2.37572
2.35641
2.33111
2.31015
2.28233
2.25939
2.23008
2.20619
2.17605
2.15206
2.12257
2.09947
2.07086
2.04844
2.02077
1.99924
1.97248
1.95179
1.9258
1.90604
1.88093
1.8626
1.83993
3.76415
3.55571
3.34713
3.1379
2.93773
2.74519
2.56391
2.39716
2.24562
2.10727
1.98318
1.87074
1.77094
1.68125
1.60204
1.53144
1.46932
1.41464
1.36693
1.32584
1.29078
1.26181
1.23827
1.22041
1.20715
1.19921
1.19394
1.19381
1.19419
1.19526
1.19787
1.20341
1.2116
1.22769
1.26008
1.32067
1.44728
1.73007
2.07452
2.21364
2.25494
2.26179
2.26213
2.24542
2.21561
2.18287
2.1555
2.12676
2.10102
2.07218
2.04701
2.02284
2.00279
1.98025
1.96275
1.94026
1.92306
1.90369
1.89015
1.87961
1.8788
1.88297
1.89752
1.92674
1.98211
2.06605
2.19139
2.37191
2.55714
2.70264
2.70201
2.68788
2.65844
2.58758
2.52285
2.46775
2.42798
2.39064
2.36427
2.33645
2.31603
2.29067
2.26989
2.24297
2.22112
2.19267
2.16954
2.14009
2.11668
2.08771
2.06489
2.03674
2.01466
1.98746
1.96634
1.94008
1.92006
1.8947
1.87633
1.85319
3.80207
3.606
3.40783
3.21264
3.01951
2.83658
2.66405
2.49974
2.34903
2.21104
2.08517
1.97117
1.86755
1.77456
1.69019
1.61524
1.54737
1.48764
1.43389
1.38713
1.34567
1.31026
1.27996
1.25473
1.2349
1.21891
1.20873
1.20075
1.20078
1.2018
1.20495
1.21213
1.22745
1.25816
1.31778
1.43392
1.6971
2.07161
2.23618
2.28587
2.29422
2.29414
2.28515
2.25323
2.22165
2.19035
2.16344
2.13426
2.10822
2.0798
2.05643
2.03173
2.0103
1.98827
1.9693
1.94635
1.92786
1.90496
1.88719
1.86861
1.85501
1.84476
1.84268
1.84609
1.85827
1.88325
1.9315
2.00982
2.12475
2.29731
2.4883
2.6525
2.65939
2.65111
2.62375
2.55874
2.49313
2.43644
2.395
2.35669
2.32857
2.29898
2.27718
2.25123
2.23031
2.20433
2.18334
2.15597
2.13351
2.10494
2.08219
2.0539
2.03158
2.00393
1.98236
1.9556
1.93518
1.90933
1.89082
1.86701
3.85058
3.65496
3.46635
3.27943
3.09868
2.92019
2.75181
2.59574
2.44633
2.30871
2.18244
2.06641
1.96071
1.86489
1.7772
1.69864
1.62649
1.56278
1.50379
1.45293
1.40544
1.36561
1.32865
1.29844
1.27144
1.2495
1.23313
1.2173
1.21616
1.21718
1.2213
1.23303
1.25898
1.31202
1.4128
1.651
2.03987
2.24225
2.30753
2.31619
2.32252
2.31741
2.28966
2.25301
2.22329
2.19369
2.1687
2.14165
2.11671
2.08909
2.06554
2.04005
2.01979
1.99784
1.97777
1.95495
1.93496
1.91072
1.89175
1.86931
1.85183
1.83409
1.81985
1.80916
1.80461
1.807
1.81617
1.83684
1.87815
1.95032
2.05615
2.21724
2.41032
2.58813
2.61373
2.60693
2.58241
2.52506
2.46183
2.40392
2.36177
2.32287
2.29313
2.26218
2.23885
2.21209
2.1913
2.16618
2.14568
2.11916
2.09745
2.07002
2.04817
2.0207
1.99902
1.97186
1.9511
1.92462
1.90597
1.88133
3.91229
3.71344
3.52777
3.34817
3.17137
3.00259
2.83816
2.68096
2.53889
2.4009
2.27454
2.15824
2.05014
1.95186
1.86192
1.77987
1.70478
1.63769
1.57457
1.52033
1.46791
1.42417
1.3819
1.34715
1.31472
1.28738
1.26629
1.24374
1.24346
1.24521
1.25234
1.27277
1.31744
1.403
1.61074
1.98986
2.23918
2.31735
2.33794
2.34569
2.34347
2.31382
2.27966
2.24707
2.22177
2.19634
2.17449
2.14808
2.12348
2.09668
2.07353
2.04901
2.02886
2.00542
1.98514
1.96222
1.94113
1.91713
1.8969
1.87269
1.85413
1.83243
1.81523
1.79767
1.78265
1.7711
1.76367
1.76524
1.77171
1.78844
1.82316
1.88844
1.987
2.13367
2.32619
2.51099
2.56243
2.55769
2.53549
2.48651
2.42931
2.37054
2.32788
2.28759
2.25723
2.22564
2.20078
2.1731
2.15237
2.12754
2.10723
2.08146
2.06068
2.03444
2.01353
1.98682
1.96619
1.93941
1.92069
1.89531
3.98388
3.7756
3.58835
3.41119
3.24211
3.07645
2.91984
2.7678
2.62161
2.49077
2.36317
2.24527
2.13939
2.03633
1.94593
1.86075
1.782
1.71312
1.64547
1.58901
1.53259
1.48527
1.43969
1.39977
1.36432
1.33146
1.30572
1.28308
1.28343
1.28794
1.303
1.34009
1.41227
1.58631
1.96155
2.23651
2.33655
2.35977
2.3702
2.36483
2.33664
2.29851
2.26884
2.24164
2.22099
2.19814
2.1766
2.15076
2.12782
2.10188
2.07938
2.05524
2.03439
2.01102
1.99127
1.96762
1.94638
1.92236
1.90083
1.8767
1.85728
1.83405
1.81631
1.79518
1.778
1.75993
1.74442
1.73178
1.72238
1.72313
1.72697
1.74065
1.77063
1.82718
1.91835
2.05017
2.23919
2.42447
2.50782
2.50399
2.48504
2.44725
2.39608
2.33725
2.29301
2.25208
2.22223
2.18975
2.16353
2.1353
2.11443
2.08936
2.06892
2.04375
2.02393
1.99863
1.97894
1.95277
1.93428
1.90861
4.07663
3.85026
3.65778
3.48097
3.31204
3.15082
2.99554
2.8482
2.70813
2.57032
2.45137
2.32867
2.22225
2.12161
2.02476
1.94235
1.858
1.78763
1.718
1.65624
1.60029
1.54621
1.50086
1.4551
1.41749
1.38193
1.34994
1.33891
1.34052
1.35087
1.38164
1.44395
1.59573
1.95322
2.24577
2.36861
2.39609
2.40395
2.3979
2.35977
2.32044
2.28556
2.26149
2.23744
2.21768
2.19439
2.17361
2.14968
2.12779
2.10249
2.08079
2.05682
2.03649
2.01418
1.99444
1.97089
1.95023
1.92582
1.90421
1.88039
1.85986
1.83662
1.81821
1.7957
1.77823
1.75724
1.73989
1.72128
1.70557
1.6916
1.68142
1.67953
1.68238
1.69376
1.71856
1.76593
1.84836
1.9673
2.14761
2.3287
2.44576
2.44527
2.43195
2.40738
2.35887
2.30245
2.25753
2.21716
2.18749
2.15398
2.12731
2.09878
2.07741
2.05173
2.03153
2.00673
1.98791
1.96301
1.9455
1.92064
4.15695
3.93105
3.72827
3.55118
3.38522
3.22652
3.07305
2.92669
2.78786
2.65514
2.52957
2.41522
2.30169
2.20269
2.10592
2.01749
1.93768
1.85882
1.79203
1.7243
1.66673
1.61064
1.5601
1.51487
1.47147
1.43555
1.40756
1.40779
1.41494
1.44047
1.49833
1.63421
1.96381
2.28075
2.42241
2.44557
2.45626
2.44198
2.39617
2.35422
2.32001
2.28654
2.2589
2.23156
2.21097
2.18847
2.16922
2.14559
2.12372
2.09914
2.07821
2.05532
2.03646
2.01458
1.9949
1.97189
1.9512
1.92683
1.90588
1.88191
1.86118
1.83829
1.81893
1.79641
1.77859
1.75638
1.73883
1.71791
1.70037
1.68176
1.66612
1.6515
1.64104
1.6366
1.63867
1.64739
1.66682
1.70572
1.77743
1.88691
2.05087
2.22864
2.37201
2.38721
2.38034
2.35898
2.31754
2.26611
2.22347
2.18283
2.15211
2.11784
2.0919
2.06297
2.04098
2.01461
1.99498
1.97005
1.95307
1.92966
4.18441
4.04215
3.81818
3.62572
3.45629
3.29824
3.14697
3.00261
2.86679
2.7331
2.61159
2.4928
2.38483
2.28017
2.18536
2.09544
2.01151
1.93593
1.86117
1.79712
1.73241
1.67681
1.62253
1.57414
1.53258
1.49003
1.48925
1.4933
1.51273
1.5684
1.6874
1.99719
2.34647
2.5032
2.52345
2.52919
2.51048
2.45624
2.41019
2.36754
2.33071
2.29445
2.26534
2.23698
2.21434
2.18939
2.16735
2.14114
2.11855
2.0942
2.07406
2.05215
2.03332
2.01114
1.99186
1.96919
1.94891
1.92548
1.90488
1.88084
1.86049
1.83738
1.81776
1.79574
1.77735
1.75528
1.73786
1.71588
1.69857
1.67802
1.66081
1.64269
1.62716
1.61238
1.60142
1.5942
1.59539
1.60113
1.61588
1.64739
1.70724
1.80992
1.95141
2.12957
2.28992
2.32927
2.32552
2.30758
2.27457
2.22844
2.18952
2.14715
2.11544
2.08152
2.05674
2.02692
2.00493
1.97776
1.95967
1.93573
4.19223
4.11022
3.92007
3.715
3.53621
3.37654
3.22596
3.08015
2.94427
2.81268
2.68783
2.57354
2.46116
2.35985
2.26123
2.17109
2.08665
2.00643
1.93501
1.86363
1.80255
1.74049
1.68741
1.63717
1.5916
1.57663
1.57849
1.59553
1.64889
1.76204
2.05515
2.43723
2.60944
2.62306
2.62799
2.60152
2.53854
2.47951
2.43105
2.38491
2.34729
2.31269
2.28394
2.25405
2.22695
2.19566
2.1681
2.1392
2.1158
2.09087
2.07014
2.04696
2.02703
2.00478
1.98569
1.96333
1.94381
1.92072
1.90017
1.87663
1.85657
1.83355
1.81456
1.79278
1.77451
1.75333
1.73584
1.71428
1.69742
1.67589
1.65907
1.63888
1.62205
1.60416
1.5885
1.57356
1.56181
1.55258
1.55224
1.55526
1.56679
1.59252
1.64196
1.73559
1.85478
2.03087
2.19804
2.26701
2.26827
2.25363
2.23276
2.1886
2.15318
2.11054
2.07909
2.04566
2.02194
1.99098
1.97111
1.94305
4.1644
4.12438
4.01827
3.80747
3.61742
3.45235
3.30064
3.15831
3.02247
2.89396
2.76874
2.65087
2.54185
2.43597
2.33944
2.24673
2.16035
2.08058
2.00355
1.93524
1.86722
1.80852
1.75119
1.7019
1.67435
1.6748
1.68919
1.74034
1.84878
2.12467
2.5473
2.73312
2.74728
2.74712
2.717
2.64128
2.57264
2.51046
2.45863
2.41048
2.37196
2.33507
2.30465
2.27243
2.2416
2.20785
2.17822
2.14652
2.11971
2.09144
2.06758
2.04214
2.0214
1.99867
1.97936
1.95703
1.93737
1.91408
1.89391
1.87072
1.85092
1.8285
1.80992
1.78831
1.77066
1.74979
1.7324
1.71161
1.69455
1.67324
1.65667
1.63544
1.61904
1.59912
1.58275
1.56506
1.54948
1.53469
1.52214
1.51222
1.5089
1.51101
1.52014
1.54036
1.58039
1.66165
1.76344
1.92787
2.09751
2.19556
2.21057
2.20304
2.18534
2.14691
2.11481
2.07394
2.044
2.01006
1.98908
1.95666
4.13752
4.12008
4.06045
3.91787
3.71296
3.53669
3.37927
3.23408
3.0985
2.9693
2.84775
2.73049
2.61906
2.51543
2.41552
2.323
2.23565
2.15256
2.07676
2.00299
1.9375
1.87432
1.82017
1.78179
1.78095
1.79287
1.83942
1.94601
2.2108
2.67636
2.87679
2.88913
2.88734
2.8473
2.7644
2.6825
2.61403
2.55135
2.49858
2.44951
2.40833
2.36717
2.33065
2.2922
2.25888
2.22487
2.19303
2.15886
2.12851
2.09638
2.0698
2.04294
2.02047
1.99587
1.97489
1.95102
1.93031
1.90668
1.88644
1.86314
1.84361
1.82128
1.8028
1.78155
1.76423
1.74354
1.72665
1.70616
1.68915
1.66854
1.6518
1.63086
1.61474
1.59403
1.57826
1.55879
1.54315
1.52573
1.51069
1.49602
1.48319
1.47295
1.46693
1.46837
1.47486
1.49034
1.52248
1.58983
1.68035
1.82128
1.9933
2.11528
2.1517
2.147
2.13382
2.10631
2.07525
2.03689
2.01224
1.97529
3.95595
4.09225
4.06706
3.98936
3.80977
3.62237
3.4602
3.31172
3.17642
3.04614
2.92362
2.80753
2.69685
2.5915
2.49256
2.39841
2.30935
2.22648
2.14697
2.07462
2.00578
1.94612
1.89817
1.89584
1.90565
1.94919
2.05937
2.31791
2.82565
3.03697
3.04993
3.04224
2.99585
2.89986
2.81017
2.73003
2.66248
2.59977
2.54585
2.49396
2.44817
2.40209
2.36123
2.31962
2.28296
2.24428
2.21033
2.17494
2.14239
2.10829
2.07881
2.04793
2.02208
1.99499
1.97202
1.94663
1.92484
1.90016
1.87895
1.85506
1.83509
1.81256
1.79415
1.77297
1.75561
1.7351
1.71833
1.69798
1.68145
1.66128
1.64479
1.62473
1.60858
1.5884
1.57294
1.55295
1.53801
1.51914
1.50437
1.48735
1.47301
1.45843
1.44568
1.4351
1.42699
1.42751
1.43137
1.44291
1.46879
1.52302
1.60272
1.71901
1.88744
2.0279
2.0858
2.09126
2.08449
2.06389
2.03844
2.00013
3.49942
4.01117
4.04387
4.00804
3.91353
3.72096
3.54685
3.39371
3.25497
3.1264
3.00331
2.88591
2.77499
2.66898
2.56847
2.47321
2.38378
2.29837
2.21961
2.14467
2.08024
2.02266
2.01883
2.02685
2.06815
2.18467
2.43744
2.9824
3.2113
3.22339
3.21427
3.15582
3.05173
2.94907
2.86242
2.78423
2.71677
2.65282
2.59659
2.54125
2.49183
2.4423
2.39813
2.3529
2.31214
2.2696
2.23178
2.19231
2.15842
2.12314
2.09154
2.05831
2.02956
1.99957
1.97417
1.94645
1.92246
1.89599
1.87358
1.84882
1.82829
1.80531
1.78644
1.76473
1.74703
1.72623
1.70933
1.68916
1.67283
1.65296
1.63694
1.6173
1.60139
1.58197
1.56638
1.54704
1.53221
1.51305
1.49895
1.48068
1.46686
1.45023
1.43665
1.4221
1.40969
1.39843
1.38964
1.38721
1.38943
1.3985
1.41848
1.46116
1.52954
1.62677
1.77648
1.9338
2.01229
2.03884
2.03574
2.02226
2.47098
3.72746
4.00626
3.9973
3.95097
3.83394
3.6507
3.48615
3.3401
3.20707
3.08256
2.96442
2.85152
2.74567
2.64421
2.54853
2.45724
2.37241
2.29173
2.22244
2.15581
2.15069
2.15697
2.19566
2.30764
2.55537
3.15129
3.40034
3.41409
3.39857
3.33084
3.2124
3.10239
3.00454
2.92137
2.84402
2.77582
2.70997
2.65067
2.59177
2.53884
2.48573
2.43815
2.38951
2.34574
2.30032
2.25939
2.2167
2.17888
2.13975
2.10664
2.0717
2.04108
2.00837
1.97978
1.94938
1.9234
1.89535
1.87154
1.84549
1.82368
1.7994
1.77934
1.75663
1.73813
1.71671
1.69943
1.67895
1.66247
1.64265
1.62675
1.60738
1.59195
1.57295
1.55781
1.53915
1.52434
1.50591
1.49175
1.47352
1.46019
1.44253
1.42965
1.41328
1.40047
1.38601
1.37395
1.36221
1.35326
1.34781
1.34931
1.35578
1.37049
1.40338
1.46127
1.54126
1.66833
1.83738
1.92849
2.00034
1.97767
3.01688
3.83906
3.96973
3.95254
3.89356
3.75359
3.58082
3.42688
3.28964
3.1626
3.04391
2.93003
2.82221
2.71991
2.62324
2.53232
2.44584
2.37172
2.29769
2.29167
2.29634
2.33326
2.44819
2.70864
3.34509
3.60842
3.6215
3.60072
3.51522
3.38612
3.26339
3.16025
3.06759
2.98612
2.90814
2.83774
2.7685
2.70565
2.64355
2.58764
2.53183
2.48144
2.42985
2.38272
2.33353
2.28885
2.24262
2.20178
2.16021
2.12413
2.08696
2.05509
2.0201
1.98921
1.95605
1.92771
1.89755
1.87191
1.84409
1.82074
1.79506
1.77379
1.74993
1.73038
1.70795
1.68977
1.66855
1.65157
1.63147
1.61553
1.59637
1.58118
1.56262
1.54789
1.52964
1.51521
1.49725
1.48316
1.46555
1.45204
1.43477
1.42204
1.40516
1.39305
1.37699
1.36507
1.35063
1.33905
1.32715
1.31802
1.31055
1.31117
1.31507
1.32571
1.3511
1.39785
1.46402
1.56829
1.8144
1.73549
2.13672
3.40441
3.8898
3.94139
3.91287
3.84083
3.67985
3.51649
3.37315
3.24339
3.1233
3.00998
2.90193
2.79886
2.70185
2.6091
2.52899
2.44841
2.44064
2.44292
2.4797
2.59823
2.87649
3.5638
3.83666
3.85037
3.81689
3.71439
3.56877
3.43841
3.32517
3.22864
3.13792
3.0553
2.97458
2.9006
2.82799
2.76213
2.6973
2.6387
2.57998
2.52619
2.47093
2.41995
2.3674
2.3198
2.27127
2.22825
2.18421
2.14526
2.10495
2.06923
2.03249
2.00001
1.9653
1.93497
1.90273
1.87537
1.84596
1.82107
1.79388
1.7711
1.74578
1.72485
1.70121
1.68197
1.65988
1.64217
1.62148
1.6051
1.58559
1.57025
1.55165
1.53703
1.51906
1.50492
1.48735
1.47361
1.45638
1.4431
1.42626
1.41354
1.39712
1.38504
1.36898
1.35754
1.34195
1.33096
1.31649
1.30581
1.29366
1.28444
1.27639
1.27445
1.27659
1.28545
1.30504
1.34411
1.44714
1.6095
1.81037
2.40194
3.59038
3.89277
3.90146
3.86814
3.78329
3.61911
3.4633
3.32737
3.20226
3.08783
2.97851
2.87649
2.77888
2.69401
2.60797
2.59747
2.59802
2.63589
2.75986
3.06126
3.80281
4.08368
4.0953
4.04984
3.92305
3.76842
3.62478
3.50491
3.39821
3.30288
3.21026
3.12436
3.04018
2.96312
2.88787
2.81942
2.75174
2.68973
2.62721
2.56953
2.51081
2.45693
2.40213
2.3525
2.30197
2.25653
2.20987
2.16816
2.12511
2.08698
2.04752
2.01296
1.97726
1.94529
1.91131
1.88173
1.85051
1.82385
1.79505
1.77067
1.74394
1.72157
1.69667
1.67612
1.65291
1.63405
1.61244
1.59516
1.57503
1.55915
1.54026
1.52547
1.50748
1.49344
1.47606
1.46253
1.4456
1.43255
1.41606
1.40354
1.38753
1.37559
1.36003
1.34865
1.33347
1.3226
1.30777
1.29745
1.28328
1.27356
1.26106
1.25242
1.24386
1.23959
1.2412
1.24801
1.27339
1.522
1.65955
1.92972
2.84608
3.6878
3.86656
3.86147
3.8238
3.72718
3.56712
3.41921
3.28894
3.16878
3.05932
2.95407
2.86384
2.77391
2.76205
2.76196
2.80171
2.93752
3.26829
4.06188
4.34754
4.35938
4.29525
4.14417
3.97732
3.82673
3.69409
3.58055
3.47472
3.37752
3.28199
3.19326
3.1063
3.02654
2.94826
2.87642
2.80492
2.73907
2.67286
2.61204
2.55061
2.49453
2.4377
2.3861
2.33342
2.28578
2.2368
2.19283
2.14742
2.10698
2.06504
2.02802
1.9894
1.95603
1.92069
1.8897
1.85667
1.8285
1.79827
1.77249
1.74442
1.72067
1.69446
1.67255
1.64811
1.62799
1.60529
1.58696
1.56595
1.54925
1.52972
1.51439
1.49603
1.48171
1.46422
1.45065
1.43382
1.42086
1.4046
1.39223
1.37652
1.36476
1.34961
1.33843
1.32377
1.3131
1.29882
1.28862
1.27466
1.26494
1.25145
1.24237
1.22997
1.22197
1.21279
1.20742
1.20869
1.46552
1.55391
1.69955
2.05352
3.17843
3.74497
3.84148
3.82759
3.78057
3.66906
3.51537
3.37668
3.25304
3.14013
3.04299
2.94694
2.93329
2.93255
2.97487
3.12427
3.48518
4.3273
4.62469
4.63526
4.55857
4.37467
4.1974
4.03544
3.89554
3.76928
3.65701
3.54957
3.44993
3.35178
3.26045
3.17044
3.08732
3.0052
2.92955
2.85439
2.78535
2.71634
2.65318
2.58961
2.53164
2.4728
2.41928
2.36451
2.3149
2.26382
2.21779
2.17016
2.12754
2.08334
2.04424
2.00364
1.96813
1.93118
1.89915
1.86483
1.83491
1.80319
1.77594
1.74648
1.72139
1.69395
1.67083
1.64525
1.62399
1.6002
1.58072
1.55866
1.54088
1.52046
1.50426
1.4853
1.47045
1.4527
1.4389
1.42209
1.40912
1.39304
1.38077
1.36533
1.35373
1.33891
1.32794
1.3137
1.3033
1.28953
1.2796
1.26618
1.25666
1.24349
1.23447
1.22159
1.21327
1.20113
1.19395
1.18443
1.43552
1.4826
1.57683
1.7437
2.16786
3.37932
3.76672
3.81807
3.7971
3.74208
3.61678
3.47189
3.34121
3.23175
3.12951
3.11367
3.11199
3.15738
3.32252
3.72021
4.64022
4.92184
4.92946
4.83851
4.62243
4.42439
4.25509
4.10363
3.96964
3.8444
3.73053
3.62073
3.5187
3.41806
3.32387
3.23061
3.14388
3.05825
2.97924
2.90109
2.82928
2.7578
2.69229
2.62661
2.56656
2.50586
2.45044
2.39394
2.34241
2.28949
2.24145
2.19197
2.14751
2.10168
2.06097
2.01881
1.98169
1.94298
1.9091
1.87372
1.84248
1.80925
1.78058
1.74987
1.7235
1.69491
1.67057
1.64388
1.62143
1.59656
1.57596
1.55292
1.53415
1.51288
1.49584
1.47619
1.46067
1.44242
1.42819
1.4111
1.39791
1.38177
1.36942
1.35406
1.34246
1.32781
1.31692
1.30293
1.29271
1.2793
1.26968
1.25672
1.2476
1.23491
1.2263
1.21369
1.20581
1.19303
1.18653
1.17358
1.41963
1.44339
1.50286
1.61293
1.83093
2.49357
3.48203
3.75866
3.7876
3.76413
3.70424
3.56887
3.44154
3.32285
3.30256
3.30023
3.34964
3.54365
3.98973
4.98482
5.24604
5.24331
5.13963
4.89255
4.67284
4.4843
4.32343
4.17739
4.04578
3.92042
3.80432
3.69124
3.58551
3.4813
3.38366
3.28701
3.19702
3.10823
3.0263
2.94552
2.87135
2.79781
2.73038
2.66284
2.60092
2.53823
2.48077
2.42213
2.36851
2.31363
2.26381
2.2128
2.16692
2.11981
2.07775
2.03426
1.9957
1.95548
1.92012
1.88292
1.85067
1.81608
1.78603
1.75394
1.72624
1.69637
1.67084
1.64305
1.61957
1.59378
1.57229
1.54842
1.52879
1.50673
1.48884
1.46846
1.45219
1.43338
1.41858
1.40115
1.38759
1.3713
1.35874
1.34338
1.33166
1.31706
1.30612
1.29225
1.2821
1.26889
1.2595
1.24685
1.23812
1.22587
1.21773
1.20562
1.19822
1.18581
1.17979
1.16664
1.41001
1.42297
1.45492
1.52139
1.65087
1.92123
2.79187
3.54591
3.74349
3.75754
3.73701
3.67907
3.54112
3.50386
3.50075
3.55486
3.78466
4.29724
5.35366
5.58488
5.57222
5.44815
5.17734
4.93305
4.72839
4.55165
4.39826
4.25547
4.12338
3.99486
3.87458
3.75723
3.64768
3.53998
3.43924
3.33972
3.24721
3.15601
3.07196
2.98903
2.91286
2.83719
2.76764
2.69787
2.63365
2.56862
2.50892
2.44814
2.39269
2.33612
2.28495
2.23262
2.18556
2.13722
2.09395
2.04924
2.00941
1.96796
1.93124
1.89275
1.85888
1.82318
1.79175
1.75835
1.72935
1.69826
1.67159
1.64278
1.61837
1.59173
1.56942
1.54478
1.52438
1.50158
1.48294
1.46189
1.44494
1.42556
1.41017
1.3923
1.37828
1.36171
1.34886
1.33336
1.32149
1.30688
1.29592
1.28211
1.272
1.25894
1.24966
1.23728
1.22876
1.21691
1.20908
1.1975
1.19046
1.17868
1.17297
1.16047
1.40535
1.41121
1.42935
1.4622
1.54538
1.67942
2.00699
3.02039
3.5895
3.72912
3.7396
3.7257
3.71094
3.71214
3.77869
4.05098
4.65641
5.74313
5.92937
5.90674
5.76637
5.46541
5.20543
4.98366
4.79791
4.6308
4.47913
4.33326
4.19677
4.06392
3.93974
3.81839
3.70486
3.59336
3.48939
3.38726
3.29259
3.19941
3.11336
3.02827
2.94984
2.8718
2.79991
2.72783
2.66144
2.59445
2.53297
2.47069
2.41387
2.35615
2.30383
2.25044
2.2023
2.15288
2.10858
2.0628
2.02195
1.97946
1.94168
1.90211
1.86707
1.83019
1.79772
1.76314
1.73301
1.70082
1.67313
1.64336
1.61805
1.59057
1.56745
1.54205
1.5209
1.49743
1.47811
1.45648
1.4389
1.41899
1.40302
1.38468
1.37016
1.3532
1.33997
1.3242
1.3121
1.29737
1.28629
1.27249
1.26238
1.24944
1.24024
1.22809
1.21974
1.20823
1.20068
1.18957
1.18286
1.1717
1.16629
1.15458
1.4026
1.40581
1.41421
1.43237
1.47516
1.56063
1.7121
2.08651
3.17752
3.62247
3.7368
3.76931
3.83745
3.98198
4.33521
5.14368
6.18812
6.29342
6.257
6.09289
5.77206
5.4906
5.25743
5.05599
4.87761
4.70901
4.55246
4.40132
4.26039
4.1235
3.99559
3.87073
3.75424
3.6403
3.5343
3.43022
3.33347
3.23801
3.14945
3.0617
2.98057
2.89984
2.82545
2.75109
2.68285
2.61432
2.55165
2.4884
2.43076
2.3722
2.31898
2.26463
2.21547
2.16502
2.11961
2.07277
2.03085
1.98735
1.94863
1.90818
1.87239
1.83473
1.80163
1.76648
1.73582
1.70312
1.67494
1.64458
1.61867
1.59049
1.56665
1.54054
1.51867
1.49454
1.47457
1.45236
1.43418
1.41371
1.39718
1.3783
1.36328
1.34583
1.33217
1.31601
1.30359
1.28861
1.27735
1.26348
1.25329
1.24045
1.23129
1.21935
1.21115
1.19996
1.19267
1.18196
1.17561
1.16498
1.15987
1.14892
1.40133
1.40276
1.40735
1.41541
1.43962
1.48344
1.58519
1.75542
2.22574
3.28603
3.66783
3.81728
4.05914
4.54351
5.66463
6.68989
6.69338
6.63014
6.43855
6.08936
5.78882
5.53705
5.32347
5.12815
4.94852
4.77566
4.6139
4.45745
4.3118
4.17105
4.04032
3.91331
3.795
3.67909
3.57082
3.46412
3.36464
3.26643
3.17532
3.0852
3.00197
2.91937
2.84336
2.76758
2.69809
2.62842
2.56474
2.50049
2.44193
2.38248
2.32845
2.27331
2.22339
2.1722
2.12609
2.07856
2.036
1.99186
1.95254
1.91146
1.87511
1.83684
1.80324
1.76764
1.73662
1.7034
1.67474
1.64381
1.61736
1.58861
1.5643
1.5377
1.51542
1.49088
1.47056
1.44795
1.42944
1.4086
1.39176
1.37249
1.35714
1.33928
1.32527
1.30871
1.29596
1.28066
1.26912
1.25507
1.24471
1.23183
1.22263
1.21081
1.2027
1.19176
1.18469
1.17437
1.16832
1.15827
1.15342
1.1433
1.40061
1.40153
1.40345
1.40834
1.41946
1.4448
1.50237
1.61166
1.83039
2.45991
3.42809
3.86585
4.55985
6.06419
7.15083
7.14991
7.03944
6.76578
6.39325
6.07497
5.81337
5.58323
5.37556
5.1779
4.99318
4.81507
4.64927
4.49
4.34243
4.20018
4.06804
3.93948
3.81946
3.70166
3.5915
3.48296
3.38177
3.28196
3.18937
3.09789
3.0134
2.92964
2.85258
2.77586
2.70556
2.63519
2.57092
2.50618
2.4472
2.38739
2.33302
2.27756
2.22732
2.17578
2.12931
2.08139
2.03842
1.99385
1.95415
1.91271
1.87604
1.83747
1.80358
1.76765
1.73635
1.70279
1.67377
1.64242
1.61561
1.58646
1.5618
1.53484
1.51228
1.48742
1.46683
1.44393
1.42523
1.40418
1.38721
1.36778
1.3523
1.33427
1.32011
1.30338
1.29047
1.27501
1.26329
1.24907
1.23856
1.22555
1.21625
1.20439
1.19627
1.18543
1.17845
1.16841
1.16251
1.15292
1.14823
1.1388
1.40033
1.40084
1.4018
1.40472
1.40997
1.42583
1.45522
1.53012
1.65915
1.95041
2.73534
3.82341
6.00879
7.54872
7.56593
7.43607
7.10803
6.69642
6.35919
6.07972
5.83517
5.60408
5.38948
5.1847
4.99411
4.8114
4.64212
4.48041
4.33144
4.18853
4.05623
3.9276
3.80747
3.68948
3.57911
3.47042
3.3692
3.26946
3.17698
3.08558
3.00109
2.91727
2.84011
2.76334
2.69308
2.62294
2.5591
2.49502
2.43687
2.37804
2.32469
2.27021
2.22085
2.17003
2.1241
2.07651
2.03371
1.98916
1.94938
1.9078
1.87097
1.83225
1.79825
1.76222
1.73085
1.69731
1.66836
1.6371
1.6104
1.58135
1.5568
1.52992
1.50747
1.48272
1.46229
1.43955
1.42095
1.39995
1.38296
1.36347
1.34789
1.32974
1.31544
1.29856
1.28549
1.26988
1.25803
1.24371
1.2331
1.22005
1.21073
1.1989
1.19086
1.18012
1.17329
1.16343
1.15771
1.14843
1.14387
1.13492
1.40022
1.40059
1.40123
1.40327
1.40703
1.41807
1.44004
1.49634
1.61181
1.87416
2.43712
3.89616
7.24811
7.41407
7.31382
7.01209
6.67834
6.39076
6.12978
5.87209
5.62844
5.40225
5.19775
5.00719
4.8334
4.66901
4.5179
4.37316
4.23874
4.10761
3.98411
3.86187
3.74619
3.63148
3.52359
3.41709
3.31782
3.22003
3.12942
3.03998
2.95745
2.87572
2.80071
2.72626
2.65839
2.59078
2.52949
2.46799
2.41233
2.35589
2.30474
2.25227
2.20466
2.15535
2.11066
2.0641
2.02211
1.97823
1.93895
1.8978
1.86131
1.82291
1.78918
1.75346
1.72239
1.68918
1.66056
1.62968
1.60332
1.57463
1.55041
1.52387
1.50172
1.47727
1.4571
1.43461
1.41626
1.3955
1.37873
1.35943
1.34402
1.326
1.3118
1.295
1.28196
1.26639
1.25456
1.24027
1.22969
1.21668
1.20741
1.19564
1.18767
1.177
1.17027
1.16052
1.15492
1.14581
1.14135
1.13271
)
;

boundaryField
{
    inlet
    {
        type            calculated;
        value           uniform 1.40001;
    }
    outlet
    {
        type            calculated;
        value           nonuniform List<scalar> 
40
(
1.2606
1.48061
1.60424
1.67289
1.71172
1.74011
1.75829
1.77489
1.79266
1.80815
1.82239
1.83559
1.8488
1.86259
1.87692
1.89095
1.90424
1.91612
1.92493
1.93103
1.93882
1.95315
1.97238
1.99794
2.0175
1.9861
1.76853
1.41999
1.26267
1.20501
1.18274
1.17258
1.16582
1.1597
1.15383
1.14818
1.14256
1.13808
1.1342
1.13199
)
;
    }
    bottom
    {
        type            symmetryPlane;
    }
    top
    {
        type            symmetryPlane;
    }
    obstacle
    {
        type            calculated;
        value           nonuniform List<scalar> 
110
(
5.97343
5.97377
5.95834
5.93262
5.89339
5.83339
5.7598
5.65309
5.4776
5.19417
1.84519
1.00264
0.693372
0.620882
0.620619
0.65369
0.742172
0.813125
0.833735
0.83299
0.830135
0.826373
0.8264
0.827458
0.830065
0.833077
0.834451
0.834645
0.834578
0.834031
0.832843
0.832074
0.831677
0.831355
0.830957
0.830446
0.829804
0.829009
0.82804
0.826894
0.825566
0.824071
0.822344
0.820492
0.818355
0.816086
0.813843
0.811359
0.811076
0.810984
0.812651
0.817228
0.829269
0.858455
0.925614
1.0785
1.45592
1.89174
1.87609
1.90462
1.96482
2.02158
2.06053
2.08762
2.102
2.11039
2.10746
2.09417
2.08075
2.06461
2.0493
2.031
2.01328
1.99351
1.97384
1.95294
1.93218
1.91016
1.88853
1.86609
1.84375
1.82099
1.79836
1.7753
1.75277
1.72959
1.70754
1.68447
1.66307
1.64014
1.61947
1.59683
1.57681
1.55441
1.53494
1.51282
1.49382
1.47243
1.4541
1.43343
1.41556
1.39562
1.37823
1.35904
1.34227
1.32386
1.30795
1.29074
1.2772
1.26365
)
;
    }
    defaultFaces
    {
        type            empty;
    }
}


// ************************************************************************* //
