/*--------------------------------*- C++ -*----------------------------------*\
  =========                 |
  \\      /  F ield         | OpenFOAM: The Open Source CFD Toolbox
   \\    /   O peration     | Website:  https://openfoam.org
    \\  /    A nd           | Version:  10
     \\/     M anipulation  |
\*---------------------------------------------------------------------------*/
FoamFile
{
    format      ascii;
    class       volScalarField;
    location    "7.5";
    object      Ma;
}
// * * * * * * * * * * * * * * * * * * * * * * * * * * * * * * * * * * * * * //

dimensions      [0 0 0 0 0 0 0];

internalField   nonuniform List<scalar> 
5250
(
2.99999
2.99996
2.99989
2.99971
2.99927
2.99819
2.99543
2.98907
2.97184
2.93283
2.82892
2.57969
2.01941
1.06578
0.443467
0.313417
0.335631
0.335772
0.303348
0.250619
0.200994
0.160094
0.119332
0.0744165
0.0411674
2.99999
2.99996
2.9999
2.99969
2.99933
2.99807
2.99582
2.98844
2.97379
2.93113
2.83416
2.58198
2.03062
1.07924
0.451559
0.314164
0.337126
0.337991
0.305897
0.254013
0.20563
0.166145
0.127606
0.0878982
0.0641578
2.99999
2.99997
2.99989
2.99973
2.99925
2.99835
2.99539
2.98987
2.97234
2.93622
2.83443
2.59617
2.05076
1.10958
0.470182
0.316957
0.341833
0.344675
0.313732
0.26411
0.218642
0.182602
0.149014
0.117695
0.102055
3
2.99997
2.9999
2.99972
2.99935
2.99823
2.99606
2.98916
2.97569
2.93524
2.8457
2.60848
2.08615
1.15769
0.498659
0.321312
0.349534
0.355687
0.326635
0.280183
0.238606
0.206889
0.178887
0.154581
0.143468
3
2.99997
2.99991
2.99975
2.99936
2.99843
2.99599
2.99053
2.9754
2.94174
2.85094
2.63362
2.13064
1.22551
0.53709
0.327533
0.360402
0.370914
0.344072
0.301476
0.264054
0.236919
0.214125
0.1954
0.187318
3
2.99997
2.99992
2.99975
2.99945
2.99844
2.99656
2.99065
2.97851
2.94403
2.86497
2.65839
2.19065
1.31571
0.58613
0.337531
0.375593
0.390952
0.366421
0.327811
0.294733
0.272196
0.254622
0.241103
0.236274
3
2.99998
2.99992
2.9998
2.99944
2.99873
2.99652
2.99231
2.97894
2.95196
2.87444
2.69433
2.25993
1.43159
0.646705
0.355205
0.397344
0.417004
0.394434
0.359938
0.330932
0.313085
0.301009
0.293524
0.293725
3
2.99998
2.99993
2.99982
2.99951
2.99886
2.99695
2.9931
2.98142
2.9574
2.88885
2.7303
2.34101
1.5734
0.720233
0.38668
0.429197
0.450482
0.429393
0.398761
0.373496
0.360307
0.354471
0.355041
0.365476
3
2.99998
2.99994
2.99984
2.99958
2.99898
2.99737
2.99385
2.98391
2.96258
2.90327
2.76568
2.42421
1.72927
0.802327
0.429231
0.469976
0.488543
0.470713
0.44393
0.42277
0.414506
0.41619
0.430066
0.462573
3
2.99998
2.99995
2.99985
2.99965
2.99905
2.99783
2.99413
2.98685
2.96469
2.91793
2.78879
2.48862
1.8418
0.882938
0.471023
0.499972
0.516655
0.509654
0.49017
0.475956
0.473952
0.488339
0.528678
0.628154
3
2.99999
2.99995
2.99988
2.99966
2.99923
2.99793
2.99521
2.98765
2.97032
2.92547
2.81621
2.54432
1.95483
1.00368
0.539442
0.520622
0.536579
0.541562
0.53285
0.528149
0.536577
0.569882
0.647614
0.805634
3
2.99999
2.99996
2.9999
2.9997
2.99935
2.99815
2.99597
2.98893
2.97481
2.93415
2.84137
2.60072
2.07158
1.1538
0.621538
0.536081
0.553894
0.568093
0.570754
0.576551
0.597447
0.646728
0.742614
0.899991
3
2.99999
2.99997
2.99991
2.99977
2.99939
2.99855
2.99633
2.991
2.97794
2.94484
2.86424
2.66097
2.19514
1.33664
0.719121
0.555945
0.573409
0.593604
0.60595
0.621338
0.65252
0.709265
0.802224
0.932333
3
3
2.99998
2.99992
2.99981
2.99949
2.99883
2.99684
2.99297
2.98082
2.95651
2.8859
2.7242
2.32776
1.55783
0.836001
0.59321
0.60518
0.624616
0.642457
0.663246
0.698884
0.756005
0.839208
0.947507
3
3
2.99998
2.99994
2.99984
2.99963
2.99897
2.99773
2.99373
2.98623
2.96284
2.91398
2.77956
2.47182
1.82168
0.971194
0.654056
0.651619
0.665529
0.684244
0.705131
0.739647
0.792932
0.866583
0.959537
3.00001
3
2.99999
2.99995
2.99988
2.99967
2.99925
2.99795
2.99549
2.9876
2.97229
2.92683
2.82554
2.56369
2.00425
1.11057
0.718048
0.689955
0.704442
0.722862
0.744323
0.776684
0.824739
0.889812
0.970904
3.00001
3
2.99999
2.99997
2.9999
2.99975
2.99937
2.99845
2.9962
2.99047
2.97724
2.94195
2.8598
2.64822
2.17454
1.3259
0.822266
0.720689
0.732873
0.751906
0.777389
0.809383
0.853144
0.910532
0.981356
3.00001
3
2.99999
2.99997
2.99993
2.9998
2.99952
2.99878
2.99702
2.99273
2.98177
2.95611
2.88947
2.72848
2.34473
1.59402
0.95345
0.761394
0.761457
0.778927
0.806463
0.838399
0.878972
0.93004
0.99189
3.00001
3
3
2.99998
2.99995
2.99985
2.99964
2.99909
2.99776
2.9946
2.98633
2.9677
2.91795
2.80195
2.51525
1.91467
1.11674
0.826047
0.801445
0.81358
0.837904
0.86802
0.904502
0.949608
1.00359
3.00001
3
3
2.99999
2.99996
2.99989
2.99972
2.99932
2.99832
2.9958
2.99004
2.97447
2.93967
2.84707
2.62866
2.13319
1.30567
0.9015
0.835452
0.845699
0.867332
0.896501
0.929629
0.96956
1.01681
3.00001
3.00001
3
2.99999
2.99997
2.99993
2.99978
2.99952
2.99867
2.99708
2.99211
2.98199
2.95331
2.88857
2.71936
2.33359
1.58356
1.02947
0.877737
0.876459
0.893138
0.921297
0.953624
0.989623
1.03129
3.00001
3.00001
3
3
2.99998
2.99994
2.99986
2.99962
2.99915
2.99767
2.99494
2.9861
2.96911
2.91901
2.80821
2.52932
1.94736
1.20282
0.943071
0.914703
0.924733
0.948301
0.978708
1.01081
1.04712
3.00001
3.00001
3
3
2.99999
2.99996
2.9999
2.99974
2.99936
2.99838
2.99622
2.99017
2.97749
2.94127
2.86171
2.65312
2.19703
1.41286
1.02239
0.949284
0.955457
0.975119
1.00287
1.03227
1.06426
3.00001
3.00001
3.00001
3
3
2.99998
2.99993
2.99982
2.99954
2.99889
2.99717
2.99346
2.98291
2.96066
2.89855
2.75681
2.41036
1.72812
1.15994
0.997618
0.987575
1.00021
1.02418
1.05263
1.08198
3.00001
3.00001
3.00001
3
3
2.99999
2.99995
2.99988
2.99967
2.99927
2.99803
2.99555
2.98846
2.97299
2.93205
2.83629
2.59961
2.08646
1.35721
1.07298
1.02523
1.03027
1.04792
1.07324
1.10057
3.00001
3.00001
3.00001
3.00001
3
2.99999
2.99997
2.99992
2.99978
2.9995
2.99865
2.99696
2.99208
2.98154
2.95342
2.88795
2.7224
2.3455
1.63784
1.18825
1.0682
1.06032
1.06987
1.0917
1.119
3.00001
3.00001
3.00001
3.00001
3
3
2.99998
2.99995
2.99986
2.99967
2.9991
2.99804
2.99464
2.98837
2.96876
2.92898
2.81922
2.57365
2.03185
1.36703
1.13113
1.09446
1.09739
1.11356
1.13683
3.00001
3.00001
3.00001
3.00001
3
3
2.99999
2.99997
2.99992
2.99976
2.99946
2.99856
2.99673
2.99163
2.98015
2.9509
2.88063
2.70778
2.31378
1.61252
1.22321
1.13099
1.12466
1.13348
1.15302
3.00001
3.00001
3.00001
3.00001
3.00001
3
3
2.99998
2.99995
2.99985
2.99965
2.99906
2.99795
2.99439
2.98784
2.96727
2.92589
2.81097
2.55562
1.99937
1.39067
1.18577
1.15521
1.15735
1.17233
3.00001
3.00001
3.00001
3.00001
3.00001
3
3
2.99999
2.99997
2.9999
2.99978
2.9994
2.99862
2.99652
2.99166
2.97977
2.95017
2.87966
2.70571
2.31082
1.63273
1.27555
1.19111
1.18295
1.1904
3.00001
3.00001
3.00001
3.00001
3.00001
3.00001
3
3
2.99998
2.99995
2.99985
2.99964
2.9991
2.99784
2.99478
2.98714
2.96948
2.92396
2.81817
2.56167
2.02192
1.44201
1.24458
1.21209
1.21193
3.00001
3.00001
3.00001
3.00001
3.00001
3.00001
3
3
2.99999
2.99997
2.99991
2.99979
2.99941
2.99872
2.99652
2.99229
2.97989
2.95354
2.88307
2.72135
2.34062
1.69208
1.3384
1.2475
1.23469
3.00001
3.00001
3.00001
3.00001
3.00001
3.00001
3.00001
3
3
2.99998
2.99995
2.99986
2.99966
2.99917
2.99795
2.99523
2.98783
2.9723
2.92895
2.8347
2.59779
2.09947
1.51406
1.30226
1.26212
3.00001
3.00001
3.00001
3.00001
3.00001
3.00001
3.00001
3
3
2.99999
2.99997
2.99992
2.99979
2.99949
2.99872
2.99705
2.99238
2.98286
2.95526
2.89741
2.74283
2.40265
1.77746
1.39526
1.28976
3.00001
3.00001
3.00001
3.00001
3.00001
3.00001
3.00001
3.00001
3
3
2.99998
2.99995
2.99988
2.99969
2.99926
2.99811
2.99574
2.98885
2.9751
2.93558
2.85101
2.63591
2.17632
1.5824
1.34317
3.00001
3.00001
3.00001
3.00001
3.00001
3.00001
3.00001
3.00001
3.00001
3
2.99999
2.99997
2.99993
2.99981
2.99954
2.99889
2.99721
2.99359
2.98351
2.9625
2.9044
2.77598
2.46337
1.87938
1.43347
3.00001
3.00001
3.00001
3.00001
3.00001
3.00001
3.00001
3.00001
3.00001
3
3
2.99999
2.99996
2.99988
2.99973
2.99926
2.9984
2.99562
2.99059
2.97476
2.94327
2.85591
2.66187
2.22145
1.59169
3.00001
3.00001
3.00001
3.00001
3.00001
3.00001
3.00001
3.00001
3.00001
3.00001
3
2.99999
2.99997
2.99993
2.9998
2.99956
2.99879
2.99732
2.99299
2.98386
2.95925
2.903
2.76105
2.4392
1.81872
3.00001
3.00001
3.00001
3.00001
3.00001
3.00001
3.00001
3.00001
3.00001
3.00001
3
3
2.99998
2.99994
2.99986
2.99963
2.9991
2.99778
2.99443
2.98674
2.96587
2.91884
2.79411
2.50318
1.8803
3.00001
3.00001
3.00001
3.00001
3.00001
3.00001
3.00001
3.00001
3.00001
3.00001
3
3
2.99999
2.99995
2.99987
2.99969
2.99917
2.9981
2.99478
2.98828
2.96807
2.92547
2.80577
2.52627
1.88887
3.00001
3.00001
3.00001
3.00001
3.00001
3.00001
3.00001
3.00001
3.00001
3.00001
3
3
2.99999
2.99996
2.99988
2.99971
2.99923
2.99813
2.9953
2.98821
2.97086
2.92641
2.81532
2.5382
1.91654
3.00001
3.00001
3.00001
3.00001
3.00001
3.00001
3.00001
3.00001
3.00001
3.00001
3
3
2.99999
2.99996
2.99989
2.9997
2.99929
2.99814
2.99546
2.98857
2.97132
2.92852
2.81911
2.54613
1.93502
3.00001
3.00001
3.00001
3.00001
3.00001
3.00001
3.00001
3.00001
3.00001
3.00001
3
3
2.99999
2.99996
2.99989
2.99971
2.99931
2.99813
2.99574
2.98823
2.97311
2.92774
2.82444
2.55137
1.94928
3.00001
3.00001
3.00001
3.00001
3.00001
3.00001
3.00001
3.00001
3.00001
3.00001
3
3
2.99999
2.99996
2.9999
2.99971
2.99934
2.99815
2.99586
2.98838
2.97362
2.92897
2.82702
2.55744
1.96106
3.00001
3.00001
3.00001
3.00001
3.00001
3.00001
3.00001
3.00001
3.00001
3.00001
3
3
2.99999
2.99997
2.99989
2.99975
2.99927
2.99841
2.99542
2.98975
2.97192
2.93341
2.82554
2.56583
1.9698
3.00001
3.00001
3.00001
3.00001
3.00001
3.00001
3.00001
3.00001
3.00001
3.00001
3
3
2.99999
2.99997
2.9999
2.99974
2.99933
2.99831
2.99583
2.98919
2.97381
2.93193
2.83057
2.56821
1.97627
3.00001
3.00001
3.00001
3.00001
3.00001
3.00001
3.00001
3.00001
3.00001
3.00001
3
3
2.99999
2.99996
2.99991
2.99973
2.99939
2.99823
2.99613
2.98892
2.97482
2.93188
2.83319
2.57046
1.9801
3.00001
3.00001
3.00001
3.00001
3.00001
3.00001
3.00001
3.00001
3.00001
3.00001
3
3
2.99999
2.99997
2.99991
2.99974
2.99939
2.99828
2.99616
2.98905
2.97518
2.93229
2.83455
2.57233
1.98122
3.00001
3.00001
3.00001
3.00001
3.00001
3.00001
3.00001
3.00001
3.00001
3.00001
3.00001
3
2.99999
2.99996
2.99991
2.99974
2.99939
2.99836
2.99598
2.98972
2.97412
2.93451
2.83312
2.57455
1.98079
3.00001
3.00001
3.00001
3.00001
3.00001
3.00001
3.00001
3.00001
3.00001
3.00001
3
3
2.99999
2.99997
2.9999
2.99977
2.99934
2.99845
2.99587
2.98992
2.97404
2.93493
2.83279
2.57573
1.9797
0.995248
0.823489
0.326055
0.254493
0.288294
0.39291
0.428456
0.453511
0.488625
0.529155
0.5658
0.598057
0.630068
0.662351
0.692965
0.721493
0.748811
0.769108
0.778444
0.781246
0.778213
0.76409
0.736213
0.697108
0.650889
0.601951
0.552555
0.504613
0.457937
0.4137
0.371627
0.332107
0.294495
0.258566
0.224153
0.189928
0.156928
0.125046
0.0944859
0.0651429
0.0374248
0.0174166
0.0293992
0.0536959
0.0789602
0.103532
0.127375
0.149633
0.171118
0.193166
0.215407
0.236863
0.257579
0.277736
0.297395
0.316666
0.335535
0.354062
0.372222
0.390076
0.407609
0.424865
0.441866
0.458595
0.47513
0.491393
0.507499
0.523361
0.539052
0.554578
0.569899
0.585107
0.600138
0.615013
0.629804
0.644368
0.658909
0.673212
0.687487
0.701539
0.715557
0.729334
0.743097
0.756587
0.770068
0.783299
0.796444
0.809444
0.822214
0.834939
0.847307
0.859622
0.871513
0.883168
0.894304
0.904831
0.914479
0.922831
0.929206
0.933767
0.980527
0.871764
0.625318
0.434696
0.323035
0.182993
0.0551796
0.125173
0.209673
0.277206
0.322656
0.356631
0.391887
0.429909
0.466131
0.498853
0.529103
0.553409
0.565755
0.567959
0.562787
0.545433
0.514059
0.470972
0.422135
0.372218
0.323128
0.276644
0.232126
0.190445
0.152201
0.116875
0.0850127
0.0580673
0.0429999
0.048718
0.0687602
0.0928171
0.118147
0.143199
0.167784
0.191491
0.213888
0.235769
0.257581
0.27909
0.300122
0.320064
0.339291
0.358769
0.378638
0.397784
0.41637
0.434319
0.452022
0.469236
0.486308
0.502868
0.51936
0.535319
0.551296
0.566728
0.582243
0.597242
0.612327
0.626972
0.641668
0.655989
0.670365
0.684359
0.698478
0.712164
0.726041
0.739469
0.753095
0.76631
0.779686
0.792702
0.805843
0.818645
0.831557
0.844138
0.856792
0.869172
0.881518
0.893729
0.905729
0.917764
0.929415
0.941208
0.952508
0.963928
0.974808
0.985649
0.995885
1.0058
1.01478
1.02274
1.02863
1.03285
0.993457
0.967851
0.868009
0.771048
0.670334
0.555754
0.441086
0.33539
0.243882
0.160811
0.0916352
0.066363
0.113674
0.165198
0.210493
0.249602
0.282686
0.308738
0.321984
0.321067
0.30966
0.292429
0.259646
0.216915
0.174638
0.134421
0.102087
0.0828413
0.0804793
0.094273
0.115334
0.14022
0.166242
0.192063
0.217253
0.241076
0.264373
0.28727
0.309856
0.331735
0.35315
0.373653
0.393518
0.412677
0.431765
0.450374
0.468821
0.486191
0.503048
0.519689
0.53705
0.553861
0.570326
0.585986
0.601614
0.61666
0.631729
0.646288
0.660831
0.674969
0.68902
0.702812
0.716426
0.729933
0.743174
0.756408
0.769339
0.782291
0.794951
0.807658
0.820067
0.832585
0.844767
0.857116
0.869101
0.881279
0.893089
0.905082
0.916739
0.928537
0.940031
0.951645
0.962938
0.974385
0.985435
0.996723
1.00752
1.01861
1.02916
1.04
1.05032
1.06082
1.07088
1.08095
1.09056
1.09978
1.10821
1.11559
1.12119
1.12487
1.01963
1.03892
1.01074
0.958937
0.895034
0.815271
0.731978
0.646111
0.567028
0.488051
0.412001
0.338429
0.274461
0.216408
0.162399
0.111966
0.0661924
0.0282781
0.0351017
0.0539139
0.037234
0.0435538
0.079914
0.127572
0.162594
0.196657
0.22805
0.256659
0.28244
0.306683
0.330021
0.352766
0.374878
0.396154
0.416668
0.436275
0.455363
0.473969
0.492256
0.510019
0.527382
0.544164
0.560486
0.576395
0.592067
0.607572
0.622861
0.637584
0.651536
0.665478
0.679846
0.694481
0.7085
0.722244
0.735535
0.748838
0.761739
0.774763
0.787339
0.800101
0.812405
0.82489
0.836982
0.849171
0.861106
0.873008
0.884812
0.896451
0.908119
0.919525
0.931054
0.942258
0.953656
0.964681
0.975957
0.986809
0.997963
1.00865
1.01967
1.03021
1.04107
1.05148
1.06212
1.07243
1.08282
1.09304
1.10318
1.11329
1.12323
1.13323
1.14308
1.15294
1.16258
1.17204
1.18119
1.1899
1.19797
1.20508
1.21058
1.21412
1.03639
1.08
1.08789
1.06984
1.03632
0.987843
0.931571
0.871411
0.810162
0.749194
0.684678
0.620737
0.562563
0.507467
0.45515
0.405447
0.358123
0.316427
0.28413
0.268203
0.273799
0.29888
0.335109
0.374004
0.410344
0.441693
0.467571
0.489371
0.50846
0.525856
0.542315
0.558334
0.573949
0.589282
0.604143
0.618659
0.632715
0.646604
0.660176
0.67361
0.686697
0.69958
0.712104
0.724472
0.736651
0.748793
0.760918
0.77262
0.783783
0.794677
0.80616
0.817933
0.829718
0.840984
0.852212
0.863104
0.874094
0.884837
0.895698
0.906327
0.917092
0.927627
0.938312
0.948774
0.959374
0.969783
0.980279
0.99066
1.00104
1.01141
1.02167
1.03204
1.04221
1.05256
1.06267
1.07298
1.08301
1.09327
1.10319
1.11339
1.12315
1.13327
1.14283
1.15286
1.16223
1.17217
1.18145
1.19138
1.20062
1.21043
1.21953
1.22907
1.23799
1.24714
1.25566
1.26414
1.27176
1.27883
1.28419
1.28776
1.04606
1.10018
1.12934
1.13553
1.12497
1.10148
1.06682
1.02834
0.984954
0.940713
0.893138
0.845379
0.797059
0.750509
0.702715
0.655158
0.609261
0.567976
0.536423
0.520801
0.523718
0.543021
0.573174
0.608961
0.642654
0.671027
0.691047
0.705629
0.716729
0.726279
0.735346
0.744349
0.753468
0.762592
0.771698
0.780628
0.789555
0.798382
0.807318
0.81615
0.825068
0.833836
0.84269
0.851445
0.860337
0.869268
0.8784
0.887429
0.895992
0.90452
0.913199
0.922744
0.93222
0.941889
0.951006
0.960489
0.969476
0.978976
0.987965
0.99748
1.00648
1.01598
1.02502
1.03452
1.04362
1.05311
1.06228
1.07176
1.08098
1.09047
1.09976
1.10924
1.1186
1.12805
1.13748
1.1469
1.15635
1.16574
1.17516
1.18453
1.19385
1.20319
1.21238
1.22174
1.23088
1.24032
1.24936
1.25873
1.26764
1.27689
1.28566
1.29471
1.30328
1.31201
1.32023
1.3284
1.33586
1.34279
1.34823
1.35175
1.05197
1.10977
1.15024
1.17286
1.17992
1.17448
1.15878
1.13661
1.10963
1.07964
1.04717
1.01258
0.976232
0.937761
0.89754
0.854205
0.811058
0.771141
0.739755
0.718772
0.717154
0.735008
0.767274
0.804755
0.840061
0.869311
0.887691
0.896712
0.899399
0.899619
0.899365
0.900223
0.90214
0.905072
0.908426
0.912237
0.916147
0.920435
0.92498
0.929951
0.935176
0.940719
0.946431
0.952401
0.958539
0.964959
0.971665
0.978504
0.985147
0.991641
0.998356
1.00577
1.01368
1.02168
1.02963
1.03757
1.04553
1.0535
1.06162
1.06972
1.07804
1.08627
1.09475
1.1031
1.1117
1.12017
1.12886
1.13745
1.1462
1.15488
1.16368
1.17245
1.1813
1.19016
1.19902
1.20797
1.21683
1.22585
1.23465
1.24374
1.25246
1.26163
1.27034
1.27957
1.28817
1.29734
1.30585
1.31494
1.32339
1.33234
1.34072
1.34948
1.35774
1.36619
1.37418
1.38213
1.38948
1.39634
1.4019
1.4054
1.05666
1.11438
1.16022
1.19262
1.21206
1.22022
1.21884
1.21021
1.19629
1.17896
1.15797
1.13427
1.10734
1.07655
1.04155
1.00137
0.961429
0.922584
0.886088
0.859382
0.857497
0.876631
0.910005
0.949393
0.986436
1.01587
1.03584
1.04531
1.0452
1.03838
1.02987
1.0231
1.01856
1.01629
1.01536
1.01564
1.01653
1.01794
1.01992
1.02218
1.02509
1.02818
1.03193
1.03583
1.04025
1.04488
1.04999
1.05536
1.06078
1.06598
1.07131
1.07724
1.08378
1.09067
1.09756
1.1046
1.11157
1.11873
1.12586
1.13323
1.14058
1.14816
1.15573
1.16351
1.17126
1.17919
1.18706
1.19512
1.20311
1.2113
1.21944
1.22777
1.23606
1.24451
1.25292
1.26148
1.26997
1.27861
1.28714
1.2959
1.30447
1.31328
1.32177
1.33057
1.339
1.34776
1.35613
1.3648
1.37312
1.38164
1.3899
1.39823
1.4064
1.41445
1.42241
1.43003
1.43746
1.44411
1.44991
1.45325
1.0619
1.11747
1.16508
1.20291
1.23026
1.24795
1.25706
1.25909
1.25573
1.24798
1.23698
1.22118
1.20184
1.17551
1.14263
1.10607
1.06696
1.02295
0.977495
0.952622
0.955749
0.976625
1.01005
1.05216
1.09289
1.12253
1.14336
1.15674
1.16155
1.15743
1.14656
1.13389
1.12288
1.11471
1.10902
1.10541
1.10311
1.10186
1.10124
1.10126
1.1018
1.10285
1.10432
1.10637
1.10873
1.11167
1.11487
1.11872
1.12255
1.12653
1.13034
1.13488
1.13985
1.14562
1.15132
1.15741
1.16337
1.16967
1.17592
1.18246
1.18902
1.19582
1.20268
1.20974
1.21687
1.22418
1.23158
1.23911
1.24674
1.25445
1.26228
1.27017
1.27819
1.28626
1.29444
1.30268
1.31096
1.31938
1.32775
1.33626
1.34458
1.35315
1.36143
1.37003
1.37827
1.38687
1.39508
1.40364
1.41183
1.42033
1.42848
1.43687
1.44494
1.45315
1.46102
1.4689
1.4763
1.48334
1.48925
1.4931
1.06856
1.12029
1.16756
1.20764
1.23983
1.26382
1.28034
1.2903
1.29478
1.29471
1.29026
1.28104
1.26464
1.24025
1.20933
1.1744
1.1305
1.07404
1.02722
1.01254
1.02131
1.04318
1.07946
1.12447
1.16664
1.19856
1.21969
1.2336
1.24223
1.2437
1.23851
1.22675
1.21178
1.19785
1.18599
1.17718
1.17079
1.1665
1.16352
1.16164
1.1604
1.15984
1.15983
1.16038
1.16139
1.16297
1.16496
1.16763
1.17059
1.17379
1.17686
1.18032
1.1843
1.18909
1.19409
1.19947
1.20488
1.21059
1.21631
1.22234
1.22839
1.23476
1.24116
1.24785
1.25456
1.26153
1.26851
1.27573
1.28295
1.29039
1.29783
1.30549
1.31312
1.321
1.32878
1.33689
1.34484
1.35311
1.36105
1.36941
1.37734
1.38578
1.3937
1.40218
1.41009
1.41857
1.42647
1.43489
1.44278
1.4511
1.45897
1.46717
1.47499
1.483
1.49068
1.49838
1.50568
1.51262
1.51857
1.52236
1.07734
1.12446
1.16958
1.21009
1.2445
1.27245
1.29395
1.30952
1.31972
1.32495
1.32499
1.31844
1.30183
1.27794
1.24893
1.20895
1.15174
1.08879
1.0536
1.04935
1.06173
1.08824
1.12878
1.17438
1.21479
1.24758
1.27118
1.28699
1.29731
1.30374
1.30454
1.29992
1.28958
1.27481
1.25892
1.2448
1.23345
1.22507
1.21902
1.21481
1.21192
1.20996
1.20876
1.20812
1.20804
1.20853
1.20955
1.21115
1.21333
1.21592
1.21844
1.22118
1.2243
1.22823
1.23261
1.23739
1.24233
1.24757
1.25293
1.25856
1.2643
1.2703
1.27642
1.28277
1.28922
1.29588
1.30262
1.30955
1.31655
1.32373
1.331
1.33846
1.34599
1.35372
1.36149
1.36941
1.37724
1.38527
1.39315
1.40128
1.40919
1.41738
1.42532
1.43353
1.44148
1.44968
1.45765
1.4658
1.47377
1.48185
1.48978
1.49774
1.50562
1.5134
1.52114
1.52863
1.53601
1.54278
1.54889
1.55256
1.0878
1.1304
1.17248
1.21177
1.24682
1.27667
1.30108
1.32024
1.33389
1.34228
1.34386
1.33531
1.31793
1.29438
1.26032
1.20721
1.13791
1.08448
1.06714
1.07214
1.08866
1.12073
1.16355
1.20627
1.24379
1.2755
1.30093
1.32033
1.33349
1.34229
1.34832
1.34935
1.34607
1.33812
1.32465
1.30834
1.29277
1.27948
1.26895
1.26126
1.25577
1.25208
1.24956
1.24791
1.24696
1.24653
1.24673
1.24748
1.24876
1.25072
1.2527
1.25493
1.25721
1.26035
1.264
1.26827
1.27268
1.27754
1.28249
1.2878
1.29318
1.29886
1.30461
1.31061
1.3167
1.32301
1.32944
1.33605
1.3428
1.34974
1.3568
1.36406
1.37142
1.37899
1.38651
1.39425
1.40185
1.40974
1.41742
1.42543
1.43316
1.44126
1.44903
1.45718
1.46498
1.47315
1.48098
1.48916
1.49701
1.50517
1.51301
1.52109
1.52888
1.53681
1.54447
1.55212
1.55943
1.56641
1.57249
1.57644
1.1002
1.13851
1.1771
1.21415
1.24834
1.27869
1.30441
1.32526
1.34055
1.34912
1.34782
1.33604
1.31795
1.28922
1.24204
1.17205
1.10727
1.07782
1.07521
1.08455
1.10787
1.14478
1.18595
1.22434
1.25846
1.28856
1.31449
1.33637
1.3538
1.36685
1.37546
1.38124
1.38333
1.38226
1.37679
1.36571
1.35074
1.33468
1.32008
1.30789
1.29869
1.29205
1.28749
1.28447
1.28254
1.28143
1.28096
1.28108
1.28174
1.28303
1.28472
1.28663
1.28853
1.29096
1.29397
1.29778
1.30186
1.3064
1.31109
1.31616
1.32132
1.32679
1.33233
1.33815
1.34405
1.35022
1.35646
1.36295
1.36953
1.37637
1.38327
1.39048
1.39767
1.40509
1.4124
1.41999
1.42741
1.43516
1.44268
1.45053
1.45812
1.46605
1.47369
1.48166
1.48934
1.49732
1.50503
1.513
1.52072
1.52864
1.53633
1.54416
1.55179
1.55946
1.56697
1.57435
1.58153
1.58823
1.59424
1.59796
1.11386
1.14815
1.18338
1.21793
1.25033
1.27993
1.3054
1.32603
1.34054
1.34525
1.33876
1.32426
1.30063
1.25943
1.19205
1.12138
1.08159
1.07229
1.07755
1.09402
1.12445
1.16212
1.19853
1.2322
1.26306
1.29147
1.31743
1.3407
1.36113
1.37812
1.39179
1.40128
1.40742
1.41091
1.41143
1.40846
1.40049
1.38765
1.37213
1.357
1.34368
1.33306
1.32512
1.31966
1.31606
1.31393
1.31275
1.31231
1.31246
1.31318
1.3144
1.31607
1.31767
1.31955
1.32185
1.32502
1.3287
1.33288
1.33726
1.34203
1.34694
1.35214
1.35745
1.363
1.36869
1.37458
1.38063
1.38689
1.39333
1.39998
1.40681
1.41384
1.42086
1.4281
1.43526
1.44269
1.44996
1.45755
1.46492
1.47262
1.48009
1.48788
1.49545
1.50329
1.51093
1.5188
1.52648
1.53436
1.54205
1.54989
1.55755
1.5653
1.57287
1.58046
1.58787
1.59517
1.60222
1.60884
1.61471
1.61845
1.12925
1.1594
1.19081
1.22255
1.25267
1.28051
1.30449
1.32304
1.33296
1.33047
1.31878
1.29927
1.26301
1.20043
1.12772
1.08057
1.06621
1.06837
1.07912
1.10318
1.13702
1.17093
1.20287
1.2327
1.26117
1.28813
1.31395
1.33797
1.36023
1.38006
1.39745
1.41167
1.4229
1.42988
1.43441
1.4365
1.43597
1.43118
1.42114
1.40743
1.39275
1.37876
1.36688
1.35768
1.35115
1.34688
1.34432
1.34304
1.34257
1.34278
1.34353
1.34486
1.3463
1.34795
1.34971
1.35227
1.35547
1.35933
1.36342
1.36792
1.37257
1.37754
1.38262
1.38797
1.39342
1.39914
1.40498
1.4111
1.41735
1.42393
1.43055
1.43742
1.44424
1.45133
1.45831
1.46561
1.47272
1.48017
1.48739
1.49495
1.50225
1.50987
1.51724
1.5249
1.53235
1.54004
1.54755
1.55526
1.56279
1.57047
1.57797
1.58555
1.59294
1.60034
1.60753
1.61459
1.62137
1.6277
1.63326
1.63679
1.1451
1.17219
1.19993
1.22847
1.25589
1.28092
1.30141
1.31512
1.31571
1.30606
1.28936
1.2571
1.19927
1.12731
1.07598
1.05745
1.0574
1.06457
1.08368
1.11283
1.14436
1.17392
1.20196
1.22889
1.2555
1.28143
1.30698
1.33138
1.35481
1.37649
1.39648
1.41416
1.42937
1.4416
1.45063
1.45605
1.45985
1.46103
1.45925
1.4527
1.44155
1.42793
1.41396
1.40128
1.39088
1.38312
1.37791
1.37471
1.3731
1.37249
1.37274
1.37364
1.37491
1.37644
1.37792
1.37989
1.38243
1.38583
1.38955
1.39375
1.39813
1.40286
1.40774
1.41288
1.41816
1.42367
1.42934
1.43528
1.44141
1.44779
1.45419
1.46086
1.46747
1.4744
1.48117
1.4883
1.4952
1.50249
1.50953
1.51693
1.52409
1.53156
1.53883
1.54633
1.55368
1.56119
1.56858
1.57608
1.58347
1.59093
1.59826
1.60562
1.61281
1.61996
1.62691
1.63367
1.64012
1.64606
1.65119
1.65443
1.16081
1.18525
1.21021
1.23522
1.25935
1.28026
1.29519
1.29836
1.29048
1.27516
1.24519
1.19099
1.12134
1.06859
1.04699
1.04485
1.05062
1.06699
1.09286
1.12089
1.14763
1.17303
1.19807
1.22302
1.24833
1.27364
1.29882
1.32355
1.34749
1.37045
1.39207
1.41206
1.43019
1.44613
1.45965
1.47023
1.47771
1.48225
1.4857
1.48648
1.48349
1.47552
1.4638
1.45029
1.43696
1.42525
1.41611
1.40959
1.40552
1.40333
1.40256
1.40282
1.40381
1.40528
1.40667
1.40832
1.41027
1.41307
1.41637
1.42017
1.4242
1.42863
1.43325
1.43817
1.44325
1.44861
1.45412
1.45996
1.46588
1.47206
1.47823
1.4847
1.49109
1.49782
1.5044
1.51134
1.51807
1.52518
1.53203
1.53924
1.54621
1.55348
1.56057
1.56787
1.57505
1.58237
1.58961
1.5969
1.60413
1.61136
1.61851
1.62559
1.63256
1.63938
1.64603
1.65236
1.65837
1.66372
1.6682
1.67098
1.17724
1.19968
1.22165
1.24311
1.26227
1.27713
1.28121
1.2743
1.2593
1.2305
1.17841
1.11087
1.05822
1.03547
1.03224
1.03728
1.05236
1.07623
1.10164
1.12539
1.148
1.17055
1.19353
1.21735
1.24167
1.26647
1.29121
1.31597
1.3401
1.36381
1.38632
1.40788
1.42793
1.44652
1.46329
1.47796
1.49025
1.49923
1.50584
1.51065
1.51342
1.5135
1.50907
1.49977
1.48743
1.47408
1.46153
1.4509
1.44297
1.43769
1.43474
1.43355
1.43368
1.43472
1.43603
1.43748
1.43901
1.44122
1.44398
1.44732
1.45096
1.45502
1.45936
1.46403
1.46894
1.47412
1.4795
1.48516
1.49087
1.49683
1.50279
1.50904
1.51521
1.52172
1.52806
1.53479
1.5413
1.5482
1.55485
1.56187
1.56865
1.57573
1.58265
1.58974
1.59676
1.60384
1.61092
1.61795
1.62501
1.63193
1.63888
1.64562
1.65231
1.65869
1.66492
1.67066
1.676
1.68055
1.68405
1.68626
1.19353
1.21417
1.23332
1.25057
1.26355
1.267
1.25993
1.24445
1.21563
1.16404
1.09762
1.04585
1.02315
1.01947
1.02423
1.03904
1.06167
1.08523
1.10691
1.12729
1.14744
1.16828
1.19007
1.21294
1.23647
1.26068
1.28503
1.30956
1.33371
1.35759
1.38063
1.40315
1.4245
1.44496
1.46396
1.48152
1.49719
1.51071
1.5215
1.52977
1.53599
1.54065
1.54269
1.54183
1.53599
1.52544
1.51278
1.49968
1.48788
1.47842
1.47162
1.46752
1.46558
1.46532
1.46617
1.46751
1.46877
1.47047
1.47264
1.47551
1.47869
1.48234
1.48629
1.49066
1.49528
1.50022
1.50542
1.51083
1.51633
1.52205
1.52779
1.53381
1.53976
1.54604
1.55216
1.55868
1.56496
1.57166
1.5781
1.58489
1.59149
1.59831
1.60506
1.61187
1.61871
1.62552
1.63239
1.63916
1.64597
1.65262
1.65925
1.66564
1.67193
1.67781
1.68343
1.6884
1.69277
1.69619
1.69867
1.70036
1.20721
1.22811
1.24439
1.25565
1.25771
1.24929
1.23262
1.20239
1.14952
1.08304
1.03211
1.01033
1.00705
1.01196
1.02746
1.05021
1.07243
1.09246
1.1109
1.12896
1.14763
1.16736
1.18835
1.21037
1.23328
1.2568
1.28072
1.30483
1.32889
1.35274
1.3762
1.3992
1.42143
1.44298
1.46344
1.48284
1.50087
1.51745
1.53212
1.54446
1.55421
1.56221
1.56846
1.57255
1.57372
1.57147
1.56406
1.55284
1.54001
1.52718
1.51605
1.50743
1.50177
1.49866
1.49768
1.49823
1.49933
1.50065
1.50225
1.50458
1.50741
1.51066
1.51423
1.51817
1.52245
1.52712
1.53201
1.53715
1.54239
1.5479
1.55338
1.55918
1.56485
1.57091
1.57678
1.58306
1.58914
1.59557
1.60184
1.60837
1.61479
1.62138
1.62791
1.63451
1.6411
1.64765
1.65425
1.66066
1.66721
1.6734
1.67969
1.68554
1.69129
1.69647
1.70123
1.70509
1.70824
1.71047
1.7116
1.71256
1.22356
1.2399
1.25272
1.25372
1.24312
1.22473
1.19192
1.13579
1.06764
1.01758
0.997488
0.995178
1.00063
1.01751
1.04095
1.06254
1.08123
1.09812
1.11446
1.13126
1.14919
1.16827
1.18868
1.21004
1.2324
1.25531
1.27878
1.30243
1.32626
1.34987
1.37347
1.39648
1.4193
1.44129
1.46279
1.48335
1.50312
1.5216
1.53891
1.55448
1.56827
1.57956
1.58885
1.59691
1.60223
1.60534
1.60573
1.60212
1.59328
1.5813
1.56806
1.55561
1.5452
1.53761
1.533
1.53087
1.53085
1.53181
1.53283
1.5344
1.53661
1.53951
1.54273
1.54625
1.55012
1.55438
1.55894
1.56375
1.56877
1.574
1.5793
1.58484
1.59034
1.59614
1.60177
1.60782
1.6136
1.61985
1.62579
1.63213
1.63826
1.64456
1.6509
1.65708
1.66359
1.66963
1.6762
1.68209
1.68847
1.69415
1.70009
1.70523
1.71038
1.71448
1.71809
1.72048
1.72226
1.72264
1.72174
1.72226
1.23814
1.24753
1.25234
1.24142
1.22007
1.18385
1.1232
1.05221
1.0026
0.983835
0.98279
0.990497
1.0093
1.03354
1.05513
1.07324
1.08894
1.10385
1.11907
1.13522
1.15271
1.17141
1.19136
1.21223
1.23401
1.25637
1.27927
1.30244
1.32583
1.3492
1.37256
1.39559
1.41853
1.44077
1.46293
1.48407
1.50495
1.52463
1.54372
1.56139
1.57792
1.59264
1.60536
1.61595
1.62509
1.63237
1.63721
1.63909
1.63838
1.63304
1.62295
1.61016
1.59682
1.58461
1.57491
1.56829
1.56465
1.56364
1.56406
1.56497
1.56628
1.56851
1.57141
1.57472
1.57831
1.5822
1.58635
1.59081
1.59546
1.60043
1.6054
1.61076
1.61592
1.62156
1.62686
1.63271
1.6382
1.64417
1.64989
1.65592
1.66184
1.6679
1.67396
1.68
1.68608
1.69205
1.69799
1.70377
1.70941
1.71472
1.71981
1.72423
1.72818
1.73093
1.73301
1.73387
1.73348
1.73165
1.72895
1.72809
1.25385
1.25114
1.24169
1.218
1.17726
1.11128
1.03698
0.98733
0.970229
0.970664
0.981729
1.00309
1.02789
1.04971
1.06739
1.08239
1.09629
1.11024
1.12515
1.14107
1.15832
1.17664
1.19607
1.21641
1.23752
1.25935
1.28162
1.30437
1.32724
1.35035
1.37333
1.39635
1.41906
1.44164
1.46377
1.48556
1.50682
1.52745
1.54749
1.5666
1.58475
1.60183
1.61729
1.63125
1.64287
1.65314
1.66201
1.66841
1.67205
1.6729
1.67071
1.66334
1.65208
1.63867
1.6253
1.61352
1.60463
1.59903
1.59638
1.596
1.59662
1.59769
1.59968
1.60255
1.60592
1.60957
1.61342
1.61757
1.62183
1.62651
1.63118
1.63631
1.6413
1.64669
1.65189
1.65743
1.66282
1.66845
1.67398
1.67969
1.68531
1.6911
1.69677
1.70261
1.70821
1.71401
1.71939
1.72486
1.72982
1.73458
1.73862
1.742
1.74425
1.74561
1.74567
1.74435
1.74204
1.73731
1.72972
1.72576
1.26408
1.24575
1.2158
1.16586
1.09249
1.01964
0.973416
0.9574
0.959315
0.97414
0.998665
1.02414
1.04593
1.06329
1.07776
1.09077
1.10391
1.11767
1.13258
1.14857
1.16567
1.18384
1.20288
1.22293
1.24348
1.26493
1.28651
1.30886
1.33099
1.35386
1.37618
1.39919
1.42143
1.44418
1.46609
1.48822
1.5095
1.53074
1.55111
1.57114
1.59028
1.60875
1.62602
1.64232
1.65689
1.66975
1.68079
1.69074
1.69878
1.70377
1.70573
1.70563
1.70172
1.69257
1.67979
1.66561
1.65214
1.64086
1.63289
1.62822
1.62666
1.62688
1.62759
1.62911
1.63195
1.63539
1.63923
1.64306
1.64718
1.65141
1.65593
1.66062
1.66554
1.6706
1.67578
1.68103
1.68637
1.69175
1.69717
1.70266
1.7081
1.71366
1.71906
1.72463
1.72987
1.73528
1.74018
1.74506
1.74924
1.75302
1.75572
1.75747
1.75798
1.75743
1.75555
1.75196
1.74617
1.73612
1.72099
1.71267
1.27302
1.22181
1.15411
1.06914
0.995109
0.955994
0.944509
0.948627
0.96837
0.9966
1.02237
1.04356
1.06065
1.07467
1.08728
1.09967
1.11268
1.12671
1.14177
1.15791
1.17493
1.19289
1.21161
1.23114
1.2513
1.27209
1.29329
1.31497
1.33682
1.35899
1.38116
1.40343
1.4256
1.44766
1.46963
1.49125
1.51277
1.5338
1.55468
1.57495
1.59482
1.61395
1.63243
1.6499
1.66644
1.68151
1.69522
1.70681
1.71758
1.72646
1.73314
1.73649
1.73692
1.73507
1.72891
1.71808
1.70393
1.68931
1.67575
1.66524
1.6582
1.65481
1.65408
1.65457
1.65577
1.65825
1.66176
1.66555
1.66966
1.67384
1.67827
1.68271
1.68753
1.69232
1.6975
1.70253
1.70791
1.71306
1.71855
1.72371
1.72921
1.73437
1.73972
1.7448
1.74988
1.75465
1.75912
1.76312
1.76637
1.76861
1.76973
1.76965
1.76842
1.76596
1.76157
1.75311
1.74027
1.72413
1.70411
1.69375
1.2635
1.15217
1.0416
0.961923
0.929168
0.925929
0.935922
0.961751
0.993883
1.02125
1.04258
1.05893
1.07218
1.08428
1.09607
1.10865
1.12204
1.13654
1.15194
1.1682
1.18526
1.20301
1.2215
1.24064
1.26041
1.28068
1.30142
1.32246
1.34383
1.36529
1.38693
1.40857
1.43032
1.45198
1.47365
1.49507
1.51639
1.53728
1.55796
1.5782
1.59804
1.61746
1.63624
1.65449
1.67188
1.68836
1.70375
1.71758
1.7299
1.74063
1.75046
1.75795
1.76262
1.76372
1.7629
1.75913
1.7505
1.73763
1.72244
1.70742
1.69441
1.68503
1.6793
1.67725
1.67754
1.67844
1.68043
1.68392
1.68808
1.69256
1.69711
1.70162
1.70641
1.71109
1.7162
1.72111
1.72651
1.73156
1.73709
1.74218
1.74766
1.75271
1.75794
1.76275
1.76746
1.77168
1.77536
1.77828
1.77994
1.78042
1.77984
1.77813
1.77484
1.76835
1.75811
1.74277
1.7243
1.70443
1.6835
1.67395
1.23204
1.02548
0.916445
0.888836
0.894609
0.916315
0.951039
0.98649
1.01639
1.03917
1.05545
1.06801
1.07933
1.09093
1.10333
1.1167
1.13104
1.14614
1.16205
1.17855
1.19574
1.2135
1.23181
1.25074
1.27011
1.28999
1.3102
1.33076
1.35153
1.37248
1.39358
1.41465
1.43577
1.45673
1.47767
1.49842
1.51911
1.53958
1.55983
1.57977
1.59932
1.6186
1.63728
1.65562
1.67321
1.69019
1.7063
1.72134
1.73526
1.74755
1.75856
1.7686
1.77674
1.78267
1.78463
1.78401
1.78147
1.77536
1.76469
1.74969
1.73406
1.71916
1.70731
1.69942
1.69562
1.69491
1.69579
1.69769
1.70078
1.70551
1.71
1.71526
1.72004
1.72541
1.73033
1.73576
1.74092
1.74639
1.75172
1.75712
1.76242
1.76754
1.77252
1.77705
1.78122
1.78465
1.78718
1.78843
1.78833
1.78735
1.78513
1.7804
1.77241
1.75902
1.7425
1.72245
1.70163
1.68237
1.66511
1.65835
1.15528
0.839129
0.791901
0.822281
0.865366
0.917568
0.962972
0.998689
1.02507
1.04365
1.05698
1.06867
1.08053
1.09335
1.10716
1.12183
1.13723
1.15322
1.16978
1.1868
1.2043
1.22222
1.2405
1.25914
1.27812
1.29749
1.3172
1.33716
1.35739
1.37769
1.39812
1.41846
1.43885
1.45909
1.4793
1.49935
1.51926
1.53908
1.55853
1.57799
1.59689
1.6158
1.63405
1.65212
1.66956
1.6865
1.70284
1.71829
1.73299
1.74644
1.75864
1.76934
1.77907
1.78743
1.79381
1.79695
1.79712
1.79507
1.79071
1.7826
1.76952
1.75375
1.73761
1.72382
1.7136
1.70798
1.70623
1.70712
1.70893
1.71195
1.71658
1.72199
1.72758
1.7332
1.73876
1.74434
1.74988
1.75544
1.76101
1.76645
1.77188
1.7769
1.78174
1.78581
1.78928
1.7915
1.79239
1.79211
1.79086
1.78765
1.78159
1.77081
1.75638
1.73741
1.71697
1.69612
1.67763
1.66313
1.65214
1.64887
1.0413
0.629032
0.631571
0.712035
0.799593
0.876999
0.933218
0.972576
1.00013
1.0196
1.03573
1.0511
1.06669
1.08286
1.09945
1.11638
1.1336
1.15105
1.1688
1.18678
1.20504
1.22351
1.24222
1.26104
1.28003
1.29921
1.31861
1.3381
1.35781
1.37743
1.3972
1.41678
1.43641
1.45588
1.47526
1.49455
1.51359
1.53264
1.55127
1.56996
1.58812
1.6063
1.6239
1.64137
1.65835
1.67483
1.69103
1.70628
1.72126
1.73506
1.7482
1.75999
1.77073
1.78034
1.78918
1.7959
1.80047
1.8012
1.79956
1.79636
1.79005
1.7796
1.76441
1.74827
1.73285
1.72085
1.71347
1.71036
1.7108
1.7129
1.7162
1.72085
1.72682
1.73302
1.73929
1.74541
1.75155
1.75751
1.76348
1.76922
1.77475
1.77983
1.78425
1.78782
1.79
1.79085
1.79076
1.78907
1.78477
1.77641
1.76437
1.74697
1.72761
1.70632
1.68668
1.66965
1.65703
1.6488
1.6436
1.64307
0.982322
0.469486
0.470475
0.580819
0.698895
0.791319
0.855387
0.900496
0.933605
0.960584
0.984662
1.00738
1.02912
1.0502
1.07073
1.09093
1.11088
1.13064
1.1503
1.16982
1.1894
1.2088
1.22841
1.24789
1.26741
1.28682
1.30626
1.32572
1.34512
1.36454
1.38382
1.40311
1.42216
1.44125
1.45999
1.47882
1.49719
1.5157
1.53364
1.55181
1.56922
1.58699
1.60384
1.62109
1.63737
1.65384
1.66954
1.68493
1.69979
1.71399
1.72751
1.7404
1.75199
1.76304
1.77255
1.78198
1.78889
1.79453
1.79618
1.79569
1.79263
1.78764
1.77962
1.76645
1.75012
1.73417
1.72075
1.71182
1.70753
1.70747
1.70987
1.71341
1.71821
1.72445
1.73144
1.73832
1.74522
1.75177
1.75822
1.7642
1.7697
1.77447
1.77806
1.78045
1.7818
1.78178
1.77943
1.77386
1.76428
1.74964
1.73123
1.71095
1.69017
1.67192
1.65687
1.64662
1.63989
1.637
1.63524
1.6363
0.969753
0.402606
0.366293
0.472219
0.592259
0.681115
0.745757
0.795394
0.836874
0.873686
0.906917
0.937567
0.965871
0.992502
1.01764
1.04166
1.06485
1.08725
1.10935
1.13071
1.1521
1.17281
1.19372
1.21417
1.23468
1.25488
1.27481
1.2948
1.31439
1.33417
1.35356
1.373
1.39217
1.41121
1.43002
1.44861
1.46697
1.48511
1.50295
1.52076
1.53807
1.55564
1.5724
1.58966
1.60585
1.62249
1.63811
1.65375
1.66873
1.68317
1.6973
1.71057
1.72338
1.73523
1.74621
1.7561
1.76562
1.77295
1.77907
1.78179
1.7821
1.77946
1.77603
1.76923
1.75911
1.74336
1.72745
1.71283
1.70295
1.69745
1.69676
1.69896
1.70328
1.70833
1.71484
1.7222
1.72989
1.73729
1.74429
1.75063
1.75566
1.75978
1.76251
1.76433
1.76385
1.7607
1.75384
1.74236
1.72588
1.70691
1.68607
1.66677
1.64992
1.63756
1.62901
1.62442
1.62225
1.62196
1.62172
1.62361
0.971604
0.392118
0.330767
0.410321
0.506764
0.580018
0.637973
0.688293
0.734249
0.776628
0.815569
0.851322
0.884442
0.915049
0.943992
0.971
0.997155
1.02195
1.04639
1.06987
1.09313
1.11571
1.13793
1.15975
1.18116
1.20246
1.22304
1.24382
1.26412
1.2845
1.30475
1.32462
1.34467
1.36397
1.38359
1.40239
1.42153
1.4399
1.45866
1.47669
1.49509
1.51277
1.53067
1.54786
1.56505
1.58146
1.59788
1.61327
1.62899
1.64336
1.65833
1.67175
1.68569
1.69809
1.71042
1.72138
1.73177
1.74129
1.74947
1.75587
1.75992
1.76123
1.76028
1.75707
1.75133
1.74315
1.72948
1.7137
1.69875
1.68804
1.68168
1.68039
1.68197
1.68647
1.69214
1.69868
1.70618
1.71381
1.72132
1.72705
1.73233
1.73562
1.73777
1.7369
1.73301
1.725
1.71121
1.69425
1.67409
1.6544
1.63598
1.6218
1.61107
1.60484
1.60128
1.60016
1.60033
1.60081
1.60119
1.6032
0.979836
0.394847
0.324572
0.389218
0.464372
0.517159
0.560876
0.603725
0.646498
0.68809
0.727417
0.76427
0.798884
0.831304
0.862161
0.891399
0.919537
0.9466
0.9727
0.998039
1.02245
1.04628
1.0693
1.09199
1.11406
1.13612
1.15779
1.17937
1.2008
1.22201
1.24324
1.26413
1.28504
1.30564
1.32609
1.3465
1.36642
1.38662
1.40602
1.42577
1.4446
1.46354
1.48171
1.4995
1.51696
1.5336
1.55036
1.56613
1.58222
1.59741
1.61269
1.62743
1.64159
1.65569
1.66852
1.68144
1.69263
1.7042
1.71374
1.72333
1.73016
1.73605
1.73859
1.73871
1.73632
1.73294
1.72705
1.71585
1.70153
1.68673
1.6757
1.66855
1.66632
1.66691
1.67061
1.67569
1.68175
1.68807
1.69379
1.69899
1.70168
1.70354
1.70204
1.69699
1.68757
1.67249
1.65457
1.6346
1.61558
1.59916
1.58654
1.57809
1.57278
1.57044
1.56934
1.56974
1.57033
1.57078
1.57095
1.57285
0.992045
0.401615
0.326186
0.388513
0.455244
0.494219
0.523528
0.554613
0.588823
0.624397
0.659666
0.693945
0.727024
0.758891
0.789528
0.819152
0.847479
0.875028
0.901269
0.926937
0.951526
0.975684
0.999189
1.02235
1.04531
1.06805
1.0908
1.11328
1.13581
1.15809
1.18039
1.20246
1.22448
1.2463
1.26795
1.28939
1.31051
1.33136
1.35173
1.37176
1.39117
1.41031
1.42877
1.44715
1.46489
1.48274
1.49998
1.51743
1.53427
1.5512
1.56747
1.58373
1.59913
1.61448
1.62874
1.64296
1.65603
1.66856
1.68066
1.6913
1.70204
1.70982
1.7179
1.72203
1.72503
1.72436
1.7229
1.71897
1.71075
1.69747
1.68311
1.67037
1.66163
1.65727
1.65626
1.6575
1.66064
1.6641
1.66683
1.66867
1.66803
1.66518
1.65824
1.64663
1.62979
1.61078
1.59043
1.57191
1.55643
1.54489
1.5372
1.53237
1.53001
1.52869
1.52869
1.52885
1.52926
1.52923
1.52931
1.53062
1.0044
0.407145
0.32683
0.392096
0.459165
0.492943
0.513773
0.536035
0.562326
0.591094
0.620885
0.650823
0.680601
0.70982
0.738405
0.766096
0.793007
0.819001
0.844333
0.868907
0.893061
0.9167
0.94015
0.963345
0.986517
1.0096
1.03276
1.05583
1.07886
1.10184
1.12462
1.1474
1.16987
1.19227
1.2143
1.23609
1.25751
1.27857
1.29931
1.3197
1.33982
1.35972
1.37943
1.39897
1.41836
1.43754
1.45651
1.47515
1.49344
1.51133
1.52873
1.54565
1.562
1.57797
1.59335
1.60844
1.62301
1.63703
1.65093
1.66403
1.67739
1.68903
1.7003
1.70956
1.71621
1.72068
1.72076
1.72088
1.71757
1.71022
1.69747
1.68229
1.66743
1.65615
1.64848
1.64372
1.64152
1.63983
1.63754
1.6336
1.62763
1.61731
1.60255
1.58375
1.56328
1.54215
1.524
1.50876
1.49814
1.49046
1.48629
1.48324
1.48202
1.48116
1.48102
1.48107
1.48075
1.48053
1.4803
1.48089
1.01484
0.409296
0.324548
0.394657
0.465199
0.498357
0.515606
0.533211
0.554891
0.57938
0.605181
0.631501
0.657995
0.684393
0.710439
0.735943
0.760776
0.785011
0.80862
0.831852
0.854692
0.877429
0.900003
0.922681
0.945345
0.968192
0.99109
1.01406
1.03701
1.05981
1.08261
1.10508
1.12759
1.14963
1.1718
1.19341
1.2153
1.23654
1.25827
1.27925
1.30083
1.3216
1.34287
1.36337
1.38409
1.40408
1.42404
1.44329
1.46235
1.48074
1.49887
1.51645
1.5338
1.55066
1.56741
1.58363
1.59989
1.61556
1.63117
1.64629
1.66096
1.67508
1.68798
1.69995
1.7096
1.71724
1.72086
1.72154
1.72041
1.71686
1.70908
1.6952
1.67789
1.65974
1.6447
1.63216
1.62235
1.61331
1.6039
1.59313
1.57872
1.56069
1.53971
1.51726
1.49621
1.47765
1.46321
1.45251
1.44544
1.4404
1.43741
1.43534
1.4338
1.43292
1.43253
1.43217
1.43189
1.43153
1.43116
1.43298
1.02163
0.409069
0.320419
0.395759
0.4705
0.504378
0.520047
0.535319
0.554652
0.57699
0.600801
0.62516
0.649694
0.674222
0.698616
0.722652
0.746197
0.769104
0.791528
0.813478
0.835295
0.857009
0.878857
0.900861
0.92302
0.945401
0.967812
0.990369
1.01279
1.03523
1.05748
1.07971
1.10175
1.12386
1.14574
1.16784
1.18962
1.21176
1.2335
1.25557
1.27725
1.2991
1.32056
1.34201
1.36302
1.38385
1.40416
1.42418
1.44363
1.46277
1.4813
1.49966
1.51737
1.53506
1.55215
1.56932
1.58594
1.60263
1.61873
1.63474
1.65007
1.66499
1.67896
1.69191
1.70346
1.71305
1.7199
1.72346
1.72315
1.72144
1.71734
1.70855
1.69284
1.67252
1.65072
1.63007
1.61066
1.59233
1.5738
1.55358
1.53096
1.50642
1.48209
1.45971
1.44085
1.42634
1.41575
1.40819
1.40309
1.39943
1.39671
1.39452
1.39313
1.39214
1.39154
1.39127
1.3914
1.39186
1.39237
1.39482
1.02511
0.40722
0.315902
0.395973
0.474468
0.50935
0.524148
0.537924
0.555906
0.577156
0.599983
0.623472
0.647103
0.670718
0.694252
0.717589
0.740523
0.762875
0.784703
0.806057
0.827326
0.848545
0.87007
0.891764
0.913749
0.9359
0.95808
0.980386
1.00245
1.02467
1.04654
1.06866
1.09046
1.11258
1.13438
1.1566
1.17839
1.20074
1.22247
1.24487
1.26651
1.28874
1.31025
1.33202
1.35322
1.37426
1.3949
1.41497
1.43487
1.4539
1.47298
1.4911
1.50942
1.52687
1.54463
1.56159
1.57893
1.59544
1.61232
1.62827
1.6444
1.65948
1.67437
1.68793
1.70086
1.71159
1.72137
1.7267
1.72996
1.72876
1.72628
1.72078
1.70966
1.69053
1.66589
1.63811
1.60924
1.57999
1.55018
1.5201
1.49018
1.46211
1.43762
1.41761
1.40244
1.39145
1.38353
1.37789
1.37377
1.37048
1.36782
1.36572
1.36428
1.36291
1.36239
1.36233
1.36267
1.36325
1.36371
1.36649
1.02624
0.404823
0.312189
0.395871
0.477198
0.512918
0.527163
0.539929
0.557049
0.577686
0.600007
0.623075
0.646265
0.669447
0.692536
0.715559
0.738201
0.760364
0.781939
0.803103
0.82419
0.845296
0.86681
0.88849
0.910574
0.932725
0.954948
0.977195
0.999213
1.02135
1.04314
1.0652
1.08696
1.10904
1.13089
1.15306
1.17493
1.1972
1.21899
1.24133
1.26297
1.28521
1.30669
1.32855
1.34972
1.37088
1.39149
1.4117
1.43155
1.45069
1.46975
1.48794
1.50627
1.52381
1.54159
1.5587
1.5761
1.5928
1.60985
1.62599
1.64243
1.65778
1.67311
1.68726
1.70066
1.71285
1.72302
1.73155
1.73567
1.73613
1.73461
1.73092
1.72289
1.70706
1.68241
1.65061
1.6139
1.57424
1.53398
1.49562
1.46121
1.43251
1.40994
1.39301
1.38087
1.37217
1.36576
1.36097
1.35723
1.35405
1.35132
1.34916
1.34752
1.34605
1.34539
1.34518
1.34538
1.34581
1.34609
1.34875
1.02625
0.403069
0.310026
0.395772
0.478689
0.514918
0.528875
0.541092
0.557747
0.578047
0.600112
0.622947
0.645946
0.668938
0.691813
0.714674
0.737173
0.759254
0.78072
0.801837
0.822881
0.84401
0.865582
0.88733
0.909523
0.931734
0.95407
0.976346
0.998427
1.02056
1.04239
1.06444
1.08623
1.10829
1.1302
1.15232
1.17428
1.19646
1.21831
1.24054
1.26224
1.28438
1.30589
1.32771
1.34888
1.37007
1.39062
1.41093
1.43066
1.44995
1.46884
1.48721
1.50537
1.52312
1.54072
1.55808
1.5753
1.5923
1.60922
1.62566
1.64209
1.65769
1.67316
1.68758
1.70129
1.71393
1.72464
1.73419
1.73916
1.74143
1.73992
1.73672
1.72993
1.7164
1.69291
1.65969
1.6184
1.57197
1.52508
1.48208
1.44589
1.41779
1.39705
1.38221
1.37176
1.36422
1.35848
1.35403
1.3504
1.34726
1.34448
1.34223
1.34047
1.33895
1.33804
1.3377
1.33778
1.33809
1.33824
1.34072
)
;

boundaryField
{
    inlet
    {
        type            calculated;
        value           uniform 3.00001;
    }
    outlet
    {
        type            calculated;
        value           nonuniform List<scalar> 
40
(
0.933767
1.03285
1.12487
1.21412
1.28776
1.35175
1.4054
1.45325
1.4931
1.52236
1.55256
1.57644
1.59796
1.61845
1.63679
1.65443
1.67098
1.68626
1.70036
1.71256
1.72226
1.72809
1.72576
1.71267
1.69375
1.67395
1.65835
1.64887
1.64307
1.6363
1.62361
1.6032
1.57285
1.53062
1.48089
1.43298
1.39482
1.36649
1.34875
1.34072
)
;
    }
    bottom
    {
        type            symmetryPlane;
    }
    top
    {
        type            symmetryPlane;
    }
    obstacle
    {
        type            calculated;
        value           uniform 0;
    }
    defaultFaces
    {
        type            empty;
    }
}


// ************************************************************************* //
