/*--------------------------------*- C++ -*----------------------------------*\
  =========                 |
  \\      /  F ield         | OpenFOAM: The Open Source CFD Toolbox
   \\    /   O peration     | Website:  https://openfoam.org
    \\  /    A nd           | Version:  10
     \\/     M anipulation  |
\*---------------------------------------------------------------------------*/
FoamFile
{
    format      ascii;
    class       volScalarField;
    location    "8";
    object      Ma;
}
// * * * * * * * * * * * * * * * * * * * * * * * * * * * * * * * * * * * * * //

dimensions      [0 0 0 0 0 0 0];

internalField   nonuniform List<scalar> 
5250
(
2.99999
2.99996
2.99988
2.99972
2.99918
2.99822
2.99498
2.98897
2.9701
2.93043
2.82042
2.56222
1.98209
1.01676
0.421723
0.323315
0.340552
0.337348
0.304619
0.25211
0.202645
0.161546
0.120504
0.0751163
0.041579
2.99999
2.99996
2.99989
2.9997
2.99925
2.99808
2.99543
2.98816
2.97221
2.92828
2.82605
2.5641
1.99297
1.0293
0.429561
0.324263
0.34199
0.339428
0.307098
0.255482
0.207263
0.167588
0.128796
0.0886869
0.0648095
2.99999
2.99996
2.99988
2.99972
2.99923
2.99823
2.99532
2.989
2.97188
2.93176
2.82818
2.57624
2.01314
1.05768
0.447748
0.32749
0.346588
0.345839
0.314772
0.265481
0.220182
0.183995
0.150231
0.118668
0.103049
2.99999
2.99996
2.9999
2.9997
2.99934
2.99811
2.99588
2.98868
2.97419
2.93248
2.83713
2.58975
2.04654
1.10255
0.475301
0.33206
0.3539
0.356294
0.327254
0.281312
0.239931
0.208165
0.180128
0.155767
0.144823
2.99999
2.99997
2.9999
2.99973
2.99932
2.99834
2.99577
2.99
2.97405
2.93846
2.8428
2.61372
2.08945
1.16559
0.512605
0.338076
0.363805
0.37049
0.343955
0.301964
0.264968
0.237967
0.215348
0.196773
0.188977
3
2.99997
2.99991
2.99973
2.99942
2.99833
2.99639
2.98996
2.97742
2.94027
2.85708
2.63758
2.14737
1.24961
0.560057
0.346481
0.377147
0.388983
0.365123
0.327459
0.294963
0.27288
0.255684
0.242543
0.238153
3
2.99997
2.99991
2.99979
2.99939
2.99867
2.99625
2.99184
2.97754
2.94864
2.86598
2.6737
2.21466
1.35837
0.618403
0.359789
0.395583
0.412562
0.391107
0.357853
0.329922
0.312944
0.301684
0.294837
0.295673
3
2.99998
2.99993
2.99979
2.99951
2.99868
2.997
2.99189
2.98167
2.95131
2.88481
2.70608
2.2975
1.49289
0.688514
0.383792
0.422433
0.442876
0.423144
0.394082
0.370504
0.358872
0.354345
0.356041
0.367254
3
2.99998
2.99993
2.99984
2.99953
2.99894
2.99715
2.99344
2.983
2.95933
2.89742
2.74759
2.38482
1.6553
0.771614
0.424856
0.462177
0.481441
0.463257
0.437407
0.41794
0.411357
0.414815
0.430238
0.463768
3
2.99998
2.99994
2.99985
2.9996
2.99904
2.99759
2.99405
2.98561
2.96357
2.91205
2.77882
2.46179
1.79598
0.854481
0.46509
0.499496
0.51703
0.505456
0.484731
0.470823
0.469874
0.485932
0.527867
0.6283
3
2.99999
2.99995
2.99987
2.99965
2.99918
2.99781
2.99505
2.98661
2.96967
2.92009
2.80847
2.52142
1.91229
0.958949
0.523114
0.525824
0.540572
0.541534
0.530243
0.524204
0.53254
0.566704
0.64556
0.804194
3
2.99999
2.99996
2.99988
2.99972
2.99923
2.99824
2.99537
2.98907
2.97226
2.93249
2.83079
2.58278
2.03025
1.10164
0.601136
0.542435
0.559372
0.570438
0.570591
0.574633
0.594491
0.643654
0.739754
0.896814
3
2.99999
2.99997
2.9999
2.99975
2.99937
2.99844
2.9961
2.99065
2.97606
2.94291
2.85475
2.64322
2.15409
1.27634
0.693754
0.559378
0.576863
0.595723
0.606529
0.620602
0.650642
0.706533
0.798812
0.928245
3
3
2.99997
2.99993
2.99978
2.9995
2.99865
2.99689
2.99193
2.98075
2.95155
2.88113
2.7027
2.28778
1.48658
0.804878
0.589702
0.603366
0.624024
0.641935
0.66242
0.697547
0.753928
0.836083
0.943377
3
3
2.99998
2.99994
2.99984
2.99958
2.99895
2.99745
2.99355
2.98476
2.9607
2.90664
2.76365
2.43133
1.74581
0.935881
0.644745
0.64598
0.661651
0.68136
0.702993
0.737597
0.790645
0.863727
0.95588
3
3
2.99999
2.99995
2.99987
2.99966
2.99918
2.99792
2.99492
2.98762
2.96894
2.92499
2.81204
2.54145
1.95701
1.07367
0.706929
0.687045
0.701407
0.720533
0.741996
0.774481
0.822252
0.886811
0.967386
3.00001
3
2.99999
2.99996
2.9999
2.99973
2.99934
2.99835
2.9959
2.99015
2.97495
2.9402
2.84869
2.62965
2.13099
1.26961
0.799494
0.717962
0.731094
0.750811
0.775558
0.80735
0.850985
0.907904
0.978028
3.00001
3
2.99999
2.99997
2.99993
2.99978
2.99951
2.99865
2.99694
2.99195
2.98112
2.95198
2.88345
2.70787
2.30353
1.52368
0.922856
0.75396
0.75872
0.777619
0.804787
0.83623
0.876624
0.927581
0.98872
3.00001
3
3
2.99998
2.99994
2.99985
2.99959
2.99905
2.99757
2.99415
2.98561
2.96443
2.91319
2.78485
2.47964
1.84421
1.07815
0.813396
0.796942
0.810475
0.835512
0.865637
0.90183
0.94693
1.00052
3.00001
3
3
2.99999
2.99996
2.99989
2.9997
2.99929
2.99811
2.99578
2.98857
2.9744
2.93251
2.84044
2.60077
2.08579
1.25367
0.882895
0.832367
0.843352
0.865513
0.89462
0.927113
0.966603
1.0134
3.00001
3.00001
3
2.99999
2.99997
2.99991
2.9998
2.99942
2.99871
2.99655
2.99209
2.97958
2.9514
2.87772
2.70092
2.28638
1.51419
0.999891
0.87106
0.873327
0.89155
0.919918
0.950741
0.986091
1.02727
3.00001
3.00001
3
3
2.99998
2.99994
2.99984
2.99961
2.99902
2.99759
2.99418
2.98536
2.96531
2.91215
2.78783
2.48368
1.85637
1.15896
0.929133
0.908587
0.920445
0.944736
0.97451
1.00607
1.04213
3.00001
3.00001
3
3
2.99999
2.99996
2.99989
2.99972
2.99931
2.99823
2.99593
2.98929
2.97568
2.93648
2.85031
2.62635
2.14208
1.35937
1.00572
0.943989
0.950887
0.970433
0.997436
1.02649
1.05825
3.00001
3.00001
3.00001
3
2.99999
2.99997
2.99992
2.9998
2.99952
2.99872
2.99716
2.99227
2.98291
2.95445
2.89418
2.73134
2.36673
1.65192
1.13175
0.988636
0.981659
0.993679
1.01741
1.04582
1.07528
3.00001
3.00001
3.00001
3
3
2.99998
2.99995
2.99987
2.99965
2.99919
2.99787
2.99521
2.98727
2.97135
2.92547
2.82434
2.56895
2.02772
1.31518
1.05627
1.0172
1.02234
1.04057
1.06578
1.09293
3.00001
3.00001
3.00001
3
3
2.99999
2.99997
2.99991
2.99977
2.99943
2.99855
2.99666
2.99126
2.98019
2.94819
2.87894
2.69605
2.29172
1.56131
1.15094
1.05419
1.05027
1.06192
1.08453
1.1107
3.00001
3.00001
3.00001
3.00001
3
3
2.99998
2.99994
2.99985
2.9996
2.99907
2.99766
2.99437
2.98632
2.96615
2.91862
2.79877
2.51869
1.92955
1.31077
1.10837
1.08128
1.08694
1.10468
1.12825
3.00001
3.00001
3.00001
3.00001
3
3
2.99999
2.99996
2.99991
2.99973
2.99941
2.99839
2.99638
2.99058
2.97811
2.94491
2.86774
2.67514
2.24595
1.53677
1.19194
1.11704
1.11326
1.12401
1.14333
3.00001
3.00001
3.00001
3.00001
3.00001
3
3
2.99998
2.99994
2.99983
2.99961
2.99893
2.99768
2.99363
2.9861
2.96303
2.91493
2.78499
2.4935
1.8868
1.33755
1.16534
1.14096
1.14504
1.1593
3.00001
3.00001
3.00001
3.00001
3.00001
3
3
2.99999
2.99996
2.9999
2.99972
2.99938
2.99834
2.99625
2.99035
2.97743
2.9437
2.86472
2.67001
2.23631
1.55927
1.24665
1.17668
1.16832
1.17297
3.00001
3.00001
3.00001
3.00001
3.00001
3.00001
3
2.99999
2.99998
2.99993
2.99983
2.99959
2.99897
2.99759
2.99378
2.98591
2.96326
2.91553
2.78683
2.49979
1.90696
1.38765
1.22077
1.1913
1.18501
3.00001
3.00001
3.00001
3.00001
3.00001
3.00001
3
3
2.99999
2.99996
2.99989
2.99975
2.99933
2.99852
2.996
2.99132
2.97662
2.94771
2.86593
2.68423
2.26095
1.6095
1.30012
1.21839
1.19365
3.00001
3.00001
3.00001
3.00001
3.00001
3.00001
3.00001
3
3
2.99998
2.99994
2.99983
2.99963
2.99898
2.99775
2.99407
2.98657
2.96577
2.91956
2.80109
2.53104
1.97086
1.44035
1.25069
1.19351
3.00001
3.00001
3.00001
3.00001
3.00001
3.00001
3.00001
3
3
2.99999
2.99997
2.9999
2.99976
2.99938
2.99853
2.99641
2.99123
2.97925
2.94801
2.8772
2.69877
2.30271
1.65806
1.31187
1.1773
3.00001
3.00001
3.00001
3.00001
3.00001
3.00001
3.00001
3.00001
3
3
2.99998
2.99994
2.99984
2.99963
2.99905
2.99775
2.99453
2.98668
2.96827
2.92174
2.81323
2.55404
2.0204
1.42118
1.12305
3.00001
3.00001
3.00001
3.00001
3.00001
3.00001
3.00001
3.00001
3
3
2.99999
2.99996
2.99989
2.99976
2.99932
2.99852
2.99603
2.99109
2.97699
2.94614
2.86537
2.67761
2.25079
1.5435
1.01017
3.00001
3.00001
3.00001
3.00001
3.00001
3.00001
3.00001
3.00001
3.00001
3
2.99999
2.99997
2.99992
2.99981
2.99951
2.9988
2.99706
2.99271
2.98266
2.95595
2.89507
2.7377
2.37903
1.68199
0.884022
3.00001
3.00001
3.00001
3.00001
3.00001
3.00001
3.00001
3.00001
3.00001
3
3
2.99998
2.99994
2.99983
2.99959
2.99893
2.99751
2.99337
2.98497
2.95989
2.90615
2.75921
2.42073
1.71842
0.783098
3.00001
3.00001
3.00001
3.00001
3.00001
3.00001
3.00001
3.00001
3.00001
3
3
2.99998
2.99994
2.99985
2.99961
2.99905
2.99751
2.99425
2.98464
2.96448
2.90704
2.77382
2.43816
1.74023
0.754637
3.00001
3.00001
3.00001
3.00001
3.00001
3.00001
3.00001
3.00001
3.00001
3
3
2.99998
2.99995
2.99985
2.99964
2.99902
2.99779
2.99393
2.98639
2.96313
2.9135
2.77581
2.45332
1.76007
0.760504
3.00001
3.00001
3.00001
3.00001
3.00001
3.00001
3.00001
3.00001
3.00001
3
3
2.99998
2.99994
2.99987
2.99961
2.99916
2.99758
2.9947
2.98539
2.96632
2.91166
2.78419
2.46021
1.77835
0.774635
3.00001
3.00001
3.00001
3.00001
3.00001
3.00001
3.00001
3.00001
3.00001
3
3
2.99998
2.99995
2.99986
2.99965
2.99909
2.99782
2.99429
2.98667
2.96476
2.91606
2.78409
2.47
1.79185
0.790084
3.00001
3.00001
3.00001
3.00001
3.00001
3.00001
3.00001
3.00001
3.00001
3
3
2.99999
2.99995
2.99987
2.99965
2.99912
2.99781
2.99447
2.98667
2.96547
2.91671
2.78689
2.47577
1.80243
0.80475
3.00001
3.00001
3.00001
3.00001
3.00001
3.00001
3.00001
3.00001
3.00001
3
3
2.99998
2.99995
2.99986
2.99968
2.99907
2.99796
2.99427
2.98712
2.96538
2.91782
2.788
2.48098
1.8097
0.817355
3.00001
3.00001
3.00001
3.00001
3.00001
3.00001
3.00001
3.00001
3.00001
3
3
2.99999
2.99995
2.99988
2.99964
2.99917
2.99775
2.99477
2.98632
2.96703
2.91606
2.79178
2.48226
1.81522
0.827813
3.00001
3.00001
3.00001
3.00001
3.00001
3.00001
3.00001
3.00001
3.00001
3
3
2.99999
2.99995
2.99987
2.99964
2.99917
2.99777
2.99475
2.98643
2.96694
2.91657
2.79215
2.48473
1.8182
0.835125
3.00001
3.00001
3.00001
3.00001
3.00001
3.00001
3.00001
3.00001
3.00001
3
3
2.99998
2.99995
2.99986
2.99968
2.99909
2.99793
2.99442
2.98698
2.96609
2.91794
2.79082
2.48774
1.8199
0.839867
3.00001
3.00001
3.00001
3.00001
3.00001
3.00001
3.00001
3.00001
3.00001
3
3
2.99999
2.99995
2.99987
2.99964
2.99918
2.9977
2.99495
2.98584
2.96816
2.91499
2.79461
2.48649
1.82351
0.842986
3.00001
3.00001
3.00001
3.00001
3.00001
3.00001
3.00001
3.00001
3.00001
3
3
2.99999
2.99995
2.99987
2.99966
2.99913
2.99786
2.9945
2.98693
2.96591
2.91836
2.79124
2.48942
1.82551
0.844462
3.00001
3.00001
3.00001
3.00001
3.00001
3.00001
3.00001
3.00001
3.00001
3
3
2.99999
2.99995
2.99987
2.99964
2.99918
2.99769
2.99497
2.98579
2.96823
2.91495
2.795
2.48754
1.82716
0.84509
0.988395
0.805307
0.297543
0.250465
0.303112
0.401359
0.436092
0.463204
0.500498
0.541205
0.577066
0.608403
0.638782
0.669823
0.701635
0.726906
0.739612
0.743779
0.742001
0.73053
0.706191
0.671312
0.629381
0.584137
0.538516
0.493803
0.450626
0.409689
0.3707
0.33359
0.298062
0.263777
0.230566
0.197328
0.165011
0.133723
0.103586
0.0744173
0.0464992
0.0225566
0.0207763
0.0446868
0.0691889
0.0941104
0.118242
0.140827
0.162516
0.184655
0.207027
0.228676
0.24968
0.270035
0.28994
0.309358
0.328433
0.347095
0.365433
0.383421
0.401158
0.418527
0.43574
0.452603
0.469305
0.485737
0.501993
0.518041
0.533876
0.549615
0.565083
0.580511
0.595713
0.61082
0.625794
0.640627
0.655342
0.669944
0.68438
0.698733
0.712894
0.726959
0.740841
0.754604
0.768181
0.781665
0.794896
0.808133
0.820989
0.833975
0.846456
0.859127
0.87124
0.883456
0.895127
0.906705
0.917678
0.928234
0.93781
0.946286
0.952634
0.957123
0.972606
0.859397
0.604525
0.43193
0.30764
0.167559
0.0506848
0.144547
0.229319
0.29403
0.33768
0.370645
0.404759
0.439894
0.474696
0.504695
0.520647
0.523759
0.518712
0.50374
0.475604
0.437302
0.393149
0.347323
0.302597
0.259701
0.21881
0.180989
0.145488
0.112309
0.0817134
0.0552365
0.0391302
0.0435551
0.0638209
0.0876522
0.112872
0.137819
0.162461
0.186216
0.208954
0.230816
0.252623
0.27408
0.295316
0.315387
0.334732
0.354185
0.374235
0.393631
0.412422
0.43056
0.448385
0.46571
0.482861
0.499541
0.51606
0.532216
0.548162
0.563842
0.579279
0.594555
0.609518
0.624465
0.639025
0.653649
0.667909
0.682203
0.696219
0.710225
0.724
0.73778
0.751312
0.764898
0.778205
0.791588
0.804682
0.817831
0.830705
0.843596
0.856214
0.868855
0.881171
0.893591
0.905575
0.917789
0.929442
0.941428
0.952772
0.964466
0.975521
0.986836
0.997613
1.00844
1.01866
1.02854
1.03747
1.04538
1.05128
1.05525
0.986282
0.958566
0.855135
0.760171
0.656557
0.541399
0.42376
0.318262
0.226681
0.144321
0.0762699
0.0805161
0.130783
0.179733
0.221774
0.256958
0.27506
0.272463
0.255305
0.238514
0.210019
0.173773
0.137736
0.105147
0.0818372
0.0734144
0.0813376
0.0995738
0.122166
0.146713
0.171578
0.196306
0.220419
0.243543
0.266238
0.28868
0.310702
0.332287
0.353269
0.373657
0.393216
0.412327
0.430938
0.449452
0.467489
0.484995
0.501444
0.51804
0.535068
0.552135
0.568388
0.584288
0.599662
0.614954
0.629812
0.644614
0.659012
0.673399
0.687369
0.701404
0.715017
0.728715
0.74206
0.755426
0.768561
0.781631
0.794569
0.807398
0.820139
0.832775
0.845328
0.857799
0.870184
0.882492
0.894721
0.906846
0.918913
0.930833
0.942707
0.954414
0.966052
0.977557
0.988924
1.00024
1.01131
1.02242
1.03325
1.04414
1.05482
1.0655
1.07608
1.08646
1.09677
1.1066
1.11636
1.12528
1.13387
1.14098
1.14676
1.15001
1.01344
1.03104
1.00083
0.948291
0.883931
0.80234
0.718944
0.630954
0.55031
0.469721
0.392826
0.319081
0.255518
0.197553
0.143912
0.0953716
0.0513266
0.0264535
0.043604
0.0763395
0.112504
0.160034
0.197592
0.229423
0.257616
0.282652
0.305366
0.327249
0.348669
0.36981
0.3904
0.410673
0.430123
0.449053
0.467301
0.485371
0.502881
0.520159
0.536862
0.553173
0.568942
0.584275
0.599392
0.614209
0.629028
0.643188
0.656765
0.669995
0.683922
0.698018
0.711845
0.725055
0.738113
0.750854
0.763489
0.77597
0.788282
0.800524
0.812563
0.824567
0.836396
0.848187
0.859861
0.87148
0.883016
0.894504
0.905906
0.917297
0.928585
0.939902
0.951111
0.962355
0.973507
0.984663
0.99576
1.00681
1.01782
1.02875
1.03964
1.05044
1.06116
1.07184
1.08237
1.09295
1.10332
1.11389
1.12421
1.13473
1.14493
1.15524
1.16525
1.17528
1.185
1.19462
1.20381
1.2127
1.22081
1.22817
1.23372
1.2374
1.03126
1.07351
1.07994
1.06084
1.02691
0.977329
0.920223
0.859265
0.796528
0.73341
0.66706
0.601999
0.543335
0.487896
0.437149
0.393302
0.358468
0.342168
0.345204
0.365948
0.394736
0.427312
0.458766
0.48493
0.506438
0.524116
0.539652
0.554469
0.569025
0.583533
0.597885
0.612013
0.625868
0.639264
0.652472
0.665314
0.678092
0.690556
0.702868
0.714932
0.726668
0.738351
0.749695
0.761268
0.772565
0.783949
0.794434
0.805051
0.815617
0.827248
0.838406
0.84973
0.860253
0.871178
0.881485
0.892254
0.902489
0.913116
0.923306
0.9338
0.94396
0.954343
0.964473
0.974777
0.984877
0.995132
1.00521
1.01543
1.0255
1.0357
1.04577
1.05594
1.06602
1.07615
1.08621
1.09629
1.10627
1.11628
1.12612
1.13607
1.14572
1.15569
1.16526
1.17531
1.18479
1.19477
1.20407
1.21391
1.22307
1.23271
1.24172
1.25108
1.25988
1.26885
1.27727
1.28559
1.29316
1.3001
1.3055
1.30884
1.04154
1.09436
1.12266
1.12779
1.11657
1.09217
1.0571
1.01712
0.97332
0.926708
0.877607
0.8272
0.776205
0.726767
0.678148
0.634933
0.601852
0.58495
0.588941
0.607252
0.634164
0.6645
0.693456
0.71647
0.732858
0.743312
0.750642
0.757619
0.764614
0.77235
0.78001
0.788034
0.795637
0.803419
0.810837
0.818468
0.825935
0.833602
0.841236
0.848969
0.856744
0.864514
0.87246
0.880457
0.888775
0.897039
0.905063
0.91284
0.920859
0.929646
0.938788
0.947918
0.956781
0.965726
0.974512
0.983494
0.992356
1.00142
1.01037
1.01949
1.02851
1.03768
1.04676
1.05597
1.06509
1.07435
1.08354
1.09286
1.10212
1.11151
1.12087
1.13033
1.13977
1.1493
1.15879
1.16834
1.1778
1.18736
1.19677
1.20642
1.21583
1.22553
1.23481
1.24445
1.2536
1.26315
1.2722
1.2816
1.29055
1.29973
1.30856
1.31745
1.32609
1.33458
1.34288
1.35075
1.35829
1.36491
1.37048
1.37357
1.04813
1.10482
1.14441
1.16617
1.17241
1.16616
1.14969
1.12618
1.0978
1.06618
1.03042
0.991821
0.949151
0.904571
0.860533
0.820526
0.790038
0.772431
0.774718
0.793001
0.822519
0.855348
0.885683
0.908707
0.924328
0.929508
0.92867
0.926416
0.924912
0.924617
0.925708
0.927459
0.929713
0.932269
0.935101
0.938182
0.941601
0.945346
0.949521
0.954008
0.958698
0.963832
0.969057
0.974868
0.980721
0.987178
0.993155
0.999355
1.00529
1.01235
1.01968
1.02756
1.03508
1.04289
1.05046
1.05832
1.06609
1.0741
1.08208
1.09024
1.09839
1.10667
1.11495
1.12335
1.13175
1.14025
1.14876
1.15736
1.16599
1.1747
1.18345
1.19227
1.20114
1.21005
1.21901
1.22799
1.237
1.24612
1.25516
1.26433
1.27326
1.28241
1.29125
1.30038
1.30914
1.31818
1.32686
1.33578
1.34437
1.3531
1.36158
1.37007
1.37839
1.38656
1.39459
1.40226
1.40965
1.41623
1.42185
1.42503
1.05284
1.1099
1.15492
1.1866
1.20532
1.21259
1.21024
1.20037
1.18475
1.16407
1.13884
1.1071
1.07038
1.02983
0.98949
0.950653
0.917053
0.900144
0.904889
0.924656
0.955101
0.990655
1.02156
1.045
1.06101
1.06725
1.0645
1.05586
1.0466
1.03936
1.03464
1.03176
1.03037
1.02982
1.03005
1.03076
1.0319
1.03361
1.03572
1.03838
1.0414
1.04488
1.04857
1.05274
1.05714
1.06209
1.06701
1.07187
1.07669
1.08213
1.08826
1.09492
1.10161
1.10842
1.11527
1.12221
1.12932
1.13648
1.14387
1.15124
1.15885
1.16639
1.17418
1.18188
1.18983
1.19769
1.20581
1.21383
1.22212
1.23028
1.23872
1.24702
1.25557
1.26399
1.27263
1.28124
1.28995
1.29863
1.3073
1.31603
1.32466
1.33343
1.34204
1.3508
1.35937
1.36807
1.37661
1.3852
1.39369
1.40212
1.41054
1.41875
1.42702
1.43495
1.44295
1.45044
1.45786
1.46439
1.47018
1.47343
1.0582
1.11291
1.15995
1.19692
1.22367
1.24039
1.24838
1.24874
1.24261
1.23074
1.21106
1.18374
1.14975
1.11296
1.07252
1.02718
0.993562
0.983564
0.991569
1.01243
1.04707
1.08665
1.12017
1.14323
1.159
1.16923
1.17157
1.16604
1.15497
1.14301
1.13294
1.12531
1.1199
1.11624
1.1138
1.1122
1.1111
1.11062
1.1105
1.11102
1.11195
1.11338
1.11521
1.11765
1.12034
1.12382
1.12733
1.13107
1.13455
1.1387
1.14333
1.14885
1.15442
1.16038
1.16629
1.1725
1.17871
1.1852
1.19172
1.1985
1.20531
1.21236
1.21944
1.22673
1.23403
1.24153
1.24903
1.25673
1.26446
1.27239
1.28035
1.2885
1.29666
1.30507
1.31338
1.32188
1.33019
1.33879
1.34708
1.35573
1.36398
1.37267
1.38088
1.38955
1.39774
1.40637
1.41456
1.42309
1.43125
1.43964
1.44775
1.45595
1.46395
1.4719
1.47969
1.48723
1.49452
1.50117
1.50697
1.5104
1.0648
1.11582
1.1623
1.20173
1.23302
1.25604
1.27099
1.2786
1.27891
1.27158
1.25399
1.22788
1.19774
1.15964
1.11116
1.0629
1.03844
1.03618
1.04671
1.072
1.1103
1.15186
1.18677
1.2118
1.22804
1.23892
1.24485
1.2448
1.2384
1.2271
1.21356
1.20071
1.19003
1.18177
1.17581
1.17141
1.16828
1.16597
1.16432
1.16338
1.16286
1.16308
1.16376
1.16498
1.16668
1.16909
1.17178
1.17482
1.17767
1.18092
1.18465
1.18927
1.19421
1.19954
1.205
1.21071
1.21654
1.22259
1.22878
1.23517
1.24169
1.2484
1.2552
1.26219
1.26924
1.27649
1.28378
1.29128
1.29883
1.30657
1.31432
1.32231
1.33028
1.33839
1.3464
1.35462
1.36268
1.371
1.37912
1.38752
1.39568
1.40414
1.41233
1.42078
1.429
1.43741
1.44563
1.45394
1.46212
1.47029
1.4784
1.48638
1.49435
1.50207
1.50981
1.51712
1.52437
1.53083
1.53664
1.53996
1.07289
1.1196
1.16407
1.20369
1.2371
1.26364
1.28279
1.29453
1.29779
1.29033
1.27248
1.24802
1.21568
1.16928
1.11398
1.0746
1.06176
1.06545
1.08154
1.11338
1.15447
1.19407
1.2278
1.25441
1.27326
1.28555
1.29396
1.29847
1.29806
1.29273
1.28314
1.26995
1.25584
1.2435
1.23359
1.2261
1.22061
1.21659
1.21373
1.21172
1.21045
1.20974
1.20963
1.21002
1.21094
1.21249
1.21446
1.21693
1.21923
1.22183
1.22474
1.22851
1.23281
1.23755
1.24254
1.24779
1.25327
1.25892
1.2648
1.27078
1.27701
1.2833
1.28985
1.29644
1.30331
1.31019
1.31737
1.32454
1.33202
1.33947
1.34724
1.35495
1.36279
1.37063
1.37853
1.3865
1.39443
1.4025
1.41045
1.41859
1.42657
1.43476
1.44277
1.45098
1.45904
1.46724
1.47532
1.48347
1.49154
1.49961
1.5076
1.51553
1.52339
1.53107
1.53869
1.54599
1.55313
1.55959
1.56533
1.56874
1.08255
1.12488
1.16638
1.20489
1.23837
1.26624
1.28679
1.29968
1.30112
1.29057
1.27234
1.24556
1.20456
1.14797
1.09795
1.07603
1.07406
1.08248
1.10552
1.14214
1.18233
1.21886
1.25034
1.2769
1.29806
1.31423
1.32497
1.33233
1.33689
1.33721
1.33361
1.32607
1.314
1.2998
1.28631
1.27491
1.2658
1.25902
1.25403
1.25056
1.24805
1.24641
1.24537
1.24484
1.24498
1.24564
1.24685
1.2487
1.25064
1.25283
1.2551
1.25819
1.26187
1.26616
1.27072
1.27568
1.28083
1.28625
1.29182
1.29759
1.3035
1.3096
1.31584
1.32228
1.32886
1.33563
1.34255
1.34966
1.35691
1.36435
1.37181
1.37943
1.38701
1.3948
1.40249
1.41043
1.4182
1.42626
1.43409
1.44223
1.45011
1.45829
1.46623
1.47441
1.48238
1.49054
1.49851
1.5066
1.51455
1.52252
1.5304
1.53819
1.54593
1.55348
1.56095
1.5681
1.57506
1.58137
1.58691
1.59026
1.09373
1.13169
1.16965
1.20585
1.23801
1.26499
1.28443
1.29416
1.29004
1.27614
1.25503
1.22
1.16533
1.11013
1.07988
1.0727
1.07714
1.09384
1.12452
1.16194
1.19768
1.23032
1.25939
1.28531
1.30768
1.32674
1.34177
1.35303
1.36033
1.36518
1.36657
1.36523
1.35997
1.35
1.33687
1.32333
1.31111
1.30105
1.29339
1.28784
1.28399
1.28137
1.27965
1.27865
1.27821
1.2784
1.27911
1.28045
1.28216
1.2841
1.28609
1.28855
1.29169
1.29555
1.29984
1.30447
1.3094
1.31453
1.31991
1.32543
1.33119
1.33706
1.34317
1.34941
1.35588
1.36248
1.36931
1.37629
1.38344
1.39066
1.39796
1.40534
1.41275
1.42029
1.4278
1.43548
1.44306
1.45087
1.45852
1.46642
1.47414
1.48209
1.48988
1.49785
1.50569
1.51364
1.52152
1.5294
1.53726
1.54504
1.55281
1.56042
1.56802
1.57537
1.58266
1.58956
1.59627
1.60226
1.60745
1.61062
1.10693
1.14049
1.17447
1.20719
1.23647
1.26008
1.2754
1.27649
1.26649
1.24979
1.21952
1.16886
1.11254
1.07688
1.06595
1.06792
1.07937
1.10452
1.13838
1.17216
1.20347
1.23261
1.25959
1.2848
1.30789
1.32878
1.34698
1.36215
1.37434
1.38249
1.38799
1.39082
1.39111
1.38821
1.38087
1.36956
1.35666
1.34424
1.33359
1.32509
1.31879
1.31427
1.31134
1.30936
1.30838
1.30791
1.30816
1.30892
1.31026
1.312
1.31373
1.31576
1.31828
1.32161
1.32553
1.32985
1.33449
1.33938
1.34454
1.34985
1.35542
1.36111
1.36705
1.3731
1.37941
1.38585
1.39255
1.39939
1.40636
1.41341
1.42054
1.42778
1.43503
1.44245
1.4498
1.45737
1.46481
1.4725
1.48004
1.48781
1.49545
1.50327
1.51098
1.51882
1.52659
1.53441
1.54219
1.54995
1.55767
1.56533
1.57293
1.58038
1.58776
1.5949
1.60189
1.60848
1.61475
1.62029
1.6249
1.62778
1.12105
1.15065
1.18021
1.20861
1.23296
1.25071
1.25606
1.24928
1.23477
1.20765
1.16112
1.10608
1.06849
1.05557
1.0558
1.0638
1.08424
1.11458
1.14566
1.17501
1.20269
1.22905
1.25455
1.27907
1.30255
1.32458
1.34488
1.36307
1.37885
1.39171
1.40187
1.40793
1.41208
1.41374
1.41313
1.40853
1.39973
1.38827
1.37648
1.36559
1.35643
1.34933
1.34425
1.34082
1.33866
1.33758
1.33721
1.3376
1.33855
1.34009
1.34178
1.34362
1.34569
1.34846
1.35195
1.35592
1.36028
1.36491
1.36986
1.37498
1.38039
1.38591
1.3917
1.39761
1.40378
1.41009
1.41666
1.4233
1.43006
1.43694
1.44386
1.45093
1.45798
1.46521
1.47238
1.47975
1.48703
1.49452
1.5019
1.50948
1.51696
1.52459
1.53215
1.5398
1.5474
1.55502
1.56261
1.57016
1.57767
1.58508
1.59243
1.59962
1.60669
1.61348
1.62008
1.62617
1.63187
1.63672
1.64071
1.64323
1.13583
1.1612
1.1864
1.20904
1.22629
1.23268
1.22768
1.2143
1.18911
1.14521
1.09247
1.05548
1.04177
1.04134
1.04796
1.06595
1.09316
1.12107
1.14777
1.17312
1.198
1.2224
1.24687
1.27091
1.2946
1.31736
1.33911
1.35927
1.37778
1.39394
1.40791
1.41887
1.42715
1.43198
1.43529
1.43632
1.43448
1.42847
1.41921
1.40832
1.39738
1.38768
1.37989
1.37405
1.37018
1.36775
1.36666
1.36634
1.36686
1.36798
1.3695
1.37116
1.37295
1.37512
1.378
1.38155
1.38561
1.38998
1.39472
1.39965
1.40488
1.41023
1.41587
1.42162
1.42765
1.43384
1.44023
1.44668
1.45328
1.45996
1.46672
1.4736
1.48049
1.48753
1.49452
1.50171
1.5088
1.51611
1.5233
1.5307
1.53799
1.54544
1.55283
1.56029
1.56772
1.57514
1.58256
1.58988
1.5972
1.60434
1.61146
1.61828
1.62502
1.63132
1.63738
1.64275
1.64764
1.6517
1.65475
1.65668
1.15055
1.17177
1.1909
1.2062
1.21177
1.20663
1.193
1.16768
1.12452
1.07387
1.0388
1.02575
1.02545
1.03206
1.04941
1.07436
1.0996
1.12337
1.14631
1.16877
1.19166
1.21488
1.23855
1.26227
1.28587
1.30909
1.33156
1.35313
1.37331
1.39193
1.40885
1.4235
1.43601
1.44553
1.45231
1.45649
1.45957
1.46021
1.45733
1.45029
1.44072
1.43025
1.42028
1.41172
1.40512
1.40055
1.3977
1.39636
1.39599
1.39657
1.39781
1.39941
1.40108
1.40292
1.40526
1.4083
1.41204
1.41608
1.42055
1.42518
1.43018
1.43528
1.44073
1.44627
1.45219
1.45817
1.46434
1.4706
1.47698
1.48347
1.49002
1.49671
1.50341
1.51026
1.51709
1.52406
1.53101
1.53809
1.54513
1.55228
1.5594
1.56658
1.57375
1.58094
1.58812
1.59527
1.60239
1.60943
1.61643
1.62323
1.62999
1.63635
1.64264
1.64825
1.65363
1.65803
1.66207
1.66504
1.66666
1.66786
1.16433
1.18143
1.19302
1.19559
1.18872
1.17365
1.14671
1.10226
1.05282
1.01988
1.00827
1.00884
1.01675
1.0346
1.05854
1.08165
1.10305
1.1233
1.14349
1.16416
1.18566
1.20801
1.2309
1.25426
1.27768
1.30103
1.32397
1.34622
1.36766
1.38793
1.40703
1.42441
1.44018
1.45369
1.46491
1.47317
1.479
1.48353
1.48589
1.4859
1.48173
1.47393
1.46412
1.45412
1.44507
1.43771
1.43235
1.42886
1.42708
1.42651
1.42708
1.42835
1.42998
1.43159
1.43351
1.43592
1.43917
1.44277
1.44692
1.45121
1.45597
1.46081
1.4661
1.47148
1.47722
1.483
1.48898
1.49502
1.50119
1.50749
1.51381
1.52032
1.52676
1.53343
1.53997
1.54677
1.5534
1.56029
1.56702
1.57396
1.5808
1.58774
1.5947
1.60158
1.6086
1.61537
1.62237
1.62893
1.63577
1.64201
1.64844
1.65414
1.65977
1.6645
1.66879
1.6722
1.67487
1.676
1.67587
1.67685
1.17574
1.18662
1.18643
1.17618
1.15838
1.12803
1.08009
1.03065
1
0.989859
0.991782
1.00217
1.02152
1.0449
1.06686
1.08644
1.10459
1.12252
1.14096
1.16056
1.1811
1.20278
1.22505
1.24805
1.2712
1.29456
1.3176
1.3404
1.36257
1.384
1.4045
1.42376
1.44178
1.45815
1.47271
1.48526
1.49493
1.50271
1.50844
1.5127
1.51427
1.51318
1.50778
1.49929
1.48974
1.48019
1.47192
1.46552
1.46115
1.45873
1.45782
1.45824
1.45949
1.461
1.46267
1.4646
1.46722
1.47043
1.47411
1.47811
1.48247
1.48708
1.49206
1.49727
1.50277
1.50833
1.51412
1.51993
1.52592
1.53194
1.53808
1.5443
1.55055
1.55694
1.5633
1.56982
1.57627
1.58285
1.58942
1.59603
1.60269
1.60931
1.61601
1.6226
1.62928
1.63579
1.64232
1.64864
1.65483
1.66077
1.66632
1.67149
1.67592
1.67975
1.68266
1.68483
1.68518
1.68442
1.68272
1.68324
1.18207
1.18321
1.1705
1.14835
1.11282
1.05984
1.00905
0.980536
0.971968
0.975026
0.988571
1.01045
1.03382
1.05492
1.07327
1.0898
1.10588
1.12244
1.14002
1.15884
1.17881
1.19981
1.2216
1.24404
1.26686
1.28995
1.31297
1.33597
1.35846
1.38062
1.40197
1.42255
1.44216
1.46054
1.4777
1.49316
1.50675
1.51815
1.52701
1.53461
1.53979
1.54311
1.544
1.54173
1.53536
1.52633
1.5168
1.50784
1.50038
1.495
1.49164
1.49016
1.49016
1.49116
1.49268
1.49412
1.49622
1.49867
1.50208
1.50552
1.50967
1.51383
1.51866
1.52349
1.5288
1.53407
1.53967
1.54523
1.551
1.55679
1.56269
1.56867
1.57471
1.58083
1.58702
1.5932
1.59954
1.60572
1.61217
1.61834
1.62486
1.63102
1.63755
1.64369
1.65014
1.65619
1.66238
1.66823
1.67388
1.67918
1.68389
1.68801
1.69118
1.69376
1.69488
1.69475
1.69338
1.6906
1.6861
1.68417
1.18197
1.16977
1.14339
1.10046
1.04185
0.988723
0.961992
0.95492
0.95902
0.975727
1.00062
1.0246
1.04542
1.06298
1.07844
1.09307
1.10801
1.12381
1.14088
1.15914
1.17863
1.19906
1.2204
1.24233
1.26482
1.28753
1.31052
1.33335
1.35611
1.37846
1.40041
1.42178
1.44241
1.46221
1.48103
1.4987
1.51491
1.52959
1.54203
1.55242
1.56099
1.56812
1.57278
1.57489
1.57487
1.57105
1.56369
1.55444
1.54493
1.53644
1.5298
1.52524
1.52285
1.52222
1.52298
1.52418
1.52574
1.52753
1.53028
1.53337
1.53719
1.54106
1.54553
1.55005
1.55498
1.56002
1.56528
1.57068
1.57614
1.58179
1.58738
1.59321
1.59892
1.60488
1.61072
1.61675
1.62272
1.62877
1.63485
1.64087
1.64702
1.65295
1.65913
1.66492
1.67098
1.67654
1.68227
1.68736
1.69239
1.69658
1.70023
1.70286
1.70489
1.70526
1.70448
1.70264
1.69937
1.6929
1.68234
1.67697
1.17306
1.13893
1.08601
1.02252
0.970224
0.945235
0.940181
0.94562
0.965172
0.992587
1.01741
1.03804
1.05509
1.06971
1.08332
1.09694
1.11137
1.1269
1.14368
1.16161
1.18067
1.20068
1.22155
1.24305
1.26513
1.28747
1.31015
1.33279
1.35554
1.37795
1.40024
1.422
1.44331
1.46407
1.48396
1.50318
1.52115
1.53807
1.55336
1.56698
1.57838
1.58796
1.59642
1.60233
1.60592
1.6069
1.60554
1.60013
1.59173
1.58243
1.57321
1.56532
1.55944
1.55584
1.55417
1.55436
1.5554
1.55657
1.55828
1.56082
1.56416
1.56788
1.57192
1.5762
1.5807
1.5855
1.59047
1.59568
1.60095
1.60643
1.61185
1.6175
1.623
1.62876
1.63429
1.64014
1.64571
1.65165
1.65724
1.6632
1.6688
1.67465
1.6802
1.68582
1.69117
1.6964
1.70127
1.70575
1.70963
1.71264
1.71484
1.71606
1.71598
1.71457
1.71211
1.70716
1.69909
1.68739
1.67216
1.66451
1.14179
1.07241
1.00155
0.95023
0.928593
0.926048
0.935575
0.957937
0.986243
1.01191
1.03274
1.04944
1.06365
1.07653
1.08935
1.10268
1.11698
1.13245
1.14897
1.16667
1.18524
1.20486
1.22507
1.24617
1.26755
1.28964
1.31174
1.33432
1.3567
1.37926
1.40147
1.42353
1.44518
1.4664
1.48705
1.50707
1.52625
1.5446
1.56166
1.57756
1.5917
1.604
1.61447
1.62354
1.63109
1.63551
1.63751
1.63767
1.63486
1.62826
1.61904
1.60934
1.60021
1.59294
1.5878
1.58509
1.58435
1.58496
1.58603
1.58751
1.59004
1.59339
1.59718
1.60112
1.60537
1.6098
1.6145
1.61941
1.62448
1.62973
1.63503
1.64048
1.64588
1.65142
1.65685
1.66245
1.66788
1.67353
1.67895
1.68458
1.68997
1.69544
1.70068
1.70583
1.71065
1.71521
1.71917
1.72257
1.72491
1.72649
1.72691
1.72619
1.72437
1.72073
1.71469
1.70416
1.6906
1.67528
1.65817
1.65036
1.06618
0.974405
0.922857
0.905437
0.908113
0.925159
0.9528
0.981986
1.00796
1.02885
1.0455
1.05918
1.07159
1.08362
1.09607
1.10943
1.12375
1.13926
1.15561
1.17313
1.19127
1.21054
1.23024
1.25097
1.27187
1.29363
1.31535
1.33759
1.35969
1.38198
1.40406
1.42605
1.44776
1.46914
1.49011
1.51053
1.53035
1.54935
1.56763
1.58469
1.60082
1.61524
1.62826
1.6392
1.64911
1.65747
1.66344
1.66649
1.66725
1.66605
1.66144
1.65351
1.64367
1.63376
1.62492
1.61829
1.61386
1.61203
1.61187
1.61273
1.61409
1.61623
1.61955
1.62322
1.62741
1.63158
1.63618
1.64074
1.64576
1.65068
1.65605
1.66121
1.66675
1.67199
1.67753
1.6828
1.68826
1.69357
1.69895
1.70423
1.70946
1.71455
1.71945
1.72408
1.72831
1.73197
1.73489
1.73674
1.73765
1.73753
1.73621
1.73366
1.72914
1.72054
1.70859
1.69339
1.67675
1.66061
1.64488
1.63861
0.946612
0.882278
0.871127
0.881197
0.908856
0.944614
0.976237
1.00303
1.02459
1.04141
1.05506
1.06715
1.07896
1.09119
1.10416
1.11796
1.13258
1.14809
1.1644
1.1816
1.19954
1.21827
1.23772
1.2578
1.27844
1.29946
1.32087
1.34238
1.36413
1.38583
1.40758
1.42921
1.45063
1.47185
1.49263
1.51309
1.53299
1.55236
1.57107
1.58893
1.60604
1.62189
1.63674
1.64984
1.66147
1.6716
1.68067
1.68767
1.6917
1.69291
1.69252
1.68979
1.68333
1.6739
1.66356
1.65348
1.64523
1.63918
1.63602
1.63495
1.63561
1.63664
1.63842
1.64151
1.64537
1.64964
1.65408
1.65866
1.66352
1.6684
1.67363
1.67873
1.68422
1.68946
1.69499
1.70029
1.70572
1.71097
1.71622
1.7213
1.72627
1.73099
1.73539
1.73941
1.74272
1.74525
1.74663
1.74702
1.74638
1.74471
1.74136
1.7348
1.72477
1.71095
1.69498
1.67782
1.66134
1.64746
1.63562
1.63182
0.790647
0.790365
0.821572
0.867881
0.917795
0.958071
0.989573
1.01387
1.03237
1.04713
1.05987
1.07195
1.08429
1.09724
1.11093
1.12534
1.14039
1.15613
1.17247
1.18952
1.20724
1.22562
1.24461
1.26421
1.2843
1.30479
1.32557
1.34663
1.36778
1.38907
1.41029
1.43148
1.45243
1.47329
1.49371
1.51393
1.53361
1.55289
1.5716
1.58964
1.60709
1.62356
1.63928
1.65368
1.66701
1.67858
1.68902
1.69854
1.70618
1.71145
1.71338
1.71303
1.71116
1.70651
1.69844
1.68787
1.67703
1.66725
1.65986
1.65488
1.6529
1.65272
1.65366
1.65534
1.65805
1.66223
1.66653
1.67152
1.67622
1.68147
1.6865
1.69197
1.69727
1.70284
1.70827
1.71376
1.71916
1.72443
1.72967
1.73455
1.73935
1.7436
1.74748
1.75058
1.75271
1.75367
1.75368
1.7527
1.75044
1.7457
1.73765
1.72547
1.71081
1.69395
1.67693
1.66109
1.64789
1.63829
1.63119
1.62989
0.609686
0.672933
0.747873
0.828172
0.892484
0.939736
0.974351
1.00002
1.02018
1.03709
1.05237
1.06702
1.08169
1.09658
1.11179
1.12738
1.14327
1.15965
1.17644
1.19377
1.21163
1.23001
1.24885
1.26807
1.28776
1.30772
1.32803
1.34849
1.36906
1.38974
1.41022
1.43086
1.45102
1.47134
1.49098
1.51072
1.52979
1.54869
1.56705
1.58492
1.60234
1.61899
1.6351
1.65024
1.66452
1.67763
1.6893
1.69973
1.70907
1.71718
1.72285
1.72587
1.7263
1.72484
1.72152
1.7151
1.7051
1.69415
1.68309
1.67431
1.66769
1.66447
1.66349
1.66458
1.66618
1.66873
1.67275
1.67763
1.68289
1.6882
1.69366
1.69911
1.7048
1.71043
1.71619
1.72183
1.72743
1.73285
1.73797
1.74287
1.74714
1.75098
1.75386
1.75571
1.75634
1.75611
1.7549
1.75177
1.74579
1.73547
1.72249
1.70642
1.68956
1.67275
1.65798
1.64621
1.63767
1.63288
1.62955
1.62999
0.434596
0.536421
0.647304
0.749169
0.824972
0.880282
0.921384
0.953622
0.980306
1.0035
1.02451
1.04405
1.06275
1.08093
1.09878
1.11649
1.1341
1.15185
1.16974
1.18789
1.2064
1.22517
1.24442
1.26368
1.28332
1.303
1.32301
1.34298
1.36312
1.38318
1.40315
1.42308
1.44265
1.46228
1.48136
1.5005
1.51907
1.53752
1.55552
1.57313
1.59034
1.60697
1.6231
1.63853
1.65326
1.66708
1.68003
1.69155
1.70222
1.71155
1.72018
1.72629
1.73037
1.73099
1.7297
1.72733
1.72259
1.71423
1.7031
1.69175
1.68175
1.67379
1.66939
1.66736
1.66817
1.66987
1.6725
1.67654
1.68179
1.68742
1.69333
1.69921
1.70519
1.71113
1.71716
1.72312
1.72898
1.7346
1.73987
1.7446
1.74861
1.75168
1.75339
1.75396
1.75379
1.75207
1.74768
1.7399
1.7284
1.71395
1.69731
1.68044
1.66434
1.65095
1.64054
1.63375
1.62961
1.6281
1.62714
1.62865
0.328989
0.433307
0.551579
0.653129
0.731121
0.79093
0.838639
0.878873
0.913953
0.945157
0.97325
0.998891
1.02267
1.04504
1.0664
1.08709
1.10726
1.1271
1.14675
1.16632
1.18597
1.20569
1.22558
1.24556
1.26548
1.28544
1.30538
1.32535
1.34523
1.36506
1.38471
1.40427
1.42352
1.44272
1.4615
1.48025
1.49853
1.51672
1.53442
1.55191
1.56888
1.58556
1.60161
1.61732
1.63225
1.64681
1.66031
1.67333
1.68489
1.69585
1.70539
1.71448
1.72108
1.72618
1.72773
1.72738
1.72513
1.72105
1.71448
1.70442
1.69292
1.6818
1.67293
1.66726
1.6644
1.66493
1.66683
1.66956
1.67352
1.67887
1.68514
1.69158
1.69814
1.70461
1.71104
1.71731
1.72334
1.72898
1.73404
1.73834
1.74147
1.74337
1.74453
1.7443
1.74189
1.73658
1.72714
1.71463
1.69906
1.6825
1.66574
1.651
1.63884
1.63014
1.62453
1.62162
1.62067
1.62076
1.62092
1.62311
0.301872
0.386846
0.483496
0.568112
0.638083
0.696204
0.74622
0.790836
0.831143
0.867977
0.901589
0.932573
0.961328
0.988229
1.0138
1.03808
1.06157
1.08422
1.10631
1.12786
1.14897
1.16984
1.19044
1.21121
1.23164
1.25211
1.27231
1.29267
1.3127
1.33284
1.35254
1.3723
1.39153
1.41082
1.42954
1.44833
1.4665
1.48478
1.50232
1.52001
1.53685
1.55387
1.57002
1.58623
1.60171
1.61688
1.63154
1.64537
1.65871
1.67069
1.68208
1.69198
1.70146
1.70848
1.71417
1.71667
1.71695
1.71488
1.71222
1.70669
1.69833
1.68658
1.67529
1.66546
1.65862
1.6552
1.65456
1.65657
1.65967
1.66377
1.66926
1.6759
1.68295
1.6901
1.69706
1.70378
1.70991
1.71547
1.71994
1.72345
1.72587
1.72725
1.72661
1.72345
1.7167
1.70637
1.69253
1.67668
1.66008
1.6442
1.63078
1.6201
1.6129
1.60841
1.60637
1.60598
1.60651
1.60722
1.60777
1.61016
0.305799
0.37425
0.449222
0.5146
0.569405
0.617956
0.66288
0.705967
0.746756
0.785536
0.821901
0.856088
0.888333
0.918574
0.94744
0.974638
1.00075
1.02563
1.04952
1.07262
1.09496
1.11689
1.13851
1.15988
1.18149
1.20266
1.22396
1.24476
1.26565
1.28598
1.30632
1.32609
1.34588
1.36512
1.38445
1.40319
1.42211
1.44037
1.45883
1.4767
1.4946
1.51211
1.52947
1.54643
1.56327
1.57927
1.59537
1.61005
1.62474
1.63788
1.65039
1.66167
1.67193
1.68148
1.68902
1.69524
1.69881
1.70005
1.69916
1.69675
1.69214
1.68495
1.67405
1.66284
1.65204
1.64463
1.64003
1.6388
1.64035
1.64356
1.64778
1.65304
1.65968
1.66668
1.67399
1.6804
1.68673
1.69133
1.69598
1.6986
1.7005
1.69945
1.69557
1.68832
1.67651
1.66275
1.64644
1.63066
1.61579
1.6039
1.59479
1.58891
1.58546
1.5841
1.58411
1.58492
1.58593
1.58695
1.58773
1.59019
0.316476
0.373973
0.438119
0.491903
0.532264
0.567026
0.601555
0.637389
0.674207
0.710672
0.746506
0.780872
0.814002
0.845446
0.875519
0.904229
0.931511
0.957965
0.983049
1.00773
1.03138
1.05478
1.07762
1.10019
1.12257
1.14464
1.1663
1.18774
1.20874
1.22961
1.25018
1.27052
1.29087
1.31082
1.33103
1.3507
1.37075
1.39014
1.40996
1.42907
1.44842
1.4672
1.4858
1.50395
1.52157
1.5386
1.55505
1.57056
1.5856
1.59963
1.61289
1.62557
1.63695
1.64827
1.65808
1.66702
1.67402
1.67913
1.68146
1.68148
1.67966
1.6761
1.67017
1.66048
1.64933
1.63822
1.63038
1.62485
1.62339
1.62404
1.62675
1.63094
1.63596
1.64181
1.64765
1.65367
1.65815
1.66294
1.66495
1.66669
1.66487
1.65999
1.65181
1.63935
1.62529
1.60932
1.59462
1.58103
1.57083
1.56302
1.55843
1.55569
1.55481
1.55498
1.55594
1.55689
1.55806
1.55913
1.55996
1.56218
0.327249
0.376404
0.436095
0.486203
0.518133
0.542155
0.566463
0.593721
0.623597
0.655005
0.686878
0.718668
0.74996
0.780445
0.810048
0.838796
0.866525
0.893497
0.919602
0.944835
0.969634
0.993338
1.01708
1.03967
1.06249
1.08452
1.10669
1.12831
1.14999
1.1714
1.19292
1.21424
1.23574
1.25707
1.27842
1.29976
1.32076
1.34197
1.36238
1.38318
1.40281
1.42276
1.44149
1.4602
1.47794
1.49534
1.51208
1.52839
1.54419
1.55969
1.57449
1.58919
1.60269
1.616
1.62823
1.6394
1.64937
1.65721
1.66355
1.66676
1.66757
1.66629
1.6641
1.65976
1.65149
1.64103
1.63019
1.62191
1.61581
1.61347
1.61313
1.61476
1.61778
1.62165
1.62554
1.62935
1.63151
1.63319
1.63276
1.62988
1.62372
1.61391
1.60068
1.586
1.57018
1.55598
1.54333
1.53407
1.5269
1.52289
1.52003
1.51909
1.5186
1.51922
1.51997
1.52065
1.52148
1.52224
1.5229
1.52455
0.336428
0.37868
0.436258
0.486351
0.51525
0.53386
0.551891
0.573171
0.597337
0.623484
0.650593
0.678434
0.706475
0.734675
0.762543
0.790116
0.817037
0.84328
0.868869
0.893614
0.917818
0.941316
0.964357
0.987079
1.00933
1.03181
1.05374
1.07626
1.0981
1.12071
1.14271
1.16535
1.18749
1.20999
1.23206
1.2542
1.27589
1.29743
1.31845
1.33921
1.35938
1.37932
1.39867
1.41787
1.43658
1.45514
1.47337
1.4913
1.50901
1.52607
1.54291
1.55878
1.57417
1.58845
1.60204
1.61452
1.62616
1.63622
1.64525
1.65204
1.65728
1.65898
1.65933
1.6584
1.65539
1.64887
1.63888
1.62825
1.6187
1.61174
1.60726
1.60536
1.60492
1.60556
1.60648
1.60679
1.6055
1.60298
1.59816
1.59004
1.57777
1.56357
1.54706
1.53091
1.51596
1.50346
1.49401
1.48692
1.48271
1.47946
1.47821
1.4771
1.47733
1.47765
1.47825
1.47865
1.47943
1.47997
1.48048
1.48158
0.343717
0.380201
0.436256
0.487076
0.515385
0.532159
0.547909
0.566709
0.587967
0.611006
0.63497
0.659628
0.684815
0.710333
0.736027
0.761569
0.786803
0.811493
0.83556
0.859073
0.881936
0.904499
0.926596
0.948726
0.970648
0.992813
1.01507
1.03743
1.06009
1.08258
1.10544
1.12795
1.15071
1.17305
1.19547
1.21743
1.23937
1.26082
1.28228
1.30326
1.32431
1.3449
1.3656
1.38579
1.40605
1.42571
1.44533
1.46422
1.48289
1.50079
1.51827
1.53502
1.55108
1.56667
1.58108
1.59552
1.60839
1.62123
1.63223
1.64256
1.65051
1.65708
1.65958
1.6608
1.66045
1.65782
1.65174
1.6418
1.62995
1.61895
1.60917
1.602
1.59645
1.59215
1.58826
1.58333
1.57734
1.56905
1.55756
1.54329
1.52668
1.50895
1.49194
1.47652
1.46402
1.45422
1.44754
1.44244
1.43969
1.43746
1.43649
1.43562
1.43587
1.43601
1.43635
1.43643
1.43706
1.43738
1.43777
1.4385
0.349143
0.380867
0.435491
0.486783
0.51518
0.531755
0.547338
0.565652
0.586355
0.608123
0.630805
0.653761
0.677288
0.700867
0.724694
0.74843
0.771979
0.795162
0.817838
0.840008
0.861758
0.883189
0.904571
0.925943
0.947629
0.969441
0.99173
1.01403
1.0367
1.05919
1.08193
1.10439
1.12691
1.14921
1.1714
1.19352
1.21544
1.2374
1.25915
1.28091
1.30248
1.32394
1.34517
1.36621
1.3869
1.40735
1.42728
1.44688
1.46593
1.48447
1.5025
1.5199
1.53682
1.55299
1.56881
1.58363
1.5984
1.61168
1.6251
1.63621
1.64751
1.65534
1.66257
1.66522
1.66642
1.66589
1.66296
1.65638
1.6454
1.63164
1.61779
1.6045
1.59286
1.58208
1.57169
1.56068
1.54809
1.53306
1.51575
1.49675
1.47763
1.45958
1.44391
1.43113
1.42157
1.41423
1.40946
1.40577
1.40352
1.40166
1.40063
1.39987
1.39972
1.39954
1.39963
1.39957
1.39994
1.40021
1.40039
1.40186
0.353192
0.380909
0.434115
0.485209
0.513907
0.531039
0.547211
0.56593
0.586758
0.608551
0.630686
0.653136
0.675669
0.6983
0.720853
0.743347
0.76578
0.787847
0.809627
0.830827
0.851844
0.872568
0.89353
0.914606
0.936197
0.957996
0.980295
1.0026
1.02525
1.04761
1.07032
1.09251
1.11512
1.13717
1.1596
1.18165
1.20383
1.22593
1.24787
1.26993
1.29159
1.31346
1.33474
1.35622
1.37698
1.39785
1.41787
1.43791
1.45705
1.47604
1.49419
1.51204
1.52914
1.54591
1.56192
1.57766
1.59253
1.60727
1.62072
1.63413
1.64563
1.65655
1.66513
1.67152
1.67428
1.67494
1.67356
1.66987
1.66202
1.64882
1.63229
1.61438
1.5964
1.57843
1.56048
1.54203
1.5223
1.50122
1.4794
1.45819
1.43886
1.42236
1.40918
1.39911
1.39165
1.38615
1.38237
1.37924
1.37724
1.3754
1.37432
1.37327
1.37291
1.37268
1.37258
1.37231
1.37251
1.37294
1.37344
1.37531
0.356105
0.380701
0.43236
0.482802
0.511928
0.529962
0.546918
0.566255
0.587436
0.609468
0.631522
0.653779
0.675817
0.69789
0.7197
0.741389
0.763039
0.784375
0.805561
0.826181
0.846741
0.867143
0.887977
0.909101
0.930838
0.952868
0.975319
0.997814
1.02047
1.04295
1.06555
1.08783
1.11038
1.1325
1.15498
1.17707
1.19938
1.22151
1.24355
1.26563
1.28736
1.30923
1.33058
1.35206
1.37291
1.39377
1.41392
1.43396
1.45319
1.47228
1.49045
1.50853
1.52566
1.54275
1.55892
1.57505
1.59036
1.6055
1.61974
1.63378
1.64626
1.65872
1.66824
1.67757
1.68212
1.68479
1.6844
1.68209
1.67675
1.66639
1.64968
1.6291
1.60562
1.58066
1.55485
1.5284
1.50185
1.47596
1.45176
1.43045
1.41262
1.39845
1.38764
1.37957
1.37351
1.36901
1.36562
1.36284
1.36077
1.35895
1.35782
1.35652
1.35608
1.35576
1.35551
1.35512
1.35524
1.35571
1.35619
1.35802
0.357933
0.380367
0.43083
0.480419
0.509888
0.528933
0.546686
0.566549
0.588105
0.61029
0.632416
0.654445
0.676223
0.69792
0.719256
0.740447
0.761529
0.782451
0.803223
0.823531
0.843777
0.864053
0.884858
0.906151
0.928086
0.950407
0.973034
0.99578
1.01847
1.04117
1.06369
1.08616
1.10861
1.1309
1.15337
1.17555
1.19793
1.22003
1.24218
1.26414
1.286
1.30768
1.3292
1.35045
1.3715
1.3921
1.4125
1.43226
1.45176
1.47059
1.489
1.50693
1.52427
1.54133
1.55776
1.57396
1.58966
1.6049
1.61989
1.63386
1.64776
1.65994
1.67164
1.6811
1.68855
1.69206
1.69257
1.6911
1.68736
1.67929
1.66454
1.64304
1.61616
1.58535
1.55247
1.51919
1.48741
1.45863
1.4339
1.41379
1.39797
1.38586
1.37674
1.36987
1.36456
1.36049
1.35731
1.35467
1.35252
1.35072
1.34946
1.34803
1.34754
1.34706
1.3467
1.34623
1.34626
1.34667
1.34704
1.3488
0.358637
0.379866
0.429604
0.478701
0.508311
0.528182
0.546523
0.566785
0.58861
0.6109
0.63302
0.654895
0.676479
0.697913
0.718985
0.739895
0.760634
0.781342
0.801891
0.822075
0.842158
0.862396
0.883194
0.904605
0.926666
0.949178
0.971952
0.994874
1.01764
1.04049
1.063
1.08563
1.10804
1.13046
1.1529
1.17517
1.19756
1.21967
1.24186
1.26377
1.28569
1.30726
1.32886
1.34998
1.37112
1.39159
1.41208
1.4317
1.45133
1.47
1.48857
1.50637
1.52387
1.54088
1.55746
1.57371
1.58956
1.60494
1.62012
1.6343
1.64855
1.66093
1.67345
1.68292
1.69209
1.69585
1.69734
1.69631
1.69317
1.68614
1.67263
1.65114
1.62275
1.58873
1.55148
1.51398
1.47931
1.44942
1.42508
1.40613
1.39167
1.38073
1.37246
1.36615
1.36119
1.3573
1.35421
1.35163
1.34946
1.34769
1.34635
1.34492
1.34437
1.3438
1.34339
1.34289
1.34288
1.34325
1.34354
1.34525
)
;

boundaryField
{
    inlet
    {
        type            calculated;
        value           uniform 3.00001;
    }
    outlet
    {
        type            calculated;
        value           nonuniform List<scalar> 
40
(
0.957123
1.05525
1.15001
1.2374
1.30884
1.37357
1.42503
1.47343
1.5104
1.53996
1.56874
1.59026
1.61062
1.62778
1.64323
1.65668
1.66786
1.67685
1.68324
1.68417
1.67697
1.66451
1.65036
1.63861
1.63182
1.62989
1.62999
1.62865
1.62311
1.61016
1.59019
1.56218
1.52455
1.48158
1.4385
1.40186
1.37531
1.35802
1.3488
1.34525
)
;
    }
    bottom
    {
        type            symmetryPlane;
    }
    top
    {
        type            symmetryPlane;
    }
    obstacle
    {
        type            calculated;
        value           uniform 0;
    }
    defaultFaces
    {
        type            empty;
    }
}


// ************************************************************************* //
