/*--------------------------------*- C++ -*----------------------------------*\
  =========                 |
  \\      /  F ield         | OpenFOAM: The Open Source CFD Toolbox
   \\    /   O peration     | Website:  https://openfoam.org
    \\  /    A nd           | Version:  10
     \\/     M anipulation  |
\*---------------------------------------------------------------------------*/
FoamFile
{
    format      ascii;
    class       volScalarField;
    location    "1.5";
    object      rho;
}
// * * * * * * * * * * * * * * * * * * * * * * * * * * * * * * * * * * * * * //

dimensions      [1 -3 0 0 0 0 0];

internalField   nonuniform List<scalar> 
5250
(
1.40001
1.40002
1.40004
1.40009
1.40025
1.40055
1.40146
1.40341
1.40875
1.42079
1.4512
1.5189
1.66966
1.97353
2.87469
5.8551
5.79704
5.67759
5.68211
5.73887
5.79929
5.84037
5.88852
5.92567
5.8236
1.40001
1.40001
1.40004
1.40009
1.40025
1.40053
1.40151
1.40323
1.40899
1.41989
1.45178
1.51643
1.66838
1.96789
2.85553
5.82374
5.78228
5.67998
5.68241
5.73483
5.79695
5.83842
5.88726
5.92494
5.82275
1.40001
1.40001
1.40004
1.40009
1.40025
1.40051
1.40148
1.40314
1.40883
1.41938
1.45085
1.51387
1.66352
1.95782
2.81539
5.75257
5.75046
5.68142
5.67883
5.72039
5.78366
5.82445
5.87284
5.91024
5.80813
1.40001
1.40001
1.40004
1.40008
1.40024
1.4005
1.40143
1.40303
1.40859
1.41862
1.44937
1.51017
1.65585
1.94244
2.75394
5.63402
5.73305
5.67326
5.66621
5.69721
5.75719
5.79834
5.84637
5.88336
5.78001
1.40001
1.40001
1.40004
1.40008
1.40022
1.40048
1.40136
1.40288
1.40819
1.41775
1.44718
1.50533
1.64565
1.92446
2.68109
5.46383
5.71614
5.65509
5.6427
5.66625
5.72323
5.76194
5.80497
5.84013
5.74836
1.40001
1.40001
1.40004
1.40007
1.40021
1.40045
1.40126
1.40276
1.40754
1.41701
1.44394
1.49993
1.63201
1.90111
2.59055
5.23556
5.69858
5.63644
5.60882
5.62886
5.67885
5.71343
5.75407
5.79102
5.69814
1.40001
1.40001
1.40003
1.40008
1.40017
1.40049
1.401
1.40294
1.40613
1.41739
1.43798
1.49643
1.61303
1.872
2.48916
4.94404
5.68703
5.62074
5.56543
5.57889
5.6172
5.6506
5.68765
5.71532
5.63824
1.40001
1.40001
1.40003
1.40007
1.40017
1.40039
1.40104
1.40233
1.40635
1.41411
1.43731
1.48422
1.59884
1.83181
2.38281
4.58063
5.6841
5.60637
5.51247
5.52136
5.55614
5.56922
5.58716
5.6078
5.52969
1.40001
1.40001
1.40003
1.40006
1.40015
1.40035
1.40089
1.40216
1.4053
1.41322
1.43172
1.47671
1.57635
1.78998
2.26864
4.135
5.69991
5.61028
5.46607
5.46484
5.47732
5.482
5.47812
5.45954
5.3866
1.40001
1.40001
1.40002
1.40005
1.40013
1.4003
1.40079
1.40177
1.40484
1.41069
1.42861
1.46454
1.55551
1.74051
2.15499
3.6246
5.71636
5.60978
5.41441
5.39385
5.39118
5.36186
5.32606
5.2737
5.09011
1.40001
1.40001
1.40002
1.40005
1.4001
1.40028
1.40059
1.40168
1.40356
1.41007
1.42184
1.45748
1.52763
1.69366
2.03009
3.04633
5.70549
5.60629
5.38301
5.31961
5.28576
5.23457
5.12586
4.90949
4.21432
1.40001
1.40001
1.40002
1.40004
1.4001
1.40021
1.40058
1.40121
1.40354
1.40735
1.42089
1.44523
1.51399
1.65005
1.9415
2.73632
5.44723
5.47774
5.36491
5.25171
5.19541
5.10291
4.92631
4.61152
3.86629
1.40001
1.40001
1.40002
1.40003
1.40008
1.40019
1.40044
1.40117
1.40259
1.40712
1.41569
1.44143
1.49305
1.61827
1.87114
2.49184
4.89454
5.34977
5.29203
5.15939
5.0737
4.95655
4.74498
4.40832
3.84328
1.40001
1.40001
1.40001
1.40003
1.40006
1.40015
1.40039
1.40089
1.40237
1.4053
1.41423
1.43222
1.48055
1.58131
1.8028
2.2936
4.24318
5.28101
5.24188
5.10919
4.98006
4.83273
4.59974
4.27187
3.84079
1.40001
1.40001
1.40001
1.40003
1.40005
1.40013
1.40028
1.4008
1.40166
1.40479
1.4102
1.428
1.46204
1.55123
1.72944
2.1235
3.53407
5.24201
5.20484
5.07241
4.9035
4.74515
4.52535
4.20058
3.83451
1.40001
1.40001
1.40001
1.40002
1.40005
1.40009
1.40025
1.40053
1.40151
1.40318
1.409
1.41942
1.45135
1.51387
1.66388
1.96068
2.78097
5.12986
5.16466
5.07139
4.856
4.66326
4.46497
4.17477
3.83583
1.40001
1.40001
1.40001
1.40002
1.40004
1.40007
1.40019
1.40043
1.40111
1.40265
1.40656
1.41607
1.43873
1.49201
1.60989
1.8567
2.44449
4.64717
5.06216
4.99793
4.82857
4.60784
4.40611
4.15701
3.84364
1.40001
1.40001
1.40001
1.40001
1.40003
1.40006
1.40015
1.40032
1.4009
1.40188
1.40538
1.4115
1.4313
1.4694
1.5675
1.76311
2.19227
3.86428
4.97203
4.9361
4.81369
4.57627
4.36388
4.1408
3.866
1.40001
1.40001
1.40001
1.40001
1.40002
1.40005
1.4001
1.40027
1.40058
1.40157
1.40355
1.40929
1.42154
1.45378
1.52314
1.67954
1.99905
2.96702
4.84062
4.88575
4.80352
4.5918
4.34301
4.12252
3.87927
1.40001
1.40001
1.40001
1.40001
1.40002
1.40003
1.40008
1.40019
1.40043
1.40115
1.40252
1.40698
1.41513
1.44024
1.4894
1.61101
1.84653
2.42043
4.43187
4.8313
4.77317
4.61333
4.35059
4.11918
3.88877
1.40001
1.40001
1.40001
1.40001
1.40001
1.40003
1.40006
1.40012
1.40035
1.40073
1.40207
1.4044
1.41219
1.42682
1.46876
1.55279
1.74362
2.13018
3.61496
4.73643
4.71094
4.61269
4.38498
4.14059
3.91443
1.40001
1.40001
1.40001
1.40001
1.40001
1.40002
1.40004
1.4001
1.40021
1.40059
1.40122
1.40351
1.40732
1.42046
1.44424
1.51073
1.64106
1.90532
2.60982
4.54511
4.69195
4.61741
4.42164
4.17085
3.93542
1.40001
1.40001
1.40001
1.40001
1.40001
1.40002
1.40003
1.40007
1.40015
1.4004
1.40088
1.40233
1.40535
1.41367
1.432
1.47746
1.57583
1.78305
2.22791
3.92677
4.62481
4.58834
4.46459
4.21609
3.98083
1.40001
1.40001
1.40001
1.40001
1.40001
1.40001
1.40002
1.40005
1.4001
1.40027
1.4006
1.40157
1.40363
1.40924
1.42181
1.45328
1.52272
1.67598
1.97628
2.95924
4.43571
4.53426
4.4726
4.29059
4.0262
1.40001
1.40001
1.40001
1.40001
1.40001
1.40001
1.40002
1.40003
1.40007
1.40019
1.40038
1.40109
1.40228
1.4064
1.41375
1.43663
1.48086
1.59159
1.79747
2.28555
3.96188
4.48736
4.45392
4.34342
4.09816
1.40001
1.40001
1.40001
1.40001
1.40001
1.40001
1.40001
1.40002
1.40005
1.40012
1.40026
1.40069
1.40154
1.40404
1.40931
1.42345
1.45465
1.52875
1.683
1.98992
3.02836
4.31767
4.40583
4.35221
4.199
1.40001
1.40001
1.40001
1.40001
1.40001
1.40001
1.40001
1.40002
1.40003
1.40008
1.40016
1.40045
1.40095
1.40266
1.40566
1.41549
1.4339
1.4852
1.58705
1.79115
2.27553
3.88021
4.36375
4.33788
4.24738
1.40001
1.40001
1.40001
1.40001
1.40001
1.40001
1.40001
1.40001
1.40002
1.40005
1.40012
1.40025
1.4007
1.40145
1.4041
1.40861
1.42361
1.45131
1.52619
1.67022
1.96215
2.92634
4.17598
4.30052
4.25562
1.40001
1.40001
1.40001
1.40001
1.40001
1.40001
1.40001
1.40001
1.40002
1.40003
1.40007
1.40017
1.40041
1.40093
1.40247
1.40535
1.41454
1.43166
1.47986
1.57513
1.76688
2.2074
3.69418
4.24868
4.23168
1.40001
1.40001
1.40001
1.40001
1.40001
1.40001
1.40001
1.40001
1.40001
1.40002
1.40004
1.40011
1.40024
1.40059
1.40143
1.40337
1.40851
1.41953
1.44871
1.50967
1.64633
1.89715
2.67406
4.0151
4.21081
1.40001
1.40001
1.40001
1.40001
1.40001
1.40001
1.40001
1.40001
1.40001
1.40002
1.40003
1.40007
1.40014
1.40038
1.40079
1.40219
1.4047
1.41259
1.42792
1.46969
1.55435
1.72937
2.10331
3.40976
4.11527
1.40001
1.40001
1.40001
1.40001
1.40001
1.40001
1.40001
1.40001
1.40001
1.40001
1.40002
1.40004
1.40009
1.4002
1.4005
1.40119
1.40284
1.40711
1.41634
1.4406
1.49148
1.60686
1.80443
2.33396
3.81949
1.40001
1.40001
1.40001
1.40001
1.40001
1.40001
1.40001
1.40001
1.40001
1.40001
1.40001
1.40002
1.40006
1.40012
1.40031
1.40066
1.40177
1.40393
1.41014
1.42318
1.45688
1.52799
1.67858
1.97595
3.01442
1.40001
1.40001
1.40001
1.40001
1.40001
1.40001
1.40001
1.40001
1.40001
1.40001
1.40001
1.40002
1.40003
1.40007
1.40018
1.40037
1.40102
1.4022
1.40585
1.41299
1.43309
1.47402
1.57164
1.7409
2.1584
1.40001
1.40001
1.40001
1.40001
1.40001
1.40001
1.40001
1.40001
1.40001
1.40001
1.40001
1.40001
1.40002
1.40004
1.40009
1.40023
1.40053
1.40128
1.40316
1.40729
1.41838
1.44155
1.49979
1.6135
1.82995
1.40001
1.40001
1.40001
1.40001
1.40001
1.40001
1.40001
1.40001
1.40001
1.40001
1.40001
1.40001
1.40001
1.40003
1.40005
1.40014
1.40028
1.40077
1.40161
1.40445
1.4094
1.42521
1.45455
1.53247
1.67098
1.40001
1.40001
1.40001
1.40001
1.40001
1.40001
1.40001
1.40001
1.40001
1.40001
1.40001
1.40001
1.40001
1.40002
1.40003
1.40007
1.40016
1.40041
1.4009
1.40239
1.40511
1.41377
1.42954
1.47471
1.5596
1.40001
1.40001
1.40001
1.40001
1.40001
1.40001
1.40001
1.40001
1.40001
1.40001
1.40001
1.40001
1.40001
1.40001
1.40002
1.40004
1.40009
1.40023
1.40047
1.40128
1.40269
1.40728
1.41557
1.44019
1.48711
1.40001
1.40001
1.40001
1.40001
1.40001
1.40001
1.40001
1.40001
1.40001
1.40001
1.40001
1.40001
1.40001
1.40001
1.40001
1.40002
1.40005
1.40012
1.40026
1.40068
1.40144
1.40392
1.40826
1.42215
1.44751
1.40001
1.40001
1.40001
1.40001
1.40001
1.40001
1.40001
1.40001
1.40001
1.40001
1.40001
1.40001
1.40001
1.40001
1.40001
1.40001
1.40003
1.40006
1.40015
1.40033
1.40082
1.40192
1.40458
1.41119
1.42588
1.40001
1.40001
1.40001
1.40001
1.40001
1.40001
1.40001
1.40001
1.40001
1.40001
1.40001
1.40001
1.40001
1.40001
1.40001
1.40001
1.40002
1.40004
1.40008
1.40017
1.40042
1.40095
1.40246
1.40534
1.41413
1.40001
1.40001
1.40001
1.40001
1.40001
1.40001
1.40001
1.40001
1.40001
1.40001
1.40001
1.40001
1.40001
1.40001
1.40001
1.40001
1.40001
1.40002
1.40004
1.40009
1.4002
1.40052
1.4011
1.40299
1.40627
1.40001
1.40001
1.40001
1.40001
1.40001
1.40001
1.40001
1.40001
1.40001
1.40001
1.40001
1.40001
1.40001
1.40001
1.40001
1.40001
1.40001
1.40001
1.40002
1.40005
1.40011
1.40024
1.40061
1.40139
1.40335
1.40001
1.40001
1.40001
1.40001
1.40001
1.40001
1.40001
1.40001
1.40001
1.40001
1.40001
1.40001
1.40001
1.40001
1.40001
1.40001
1.40001
1.40001
1.40001
1.40003
1.40006
1.40012
1.40031
1.40065
1.40177
1.40001
1.40001
1.40001
1.40001
1.40001
1.40001
1.40001
1.40001
1.40001
1.40001
1.40001
1.40001
1.40001
1.40001
1.40001
1.40001
1.40001
1.40001
1.40001
1.40002
1.40003
1.40007
1.40014
1.40036
1.40078
1.40001
1.40001
1.40001
1.40001
1.40001
1.40001
1.40001
1.40001
1.40001
1.40001
1.40001
1.40001
1.40001
1.40001
1.40001
1.40001
1.40001
1.40001
1.40001
1.40001
1.40002
1.40003
1.40008
1.40016
1.4004
1.40001
1.40001
1.40001
1.40001
1.40001
1.40001
1.40001
1.40001
1.40001
1.40001
1.40001
1.40001
1.40001
1.40001
1.40001
1.40001
1.40001
1.40001
1.40001
1.40001
1.40001
1.40002
1.40004
1.40009
1.40018
1.40001
1.40001
1.40001
1.40001
1.40001
1.40001
1.40001
1.40001
1.40001
1.40001
1.40001
1.40001
1.40001
1.40001
1.40001
1.40001
1.40001
1.40001
1.40001
1.40001
1.40001
1.40001
1.40002
1.40004
1.40009
1.40001
1.40001
1.40001
1.40001
1.40001
1.40001
1.40001
1.40001
1.40001
1.40001
1.40001
1.40001
1.40001
1.40001
1.40001
1.40001
1.40001
1.40001
1.40001
1.40001
1.40001
1.40001
1.40001
1.40002
1.40005
1.40001
1.40001
1.40001
1.40001
1.40001
1.40001
1.40001
1.40001
1.40001
1.40001
1.40001
1.40001
1.40001
1.40001
1.40001
1.40001
1.40001
1.40001
1.40001
1.40001
1.40001
1.40001
1.40001
1.40002
1.40003
1.85182
1.01697
0.708576
0.62853
0.626308
0.656984
0.73204
0.80019
0.818987
0.817716
0.812854
0.803949
0.800165
0.798369
0.797406
0.79701
0.795576
0.793668
0.791326
0.788012
0.78417
0.780785
0.777888
0.775279
0.772752
0.770177
0.767524
0.764825
0.762136
0.759482
0.75684
0.754154
0.751358
0.748396
0.745227
0.741823
0.738177
0.734302
0.730223
0.725949
0.721492
0.716921
0.712245
0.707408
0.70244
0.697457
0.692523
0.687678
0.68295
0.678385
0.674162
0.670959
0.670337
0.671108
0.674542
0.68495
0.707446
0.753573
0.847565
1.02782
1.27909
1.5499
1.76781
1.8724
1.87618
1.86232
1.83562
1.7935
1.76623
1.7612
1.75731
1.74807
1.73671
1.72016
1.69761
1.66756
1.63419
1.60535
1.57625
1.55247
1.52885
1.51032
1.492
1.47537
1.45755
1.43892
1.41868
1.3978
1.37672
1.35556
1.33632
1.31607
1.29874
1.27955
1.26339
1.2459
1.23071
1.2148
1.20224
1.18841
2.29996
1.51004
1.15513
1.00602
0.938442
0.891903
0.870704
0.873225
0.880042
0.894827
0.916765
0.921499
0.920422
0.917359
0.912103
0.906954
0.903287
0.900991
0.89925
0.897005
0.89428
0.890961
0.887276
0.883571
0.879977
0.876531
0.873181
0.869848
0.866472
0.863027
0.859511
0.855935
0.852317
0.848676
0.845004
0.841309
0.837547
0.833766
0.829849
0.825926
0.821784
0.817688
0.813357
0.809066
0.804606
0.800115
0.795505
0.79091
0.786174
0.781916
0.77759
0.776851
0.776901
0.778916
0.787569
0.807437
0.847438
0.9316
1.07123
1.2361
1.40058
1.54935
1.70873
1.88991
2.06095
2.17992
2.2306
2.22105
2.19362
2.14279
2.07833
2.02893
1.99363
1.97268
1.96018
1.95107
1.94239
1.92927
1.90972
1.88153
1.84838
1.8139
1.77951
1.74694
1.71589
1.68822
1.66276
1.63939
1.61698
1.59458
1.57187
1.54886
1.52574
1.50278
1.47983
1.45734
1.43552
1.41329
1.39531
1.37136
2.82688
2.10136
1.63137
1.32921
1.13579
1.01161
0.9346
0.913859
0.916678
0.923807
0.943847
0.963943
0.978194
0.980714
0.979832
0.977421
0.973592
0.968969
0.965614
0.962849
0.959929
0.956872
0.953515
0.949892
0.94618
0.942421
0.938608
0.934732
0.930805
0.926834
0.92283
0.918782
0.914714
0.910599
0.906498
0.902353
0.898259
0.894108
0.889998
0.885817
0.881642
0.877435
0.87319
0.86897
0.864673
0.860397
0.856112
0.85174
0.84785
0.843994
0.843889
0.844417
0.847305
0.857333
0.880377
0.925407
1.02142
1.16775
1.32496
1.42382
1.49507
1.56155
1.63393
1.72326
1.83404
1.98387
2.15081
2.29733
2.39204
2.39595
2.38055
2.3489
2.28677
2.2189
2.16071
2.11945
2.08816
2.06593
2.05071
2.03977
2.02579
2.00627
1.98039
1.9517
1.92096
1.89147
1.86185
1.83347
1.80522
1.77815
1.75178
1.72616
1.70086
1.67577
1.65089
1.62584
1.60198
1.57705
1.5576
1.53013
3.14843
2.49618
2.00293
1.6492
1.41041
1.24297
1.13808
1.06725
1.02551
1.00427
1.0046
1.00757
1.01395
1.02745
1.03579
1.03783
1.03629
1.03375
1.02952
1.0236
1.01883
1.01447
1.01042
1.00661
1.00266
0.998447
0.994072
0.989669
0.985277
0.980945
0.976704
0.972565
0.968527
0.964587
0.960747
0.957013
0.953377
0.949829
0.946328
0.94285
0.93932
0.935784
0.932026
0.928398
0.924236
0.920501
0.916036
0.912519
0.908916
0.909078
0.910402
0.915655
0.927866
0.955332
1.00943
1.1259
1.29608
1.4413
1.51813
1.55738
1.58296
1.60512
1.62702
1.65557
1.70061
1.75997
1.83817
1.9441
2.08204
2.23711
2.36495
2.44723
2.44534
2.42223
2.38734
2.32101
2.25152
2.19473
2.14715
2.11414
2.09066
2.07645
2.06417
2.05132
2.03523
2.01414
1.98855
1.96056
1.93098
1.90162
1.87218
1.84394
1.81564
1.78991
1.76343
1.73974
1.71573
1.69227
1.67352
1.64701
3.31752
2.77536
2.31079
1.94366
1.67367
1.46907
1.3202
1.20911
1.13089
1.07637
1.04509
1.03584
1.03654
1.03935
1.04593
1.05549
1.06156
1.06361
1.06275
1.06092
1.05805
1.05308
1.0483
1.04377
1.03948
1.03535
1.03125
1.02712
1.02298
1.01883
1.01475
1.01071
1.00679
1.00292
0.999148
0.995429
0.991718
0.988058
0.984331
0.98066
0.976825
0.973123
0.969106
0.965349
0.961292
0.957431
0.954005
0.951974
0.952469
0.954959
0.96212
0.978781
1.01252
1.08265
1.21621
1.41299
1.53641
1.60394
1.62878
1.64143
1.64459
1.64135
1.63508
1.63773
1.64423
1.65527
1.67978
1.72004
1.77479
1.85299
1.95583
2.09525
2.23849
2.36648
2.44659
2.4455
2.42124
2.38699
2.32435
2.2589
2.19608
2.14814
2.11065
2.08123
2.05873
2.03928
2.02181
2.00453
1.98445
1.96205
1.93718
1.91237
1.88593
1.86109
1.83619
1.81145
1.78931
1.76422
1.74671
1.7211
3.42188
2.97385
2.56028
2.20469
1.92003
1.69491
1.5201
1.38362
1.28093
1.20282
1.1477
1.10658
1.08488
1.07448
1.07467
1.07636
1.07983
1.08777
1.09221
1.09371
1.09239
1.09086
1.08774
1.08205
1.07621
1.07079
1.06592
1.0616
1.05746
1.05342
1.04921
1.04494
1.04055
1.03617
1.03181
1.02753
1.0233
1.01913
1.01497
1.01083
1.00668
1.00246
0.998402
0.994095
0.990236
0.986682
0.985958
0.986728
0.990592
0.99997
1.02144
1.0646
1.15474
1.31568
1.52294
1.62274
1.67593
1.69563
1.69882
1.69499
1.68129
1.66728
1.65043
1.63769
1.62601
1.61959
1.61973
1.62349
1.63586
1.66169
1.70232
1.75896
1.83337
1.94239
2.07121
2.21299
2.33915
2.41909
2.41751
2.39276
2.35745
2.29626
2.22815
2.16285
2.11336
2.0711
2.03999
2.01301
1.99099
1.97252
1.95479
1.93812
1.92056
1.90083
1.88102
1.85792
1.83876
1.81382
1.79733
1.7726
3.49145
3.10935
2.74627
2.41849
2.13803
1.9037
1.71426
1.55894
1.4359
1.33583
1.25727
1.19695
1.15209
1.11984
1.10299
1.09644
1.09646
1.09757
1.09982
1.10536
1.10805
1.10794
1.10704
1.10552
1.10239
1.09718
1.09148
1.08643
1.08161
1.07741
1.07306
1.06889
1.06457
1.0602
1.05583
1.0514
1.04704
1.04267
1.03835
1.03406
1.02968
1.02551
1.0212
1.01725
1.01379
1.01408
1.01552
1.02033
1.03245
1.05827
1.11102
1.22033
1.41731
1.61367
1.69878
1.73914
1.75094
1.7534
1.74183
1.72705
1.70729
1.68878
1.66779
1.64842
1.62952
1.61354
1.60019
1.5904
1.58492
1.5863
1.59185
1.60541
1.63214
1.67206
1.72587
1.80281
1.89865
2.0294
2.16141
2.28896
2.37232
2.36975
2.3478
2.31198
2.25722
2.18967
2.12883
2.07194
2.03337
1.99754
1.97208
1.94775
1.9292
1.9108
1.89688
1.8795
1.8653
1.84505
1.8303
1.80887
3.55315
3.21883
2.89272
2.58959
2.32207
2.08901
1.89292
1.72739
1.59039
1.47671
1.3841
1.30779
1.24717
1.20055
1.16519
1.13961
1.12595
1.11879
1.11874
1.11955
1.12119
1.12513
1.12762
1.12747
1.12653
1.12511
1.12219
1.11636
1.1101
1.10402
1.09851
1.09356
1.08902
1.08474
1.08047
1.07608
1.07149
1.06677
1.06202
1.05713
1.05246
1.04796
1.04378
1.04061
1.04102
1.04329
1.04962
1.06488
1.09769
1.16169
1.29533
1.5257
1.68858
1.76464
1.79294
1.80204
1.79848
1.78376
1.76479
1.74505
1.72243
1.70067
1.67741
1.65571
1.63363
1.61358
1.59464
1.57845
1.5652
1.55396
1.54808
1.54328
1.54774
1.55421
1.56806
1.59344
1.63124
1.68406
1.74888
1.84682
1.96133
2.09399
2.21924
2.30707
2.30932
2.29115
2.25795
2.20822
2.1513
2.0857
2.03656
1.99009
1.96092
1.92987
1.9091
1.88551
1.87001
1.85108
1.83815
1.82515
3.60177
3.30552
3.01068
2.72994
2.47538
2.24819
2.05095
1.88029
1.73542
1.61122
1.50763
1.41929
1.34686
1.28606
1.23738
1.19836
1.16966
1.14926
1.13849
1.13205
1.13185
1.13166
1.13261
1.13428
1.13497
1.13398
1.13302
1.13107
1.12722
1.12192
1.11632
1.11082
1.10557
1.1006
1.09583
1.09117
1.08653
1.08181
1.07695
1.07205
1.06729
1.06267
1.06015
1.06046
1.06336
1.07105
1.0894
1.1286
1.20581
1.36358
1.61586
1.75394
1.81783
1.83851
1.84131
1.83729
1.81871
1.79902
1.77532
1.75295
1.72858
1.70636
1.68321
1.66192
1.64072
1.6208
1.60162
1.58382
1.56729
1.55209
1.53968
1.5272
1.52071
1.51219
1.5102
1.51247
1.518
1.52923
1.55162
1.58572
1.63015
1.69814
1.77704
1.89384
2.01649
2.14564
2.2389
2.25461
2.24275
2.20915
2.16899
2.11517
2.06254
2.00356
1.96515
1.92407
1.89983
1.8709
1.85397
1.83155
3.64135
3.37738
3.10991
2.85066
2.60947
2.39007
2.19484
2.02239
1.87248
1.74185
1.62952
1.53253
1.44996
1.37924
1.32046
1.27084
1.23108
1.19893
1.17493
1.15753
1.14765
1.14148
1.14023
1.13989
1.14018
1.14101
1.14174
1.14074
1.13971
1.13751
1.13315
1.1275
1.12158
1.11564
1.10982
1.10437
1.09896
1.09381
1.08876
1.08401
1.07943
1.07851
1.07868
1.08194
1.09151
1.1139
1.16108
1.25397
1.4494
1.70133
1.81428
1.86418
1.87885
1.88064
1.87017
1.85276
1.82954
1.80665
1.78245
1.75943
1.73624
1.71443
1.69224
1.67184
1.65111
1.6319
1.61338
1.59494
1.57806
1.5606
1.54462
1.52922
1.515
1.50129
1.49189
1.48065
1.47662
1.47039
1.47322
1.47721
1.48657
1.50547
1.53614
1.57918
1.63374
1.71729
1.81312
1.94033
2.0632
2.16534
2.20522
2.19408
2.16514
2.13227
2.08933
2.03482
1.98827
1.93251
1.90605
1.86303
3.68244
3.43769
3.19271
2.95288
2.7253
2.51449
2.32321
2.15141
1.99923
1.86454
1.74666
1.64299
1.5531
1.47433
1.40682
1.34797
1.29864
1.25636
1.22236
1.19454
1.17393
1.15909
1.15022
1.14511
1.14269
1.14222
1.14197
1.14161
1.14105
1.13969
1.1383
1.13554
1.13074
1.12502
1.11918
1.11313
1.1073
1.10176
1.09683
1.09186
1.09176
1.09271
1.09637
1.10775
1.1337
1.18777
1.297
1.53428
1.76401
1.86628
1.90729
1.91768
1.91552
1.90359
1.88276
1.86034
1.83605
1.81267
1.78875
1.76631
1.74402
1.72271
1.70184
1.68162
1.66165
1.64257
1.62308
1.60464
1.58644
1.56826
1.55196
1.53396
1.51872
1.50236
1.48786
1.47354
1.46173
1.44885
1.44209
1.43318
1.43015
1.42928
1.43257
1.44002
1.45602
1.48185
1.51893
1.57212
1.63695
1.73474
1.84014
1.972
2.0713
2.14379
2.13997
2.11901
2.09205
2.05266
2.02243
1.94963
3.7116
3.48796
3.26228
3.03979
2.82609
2.62503
2.43954
2.27011
2.11754
1.98068
1.85887
1.75064
1.65493
1.5702
1.49575
1.43007
1.37297
1.32318
1.28086
1.24477
1.21545
1.19164
1.17363
1.16033
1.15193
1.14675
1.14366
1.14284
1.14209
1.14137
1.1404
1.13921
1.13748
1.13404
1.12918
1.12353
1.11777
1.11249
1.10722
1.10705
1.10862
1.11345
1.12695
1.15768
1.21819
1.3476
1.62326
1.82569
1.91428
1.94936
1.95646
1.95372
1.93619
1.91459
1.88949
1.86549
1.84095
1.81802
1.79544
1.77364
1.75216
1.73117
1.71054
1.69024
1.67038
1.65057
1.6316
1.61254
1.59413
1.57574
1.55802
1.54033
1.52425
1.50684
1.4924
1.47577
1.46205
1.44727
1.43473
1.42116
1.41182
1.40011
1.39557
1.38868
1.38776
1.38982
1.39584
1.40734
1.42903
1.46149
1.50435
1.56768
1.64381
1.7484
1.86003
1.98211
2.05629
2.08981
2.08158
2.05755
3.75865
3.54468
3.32988
3.11977
2.9173
2.72498
2.54543
2.37941
2.22768
2.08991
1.9657
1.85385
1.75383
1.66418
1.58432
1.51311
1.45
1.39407
1.34506
1.30213
1.26533
1.23387
1.20806
1.18712
1.17107
1.15924
1.15138
1.14655
1.14364
1.14213
1.14127
1.14062
1.13938
1.13801
1.13549
1.13129
1.12722
1.12206
1.12172
1.12356
1.12881
1.14413
1.17915
1.24556
1.39555
1.70285
1.88598
1.962
1.98963
1.99445
1.98925
1.96986
1.94521
1.91955
1.8937
1.86977
1.84609
1.82384
1.80155
1.78013
1.75909
1.73816
1.71784
1.69729
1.67749
1.65755
1.63818
1.61869
1.60022
1.58138
1.56409
1.54586
1.52943
1.512
1.49668
1.47986
1.46597
1.44954
1.43653
1.4213
1.40876
1.39506
1.3841
1.37143
1.36389
1.35425
1.35126
1.3462
1.34865
1.35236
1.36031
1.37665
1.403
1.44143
1.48791
1.56478
1.63539
1.77061
1.83522
2.04498
3.80517
3.59676
3.39378
3.19511
3.00187
2.81734
2.6433
2.48113
2.3311
2.19347
2.06794
1.95384
1.85054
1.75715
1.67295
1.59705
1.52899
1.46783
1.41337
1.36477
1.32197
1.28437
1.2519
1.22428
1.20133
1.18296
1.16869
1.15813
1.15088
1.14629
1.14331
1.14188
1.14079
1.14003
1.13878
1.137
1.13639
1.13605
1.13843
1.14564
1.164
1.20385
1.27955
1.45558
1.78661
1.94668
2.01222
2.0322
2.03468
2.02524
2.00315
1.97711
1.94996
1.92339
1.89792
1.87401
1.85101
1.82896
1.80751
1.78611
1.76521
1.74405
1.72371
1.70296
1.68315
1.66278
1.64357
1.62391
1.60531
1.58635
1.56859
1.55046
1.53406
1.51659
1.50136
1.48441
1.46999
1.4536
1.44014
1.42402
1.41154
1.39601
1.38409
1.36982
1.35862
1.34556
1.33628
1.32443
1.31867
1.31058
1.30853
1.30632
1.30944
1.31521
1.3262
1.34675
1.37463
1.42315
1.47084
1.61898
3.86694
3.66075
3.46295
3.26861
3.08283
2.90423
2.73458
2.57527
2.427
2.28974
2.16361
2.04792
1.94244
1.84622
1.75898
1.67962
1.60786
1.5428
1.48405
1.43107
1.38348
1.34092
1.3032
1.26997
1.24122
1.21666
1.19618
1.17961
1.16672
1.15704
1.1502
1.14565
1.14204
1.14158
1.14137
1.14107
1.14315
1.14773
1.15779
1.18081
1.22817
1.31558
1.52165
1.86315
2.00718
2.06088
2.07393
2.07495
2.06286
2.03744
2.00906
1.98018
1.95253
1.92636
1.90168
1.87848
1.85611
1.83433
1.81286
1.79139
1.77053
1.74925
1.72897
1.70795
1.68816
1.66762
1.64837
1.6284
1.60998
1.59085
1.57347
1.55517
1.53866
1.52111
1.50559
1.48863
1.47419
1.45769
1.44397
1.42799
1.4149
1.39934
1.38707
1.37189
1.36037
1.34592
1.33502
1.32162
1.31176
1.29936
1.29155
1.28067
1.27629
1.26971
1.26821
1.26911
1.27269
1.28031
1.29483
1.34209
3.94151
3.7217
3.52664
3.34253
3.16137
2.98798
2.82266
2.6661
2.51933
2.38254
2.25578
2.13906
2.03165
1.93338
1.84323
1.76114
1.68586
1.61757
1.55508
1.49843
1.44695
1.40031
1.35832
1.32061
1.287
1.25752
1.23173
1.20967
1.19137
1.17618
1.16425
1.15617
1.14817
1.14748
1.14729
1.1492
1.15447
1.16725
1.19383
1.2499
1.35077
1.57924
1.91934
2.06045
2.10942
2.11619
2.11376
2.09824
2.07194
2.04079
2.01028
1.98085
1.95424
1.92916
1.90589
1.88315
1.86138
1.83954
1.81838
1.79676
1.77593
1.75443
1.73408
1.71289
1.69317
1.67247
1.65339
1.63339
1.61497
1.59573
1.57816
1.55969
1.54325
1.52551
1.51007
1.49291
1.47829
1.46156
1.44778
1.43147
1.41842
1.40265
1.39017
1.3749
1.36299
1.34816
1.33688
1.32256
1.31195
1.29836
1.28854
1.27587
1.26732
1.2557
1.24907
1.23938
1.23619
1.23053
1.23296
1.23822
4.03703
3.80197
3.59669
3.41101
3.2353
3.06641
2.90554
2.75217
2.60742
2.47144
2.3449
2.22731
2.11866
2.01859
1.92629
1.84168
1.76388
1.69243
1.62704
1.56705
1.51208
1.46197
1.41616
1.37463
1.33682
1.30319
1.27284
1.24597
1.22338
1.20268
1.18628
1.17363
1.16061
1.16048
1.16177
1.16533
1.17877
1.20672
1.26599
1.3785
1.6222
1.95729
2.10044
2.14911
2.15602
2.1523
2.13248
2.10083
2.06904
2.03801
2.00891
1.98149
1.9566
1.93308
1.91085
1.88893
1.86745
1.84571
1.82441
1.80266
1.78164
1.7601
1.73966
1.71846
1.69859
1.67775
1.65846
1.63818
1.61972
1.60025
1.58265
1.56402
1.54724
1.5293
1.51341
1.49605
1.48112
1.46432
1.45028
1.43399
1.42073
1.40485
1.39226
1.37682
1.36482
1.34984
1.33839
1.32388
1.31296
1.29895
1.28864
1.27517
1.26556
1.25273
1.24404
1.23201
1.22451
1.21394
1.20783
1.20216
4.13151
3.89161
3.67709
3.48875
3.31398
3.1487
2.98849
2.83697
2.69346
2.55847
2.43147
2.31355
2.20357
2.10182
2.00792
1.92072
1.8407
1.76683
1.69845
1.63598
1.5781
1.52489
1.47606
1.43156
1.39013
1.35303
1.31962
1.28788
1.26195
1.23704
1.21566
1.19915
1.18415
1.18454
1.1883
1.20021
1.22773
1.28736
1.40151
1.66606
1.99232
2.13385
2.18553
2.18969
2.18667
2.16428
2.12713
2.092
2.06156
2.03393
2.0084
1.98371
1.96061
1.93802
1.91639
1.89463
1.8733
1.85139
1.83008
1.80806
1.78708
1.76524
1.74469
1.72309
1.7031
1.68203
1.66269
1.64228
1.62354
1.60377
1.58584
1.56681
1.54978
1.53152
1.51544
1.4979
1.48276
1.46578
1.4515
1.43502
1.42154
1.4056
1.39286
1.37741
1.3653
1.35025
1.33869
1.32404
1.31303
1.29884
1.28839
1.27465
1.26482
1.25149
1.24241
1.22943
1.22136
1.20869
1.2021
1.19038
4.16592
4.00365
3.77177
3.56788
3.38803
3.22302
3.06723
2.91807
2.7769
2.64309
2.51737
2.39865
2.28817
2.18473
2.0889
2.00006
1.91748
1.84129
1.77077
1.70536
1.64503
1.5895
1.5376
1.4901
1.44689
1.40533
1.36951
1.33536
1.3037
1.27748
1.2521
1.22965
1.22426
1.22627
1.23514
1.26281
1.31852
1.44127
1.7215
2.04071
2.174
2.22574
2.22977
2.22003
2.1905
2.15174
2.11552
2.08341
2.05582
2.03113
2.00818
1.98567
1.96357
1.94137
1.91973
1.89793
1.87659
1.85473
1.8335
1.81143
1.79034
1.7684
1.74777
1.72625
1.70616
1.68494
1.66537
1.64463
1.62577
1.60576
1.58772
1.56848
1.5513
1.53283
1.51656
1.49876
1.48339
1.4662
1.45176
1.43517
1.4216
1.40555
1.39269
1.3771
1.36485
1.3497
1.33805
1.32334
1.31224
1.29792
1.28736
1.27342
1.26343
1.24981
1.24057
1.22715
1.21896
1.20548
1.19896
1.18535
4.17916
4.08717
3.87806
3.66311
3.47519
3.30495
3.14809
2.99975
2.85913
2.7263
2.60094
2.48277
2.37179
2.26749
2.17021
2.07959
1.99502
1.91677
1.84379
1.77581
1.71346
1.65433
1.60079
1.55058
1.50321
1.46173
1.42026
1.38461
1.35101
1.31976
1.29364
1.27678
1.27832
1.28761
1.31495
1.37318
1.49758
1.79379
2.10992
2.23235
2.27448
2.28252
2.26344
2.21623
2.17523
2.1397
2.10806
2.0785
2.05288
2.02859
2.00642
1.98417
1.96261
1.94053
1.91924
1.89752
1.87667
1.85495
1.83415
1.81214
1.79161
1.76962
1.7494
1.7276
1.70773
1.68639
1.66703
1.64623
1.62739
1.60717
1.58906
1.56955
1.55232
1.53356
1.5172
1.49915
1.48371
1.46631
1.45176
1.43494
1.42121
1.40492
1.39196
1.37621
1.36393
1.34866
1.33695
1.3221
1.31092
1.29646
1.28581
1.27172
1.26167
1.24791
1.23862
1.22502
1.21682
1.20305
1.19658
1.18238
4.14828
4.10204
3.98149
3.75972
3.56097
3.38743
3.22987
3.08265
2.94295
2.81079
2.68467
2.56616
2.45416
2.34927
2.25046
2.15816
2.07182
1.99132
1.91594
1.84677
1.78054
1.72097
1.66401
1.61095
1.56379
1.51609
1.476
1.4359
1.40005
1.36927
1.34394
1.34512
1.3539
1.38129
1.44345
1.57095
1.89018
2.20205
2.32596
2.33896
2.34406
2.3209
2.26554
2.21815
2.17965
2.14523
2.11359
2.08275
2.05437
2.02751
2.00438
1.98142
1.96006
1.93815
1.91732
1.89566
1.87507
1.8534
1.83302
1.81125
1.79106
1.76919
1.74937
1.72774
1.70828
1.68689
1.66767
1.64668
1.62797
1.60763
1.58961
1.56994
1.55269
1.53369
1.51724
1.49892
1.4833
1.46562
1.45088
1.43382
1.41995
1.40349
1.3904
1.37448
1.36204
1.34657
1.33471
1.31969
1.30839
1.29378
1.28304
1.26882
1.2587
1.24482
1.23549
1.22177
1.21357
1.19965
1.19324
1.1788
4.12772
4.10473
4.03631
3.87439
3.66197
3.47355
3.30928
3.16068
3.02193
2.89067
2.7664
2.64768
2.53556
2.42976
2.32994
2.23599
2.14851
2.06525
1.98947
1.916
1.85001
1.78697
1.72775
1.67509
1.62174
1.57657
1.53105
1.49052
1.45538
1.42345
1.42423
1.43311
1.46325
1.53051
1.67315
2.01407
2.31464
2.44262
2.44702
2.42615
2.38478
2.33598
2.28306
2.23511
2.19481
2.15953
2.12802
2.09715
2.06718
2.03737
2.01009
1.98424
1.96126
1.93816
1.91657
1.89413
1.87304
1.85078
1.83023
1.80814
1.78823
1.76638
1.74693
1.72519
1.70602
1.68463
1.66582
1.64496
1.62651
1.60615
1.5882
1.56843
1.55118
1.53206
1.51556
1.4971
1.4814
1.46358
1.44869
1.43148
1.4174
1.40075
1.38743
1.3713
1.35867
1.34305
1.33106
1.31591
1.30449
1.28978
1.27895
1.26466
1.25448
1.24057
1.23124
1.21751
1.20935
1.19541
1.18907
1.17456
3.94851
4.07498
4.0479
3.96374
3.77242
3.57824
3.40575
3.25023
3.10743
2.97319
2.84739
2.72887
2.61661
2.51038
2.40962
2.31559
2.22478
2.1422
2.06208
1.98903
1.92026
1.85416
1.79605
1.73674
1.68611
1.63535
1.58966
1.55026
1.51303
1.51351
1.52287
1.55579
1.62768
1.7929
2.17134
2.45267
2.56311
2.57712
2.54328
2.47065
2.41318
2.35965
2.30776
2.25919
2.21741
2.1806
2.14825
2.11624
2.08493
2.05347
2.0236
1.99405
1.96743
1.94158
1.91773
1.89353
1.87086
1.84751
1.82596
1.80341
1.783
1.76097
1.74147
1.71989
1.70107
1.67986
1.66138
1.64057
1.62241
1.6022
1.58455
1.56495
1.54788
1.52884
1.51241
1.49393
1.47819
1.46028
1.44528
1.42796
1.41374
1.39698
1.38351
1.36728
1.35453
1.33878
1.32667
1.31137
1.29986
1.28502
1.27413
1.25974
1.24956
1.23556
1.22625
1.21243
1.2043
1.19025
1.18398
1.16931
3.49133
3.9945
4.01855
3.97994
3.87859
3.68105
3.50127
3.34333
3.19914
3.0646
2.93694
2.81572
2.70079
2.59193
2.49029
2.39322
2.30363
2.21764
2.13685
2.06258
1.98963
1.92566
1.8608
1.80399
1.7483
1.69712
1.65357
1.61202
1.61198
1.62204
1.6586
1.7371
1.93377
2.3629
2.61483
2.69337
2.71556
2.6764
2.58339
2.5067
2.4461
2.39213
2.3415
2.29308
2.24857
2.20815
2.17127
2.13647
2.10396
2.07168
2.04008
2.00858
1.97906
1.94966
1.92276
1.89631
1.87174
1.84679
1.82395
1.8003
1.77905
1.75649
1.73663
1.7148
1.69584
1.67453
1.6562
1.63551
1.61768
1.59758
1.58018
1.56065
1.5438
1.52481
1.50856
1.4901
1.47448
1.45653
1.44159
1.42417
1.40996
1.39306
1.37956
1.36317
1.35037
1.33447
1.32232
1.30689
1.29538
1.2804
1.26955
1.25502
1.24489
1.23075
1.22148
1.20752
1.19944
1.18525
1.17905
1.16422
2.43975
3.6995
3.98505
3.97285
3.92301
3.80043
3.60806
3.43609
3.28514
3.14773
3.02001
2.89912
2.78428
2.67529
2.57151
2.4729
2.38108
2.29283
2.21302
2.1337
2.06275
1.99306
1.92948
1.86953
1.81259
1.76497
1.72043
1.71966
1.7305
1.77251
1.86068
2.09141
2.57318
2.79184
2.84094
2.85403
2.81682
2.71511
2.62041
2.54566
2.48708
2.43497
2.38483
2.3352
2.28765
2.24329
2.20201
2.16358
2.12727
2.09213
2.05942
2.02685
1.99534
1.96398
1.93437
1.90498
1.87778
1.85101
1.82634
1.80123
1.77861
1.75493
1.73405
1.71139
1.69186
1.66998
1.65139
1.63019
1.61227
1.59185
1.57458
1.55491
1.53827
1.51922
1.50316
1.48463
1.46919
1.45118
1.4364
1.41891
1.40481
1.38783
1.37443
1.35796
1.34524
1.32926
1.31719
1.30169
1.29026
1.27521
1.26445
1.24983
1.23978
1.22552
1.21635
1.20227
1.1943
1.17999
1.17392
1.15896
1.97202
2.96381
3.80919
3.94532
3.92988
3.86966
3.72739
3.54602
3.38287
3.23748
3.10354
2.97962
2.86363
2.75495
2.65055
2.55336
2.45887
2.371
2.28624
2.20796
2.13363
2.06286
1.99832
1.9358
1.88391
1.83827
1.83693
1.84895
1.8978
2.00085
2.27127
2.7934
2.99766
3.01173
2.99943
2.95146
2.85657
2.7545
2.66688
2.59473
2.53596
2.48287
2.43197
2.38099
2.33097
2.2828
2.23766
2.19525
2.15568
2.11756
2.08175
2.04647
2.01399
1.98106
1.94975
1.91811
1.88855
1.85903
1.83214
1.80502
1.78065
1.7553
1.73292
1.70885
1.6881
1.66505
1.64564
1.62359
1.60533
1.58429
1.56694
1.54683
1.53025
1.51094
1.49506
1.47644
1.46125
1.44323
1.42869
1.41121
1.39732
1.3804
1.36718
1.3508
1.33824
1.32236
1.31043
1.29501
1.2837
1.2687
1.25802
1.24343
1.23345
1.2192
1.21009
1.19601
1.18813
1.17382
1.16787
1.15288
1.72624
2.11212
3.3473
3.85712
3.91286
3.88462
3.81155
3.64905
3.48031
3.32966
3.19309
3.06625
2.94618
2.83435
2.72922
2.63059
2.53597
2.44789
2.36205
2.28238
2.20526
2.13579
2.06786
2.01068
1.96522
1.96371
1.97811
2.03596
2.16937
2.48557
3.02596
3.21649
3.22288
3.17592
3.08356
2.9931
2.89915
2.80737
2.72539
2.65317
2.59151
2.53522
2.48171
2.42885
2.37647
2.32574
2.27726
2.23135
2.18833
2.14713
2.10836
2.07023
2.03431
1.99872
1.96596
1.93268
1.9015
1.87001
1.84094
1.81171
1.78555
1.7584
1.73436
1.7087
1.68659
1.66227
1.64187
1.6188
1.59981
1.57792
1.56013
1.53939
1.52261
1.5029
1.48696
1.46812
1.45293
1.43482
1.42034
1.40292
1.38914
1.37236
1.35927
1.34307
1.33063
1.31491
1.30309
1.28779
1.27655
1.26163
1.25101
1.23644
1.2265
1.21224
1.20319
1.18905
1.18125
1.16685
1.16101
1.14586
1.59638
1.77589
2.27739
3.53607
3.86483
3.87675
3.84098
3.75253
3.58384
3.42458
3.284
3.1555
3.03651
2.92143
2.81312
2.71005
2.6141
2.52319
2.43832
2.35684
2.28107
2.20932
2.14654
2.10314
2.10135
2.11974
2.18973
2.36692
2.74443
3.26364
3.44339
3.45237
3.38011
3.24114
3.13145
3.03841
2.95356
2.87013
2.79106
2.71712
2.65101
2.58985
2.53276
2.4771
2.42279
2.36976
2.31872
2.26986
2.22387
2.17943
2.13775
2.09672
2.0583
2.02013
1.98463
1.94938
1.91732
1.88433
1.85386
1.82272
1.79439
1.76534
1.73956
1.71232
1.68863
1.66286
1.641
1.61664
1.59647
1.57356
1.5549
1.53337
1.51599
1.4957
1.4794
1.4602
1.44484
1.42658
1.41208
1.39463
1.38095
1.36422
1.35128
1.33515
1.3229
1.30725
1.29561
1.28037
1.26932
1.25443
1.244
1.22943
1.21969
1.20539
1.19655
1.18233
1.17473
1.16017
1.15453
1.13914
1.51641
1.63809
1.89588
2.71267
3.62585
3.83834
3.83455
3.79656
3.70202
3.53554
3.38016
3.24413
3.12141
3.00767
2.89988
2.79569
2.69698
2.60214
2.51451
2.43277
2.35862
2.28938
2.25315
2.2518
2.27608
2.35453
2.59425
3.06428
3.51474
3.65782
3.67018
3.59357
3.43347
3.29068
3.1814
3.09333
3.0143
2.93546
2.85786
2.78221
2.71188
2.64597
2.58435
2.52537
2.46856
2.41353
2.36057
2.30939
2.26069
2.21341
2.16888
2.12518
2.08423
2.04373
2.00597
1.96847
1.93369
1.89914
1.8676
1.83497
1.80497
1.77405
1.74638
1.71756
1.69217
1.66496
1.6416
1.616
1.59455
1.57058
1.55087
1.52845
1.51027
1.48923
1.47238
1.45253
1.43682
1.41803
1.40334
1.38551
1.37177
1.35477
1.3419
1.32561
1.31353
1.29782
1.28645
1.27122
1.26051
1.2457
1.23562
1.22118
1.21177
1.1976
1.18904
1.17491
1.16754
1.15302
1.14757
1.13216
1.46203
1.53794
1.6771
1.99994
3.02306
3.67902
3.80275
3.79541
3.75372
3.65071
3.49166
3.34363
3.21013
3.09082
2.98016
2.87669
2.77886
2.68537
2.59559
2.51691
2.4391
2.41454
2.41377
2.4439
2.53771
2.83377
3.43164
3.80757
3.88852
3.87592
3.79468
3.6371
3.48037
3.34799
3.24358
3.15582
3.07703
2.99893
2.9221
2.84569
2.77272
2.70275
2.63676
2.57389
2.51404
2.45676
2.40181
2.34868
2.29779
2.2481
2.20098
2.15473
2.11138
2.06862
2.02877
1.9892
1.95245
1.91579
1.88182
1.84804
1.81679
1.78464
1.75531
1.72496
1.69806
1.66958
1.64481
1.61803
1.5953
1.5702
1.54935
1.52587
1.50672
1.48467
1.46705
1.44628
1.43
1.41044
1.39539
1.37697
1.36302
1.34564
1.33267
1.31619
1.30408
1.28832
1.27699
1.2618
1.25117
1.23642
1.22644
1.21208
1.20277
1.18869
1.18022
1.16618
1.15892
1.14452
1.1392
1.12393
1.43031
1.47568
1.55932
1.71589
2.10152
3.24517
3.70469
3.77246
3.75663
3.70788
3.59645
3.44538
3.30648
3.18018
3.06503
2.95696
2.85829
2.76406
2.6839
2.6014
2.58952
2.58916
2.62534
2.75049
3.07616
3.82165
4.1439
4.15895
4.10182
3.9768
3.83122
3.67897
3.54023
3.41846
3.31547
3.22449
3.142
3.0614
2.9833
2.90584
2.83125
2.75886
2.68966
2.62339
2.56017
2.49994
2.44244
2.38713
2.33413
2.28242
2.23306
2.18464
2.13892
2.09404
2.05199
2.01048
1.97176
1.93323
1.89749
1.86168
1.82881
1.79581
1.76526
1.73362
1.70525
1.67555
1.6496
1.62169
1.59785
1.57169
1.54979
1.5253
1.50516
1.48221
1.46367
1.44211
1.42506
1.40482
1.38913
1.37013
1.35567
1.33783
1.32445
1.30764
1.2952
1.27925
1.26768
1.2524
1.24164
1.2269
1.21692
1.20261
1.19344
1.17942
1.1712
1.15725
1.15029
1.13597
1.13096
1.11578
1.41674
1.43561
1.48841
1.58049
1.75949
2.22695
3.36361
3.7069
3.74687
3.72462
3.66878
3.54808
3.40512
3.27454
3.15372
3.04554
2.94264
2.85484
2.77555
2.76702
2.77679
2.8297
3.00161
3.38214
4.21892
4.47078
4.4784
4.37569
4.17621
4.01774
3.87041
3.73443
3.61015
3.49557
3.39248
3.29662
3.20779
3.1217
3.04009
2.96067
2.88507
2.81153
2.74064
2.67186
2.6056
2.54222
2.48173
2.42393
2.3688
2.31526
2.26415
2.21397
2.16636
2.11955
2.07548
2.03203
1.99142
1.95108
1.91369
1.87619
1.84183
1.80687
1.77548
1.74289
1.71354
1.68263
1.6556
1.62665
1.60173
1.57457
1.55162
1.52619
1.50501
1.48119
1.46165
1.43931
1.42131
1.40036
1.38384
1.3642
1.34906
1.33064
1.31677
1.29945
1.2867
1.27038
1.2586
1.24314
1.23224
1.21747
1.20743
1.1932
1.18405
1.17019
1.16206
1.14827
1.14148
1.12726
1.12249
1.10736
1.4081
1.41861
1.4454
1.50068
1.61764
1.83953
2.51455
3.42485
3.69031
3.71717
3.69358
3.63417
3.50517
3.37127
3.24811
3.1382
3.03924
2.96309
2.95272
2.97096
3.04898
3.29729
3.82041
4.60991
4.80179
4.78078
4.65952
4.42942
4.22853
4.06345
3.92432
3.79853
3.68227
3.57185
3.4684
3.3688
3.27421
3.1821
3.09507
3.01154
2.93319
2.858
2.78599
2.71599
2.64807
2.58239
2.51932
2.45887
2.40144
2.34593
2.29326
2.24155
2.19251
2.14403
2.09834
2.05308
2.01081
1.96878
1.92991
1.89093
1.85522
1.81901
1.78617
1.75245
1.72229
1.69043
1.66229
1.63235
1.60651
1.57843
1.55461
1.52827
1.50626
1.48154
1.4612
1.43802
1.41926
1.39755
1.3803
1.36002
1.34418
1.32525
1.31072
1.29298
1.27966
1.26296
1.25072
1.23492
1.2237
1.20866
1.19842
1.18402
1.17475
1.16081
1.15265
1.13888
1.13214
1.11801
1.11337
1.09841
1.4037
1.41001
1.42124
1.4542
1.51668
1.64328
1.91377
2.73117
3.46324
3.6724
3.68828
3.66657
3.60843
3.47721
3.35116
3.23893
3.16854
3.15973
3.1906
3.28893
3.61965
4.33553
5.03591
5.11224
5.07198
4.92338
4.68369
4.4708
4.284
4.12657
3.99086
3.86659
3.75105
3.64055
3.53622
3.43467
3.33733
3.2416
3.15022
3.06205
2.97931
2.90068
2.82632
2.75489
2.68588
2.61885
2.55409
2.49141
2.43179
2.37405
2.31961
2.26631
2.21603
2.16628
2.1194
2.07282
2.02926
1.98591
1.94576
1.9056
1.8687
1.83139
1.79737
1.76248
1.73111
1.69847
1.66942
1.63858
1.61185
1.5829
1.55825
1.53111
1.50832
1.48287
1.46179
1.43791
1.41844
1.39605
1.37814
1.35717
1.34073
1.32111
1.30602
1.28767
1.27381
1.25662
1.2439
1.22772
1.21611
1.20079
1.19025
1.17566
1.16622
1.15216
1.14395
1.13011
1.12345
1.10928
1.10485
1.08987
1.40197
1.40455
1.41093
1.42588
1.45988
1.53417
1.66364
1.97337
2.89336
3.49141
3.65582
3.66284
3.64623
3.59379
3.46866
3.39305
3.38651
3.44085
3.56883
3.98769
4.92369
5.47035
5.48067
5.38114
5.15972
4.92168
4.71177
4.52025
4.3522
4.20117
4.06367
3.9348
3.81474
3.70068
3.59349
3.48978
3.39078
3.2937
3.20077
3.11034
3.02445
2.94212
2.86415
2.78982
2.71881
2.65057
2.58479
2.52095
2.45976
2.40017
2.34384
2.28877
2.23703
2.18603
2.13812
2.09056
2.0461
2.0018
1.96077
1.91966
1.88191
1.84363
1.80875
1.77284
1.74051
1.70678
1.67698
1.64525
1.61766
1.58792
1.56253
1.53467
1.51127
1.48513
1.46346
1.43891
1.41882
1.39579
1.37722
1.35564
1.33853
1.31834
1.30263
1.28374
1.26934
1.25163
1.23846
1.22181
1.20981
1.19409
1.18323
1.16832
1.15863
1.14433
1.13596
1.12196
1.11525
1.10098
1.09662
1.08159
1.40093
1.40217
1.40533
1.4121
1.42979
1.46624
1.54866
1.68522
2.02946
3.02487
3.51097
3.63817
3.65525
3.64625
3.62881
3.62586
3.71671
3.89677
4.4584
5.5664
5.8852
5.87566
5.73732
5.42551
5.15925
4.94402
4.75746
4.58786
4.4304
4.28072
4.13951
4.00473
3.87838
3.75808
3.64542
3.53707
3.43474
3.33559
3.24168
3.15068
3.064
2.98009
2.89983
2.8228
2.74928
2.67908
2.61196
2.5472
2.48517
2.42454
2.36694
2.3103
2.25704
2.20448
2.15533
2.10658
2.06124
2.01604
1.97433
1.93242
1.89402
1.85494
1.8194
1.78263
1.74961
1.71494
1.68434
1.65181
1.62352
1.59306
1.56699
1.53858
1.51455
1.48792
1.46565
1.44061
1.41999
1.39644
1.37735
1.35525
1.33764
1.31692
1.30073
1.28133
1.26646
1.24829
1.23467
1.2176
1.2052
1.18911
1.1779
1.16266
1.15271
1.13814
1.12961
1.11539
1.10864
1.0942
1.08992
1.07475
1.40047
1.40098
1.4026
1.40557
1.41435
1.43116
1.47592
1.55614
1.70756
2.07429
3.10502
3.52084
3.65069
3.70153
3.78562
3.9684
4.3464
5.15593
6.13217
6.26673
6.21739
6.03819
5.7088
5.42123
5.18582
4.98705
4.81054
4.64595
4.48894
4.33743
4.194
4.05739
3.92883
3.80558
3.68895
3.57637
3.47031
3.36847
3.27291
3.18097
3.09371
3.0092
2.92819
2.84994
2.77495
2.70287
2.63401
2.5677
2.50461
2.44323
2.38503
2.32771
2.2736
2.21992
2.16967
2.11967
2.0734
2.02718
1.98482
1.94212
1.90321
1.86344
1.8274
1.79003
1.75654
1.72135
1.69032
1.65738
1.62878
1.59798
1.57154
1.54263
1.51804
1.4909
1.46803
1.44253
1.42129
1.39737
1.37775
1.3553
1.33723
1.31616
1.29958
1.27979
1.26459
1.24602
1.2321
1.21467
1.20197
1.18557
1.1741
1.15858
1.1484
1.13359
1.12489
1.11046
1.1036
1.08895
1.0847
1.0693
1.40021
1.4005
1.40112
1.40286
1.40613
1.41596
1.43384
1.48305
1.56682
1.73437
2.14716
3.1665
3.6013
3.79916
4.1144
4.6846
5.94571
6.79604
6.79352
6.65777
6.33962
6.00966
5.71316
5.46327
5.24771
5.05452
4.87563
4.70601
4.5456
4.39256
4.24796
4.10949
3.97827
3.85155
3.7314
3.61598
3.50782
3.40422
3.30682
3.2128
3.12341
3.03691
2.95417
2.87448
2.79809
2.72472
2.65443
2.58675
2.5223
2.45986
2.4009
2.34315
2.2888
2.2349
2.1844
2.13398
2.08724
2.04034
1.9974
1.95396
1.91453
1.87406
1.8376
1.79962
1.76581
1.73014
1.6989
1.66554
1.63675
1.60554
1.57887
1.54949
1.52458
1.49685
1.47357
1.44744
1.42576
1.40123
1.38115
1.35819
1.33967
1.31815
1.30114
1.28095
1.26538
1.24643
1.23219
1.2144
1.20142
1.18469
1.17296
1.15715
1.14675
1.13166
1.12276
1.10809
1.1011
1.08623
1.08194
1.06633
1.4001
1.40025
1.40057
1.40132
1.40322
1.40721
1.41799
1.4391
1.49364
1.58951
1.7801
2.25719
3.38172
3.95204
4.94893
6.52682
7.1427
7.12721
6.97508
6.62031
6.26604
5.96737
5.70789
5.47491
5.26283
5.06751
4.88612
4.71505
4.5536
4.39942
4.25364
4.11403
3.98194
3.85502
3.73523
3.62026
3.51226
3.40842
3.31048
3.21581
3.12597
3.03938
2.957
2.87775
2.80185
2.72857
2.65821
2.59009
2.52531
2.46254
2.40354
2.34593
2.29199
2.23858
2.18858
2.13849
2.09196
2.04512
2.00216
1.95859
1.91906
1.87842
1.84191
1.8038
1.77002
1.73425
1.70303
1.6695
1.64065
1.60921
1.58245
1.55285
1.52788
1.49992
1.47661
1.45022
1.42851
1.40368
1.38354
1.36023
1.3416
1.31974
1.30256
1.28206
1.26626
1.24704
1.23256
1.21453
1.20133
1.18438
1.17246
1.15645
1.1459
1.13064
1.12166
1.10684
1.09982
1.08484
1.08058
1.06487
1.40006
1.40015
1.40035
1.40079
1.40198
1.40429
1.41109
1.42381
1.4595
1.52878
1.68273
2.01398
2.76961
4.32278
7.25214
7.61684
7.52812
7.25036
6.82914
6.48564
6.20224
5.95164
5.71401
5.48514
5.26932
5.0702
4.88803
4.71877
4.55991
4.40759
4.2623
4.12211
3.98907
3.86145
3.74151
3.62684
3.51935
3.41601
3.31843
3.22402
3.13432
3.04774
2.96525
2.88579
2.80961
2.7359
2.6651
2.59646
2.53122
2.46797
2.40865
2.3507
2.29653
2.24286
2.19269
2.14244
2.09578
2.04879
2.00567
1.96192
1.9222
1.88138
1.84468
1.8064
1.77244
1.73651
1.70514
1.67148
1.64248
1.61091
1.584
1.55428
1.5292
1.50114
1.47774
1.45125
1.42948
1.40455
1.38435
1.36094
1.34226
1.32031
1.30309
1.28251
1.26668
1.24742
1.23292
1.21486
1.20166
1.18469
1.17278
1.15675
1.14622
1.13094
1.12197
1.10712
1.10012
1.0851
1.08086
1.0651
)
;

boundaryField
{
    inlet
    {
        type            calculated;
        value           uniform 1.40001;
    }
    outlet
    {
        type            calculated;
        value           nonuniform List<scalar> 
40
(
1.186
1.36898
1.52747
1.64381
1.71793
1.76952
1.80517
1.81951
1.82752
1.86314
1.95701
2.05671
1.99741
1.57181
1.32273
1.23155
1.19954
1.1894
1.18479
1.18193
1.17839
1.17418
1.16896
1.1639
1.15868
1.15264
1.14567
1.139
1.13208
1.1239
1.11582
1.10747
1.09858
1.09012
1.08191
1.07513
1.06975
1.06683
1.0654
1.06565
)
;
    }
    bottom
    {
        type            symmetryPlane;
    }
    top
    {
        type            symmetryPlane;
    }
    obstacle
    {
        type            calculated;
        value           nonuniform List<scalar> 
110
(
5.8236
5.82275
5.80813
5.78001
5.74836
5.69814
5.63824
5.52969
5.3866
5.09011
1.85182
1.01697
0.708576
0.62853
0.626308
0.656984
0.73204
0.80019
0.818987
0.817716
0.812854
0.803949
0.800165
0.798369
0.797406
0.79701
0.795576
0.793668
0.791326
0.788012
0.78417
0.780785
0.777888
0.775279
0.772752
0.770177
0.767524
0.764825
0.762136
0.759482
0.75684
0.754154
0.751358
0.748396
0.745227
0.741823
0.738177
0.734302
0.730223
0.725949
0.721492
0.716921
0.712245
0.707408
0.70244
0.697457
0.692523
0.687678
0.68295
0.678385
0.674162
0.670959
0.670337
0.671108
0.674542
0.68495
0.707446
0.753573
0.847565
1.02782
1.27909
1.5499
1.76781
1.8724
1.87618
1.86232
1.83562
1.7935
1.76623
1.7612
1.75731
1.74807
1.73671
1.72016
1.69761
1.66756
1.63419
1.60535
1.57625
1.55247
1.52885
1.51032
1.492
1.47537
1.45755
1.43892
1.41868
1.3978
1.37672
1.35556
1.33632
1.31607
1.29874
1.27955
1.26339
1.2459
1.23071
1.2148
1.20224
1.18841
)
;
    }
    defaultFaces
    {
        type            empty;
    }
}


// ************************************************************************* //
