/*--------------------------------*- C++ -*----------------------------------*\
  =========                 |
  \\      /  F ield         | OpenFOAM: The Open Source CFD Toolbox
   \\    /   O peration     | Website:  https://openfoam.org
    \\  /    A nd           | Version:  10
     \\/     M anipulation  |
\*---------------------------------------------------------------------------*/
FoamFile
{
    format      ascii;
    class       volScalarField;
    location    "6";
    object      Ma;
}
// * * * * * * * * * * * * * * * * * * * * * * * * * * * * * * * * * * * * * //

dimensions      [0 0 0 0 0 0 0];

internalField   nonuniform List<scalar> 
5250
(
3
2.99997
2.99991
2.99974
2.99936
2.99839
2.99603
2.9903
2.97552
2.94066
2.85019
2.62933
2.12311
1.2118
0.502359
0.280746
0.324655
0.335208
0.301904
0.247464
0.197117
0.156571
0.116359
0.0721902
0.0395093
3
2.99997
2.9999
2.99976
2.99935
2.99844
2.99608
2.99033
2.9763
2.94065
2.85349
2.63392
2.13447
1.22788
0.511098
0.281233
0.326507
0.337911
0.304876
0.251298
0.202233
0.163072
0.124986
0.0857824
0.0620347
3
2.99997
2.9999
2.99977
2.99936
2.99854
2.99609
2.99092
2.97652
2.94347
2.85694
2.64648
2.1581
1.2646
0.531408
0.284681
0.332622
0.346062
0.313993
0.262557
0.21633
0.180344
0.146856
0.115477
0.0992136
3
2.99997
2.99992
2.99975
2.99945
2.99848
2.99655
2.99086
2.97852
2.94491
2.8659
2.66187
2.19652
1.32268
0.562611
0.29122
0.343009
0.359629
0.329113
0.280709
0.237936
0.205815
0.177318
0.152272
0.139983
3
2.99997
2.99992
2.99978
2.99946
2.99861
2.99676
2.99141
2.98029
2.94789
2.87613
2.68407
2.24688
1.40377
0.605255
0.303024
0.358445
0.378728
0.350004
0.30499
0.265797
0.237453
0.213447
0.193264
0.183537
3
2.99998
2.99993
2.99981
2.9995
2.99877
2.99694
2.99237
2.98154
2.95308
2.88606
2.71258
2.30787
1.5087
0.659793
0.324773
0.381543
0.40477
0.377699
0.336102
0.300029
0.275289
0.255532
0.239786
0.232728
3
2.99998
2.99993
2.99983
2.99955
2.99888
2.99727
2.99307
2.98357
2.95755
2.89852
2.74247
2.3784
1.63739
0.727957
0.362571
0.416347
0.439503
0.413674
0.375286
0.341811
0.320149
0.304637
0.293803
0.291218
3
2.99998
2.99994
2.99983
2.99962
2.99894
2.99767
2.9935
2.98567
2.96145
2.90973
2.76872
2.44152
1.75251
0.796219
0.397124
0.448426
0.470309
0.449937
0.417691
0.388824
0.371689
0.361719
0.358084
0.365196
3
2.99999
2.99995
2.99986
2.99964
2.9991
2.99778
2.99443
2.98666
2.96577
2.9181
2.79227
2.49286
1.84941
0.87911
0.445232
0.473005
0.489383
0.481583
0.458901
0.438106
0.428213
0.426703
0.436462
0.465922
3
2.99999
2.99995
2.99988
2.99966
2.99923
2.99793
2.99522
2.98762
2.97033
2.92527
2.81582
2.54269
1.95037
0.991515
0.511662
0.489805
0.505208
0.509425
0.497635
0.487907
0.487453
0.501048
0.539247
0.63772
3
2.99999
2.99996
2.99989
2.99972
2.99929
2.99824
2.99571
2.9891
2.97406
2.93345
2.83857
2.5946
2.05697
1.12968
0.590717
0.505215
0.522307
0.535541
0.534621
0.535709
0.548133
0.583551
0.662689
0.824506
3
2.99999
2.99996
2.99991
2.99974
2.99943
2.99841
2.9964
2.99049
2.97766
2.94282
2.86087
2.65003
2.17315
1.29923
0.683957
0.524718
0.542458
0.562108
0.570641
0.581444
0.607088
0.660502
0.76111
0.929704
3
2.99999
2.99997
2.99992
2.9998
2.99949
2.99873
2.99691
2.9921
2.98144
2.95178
2.8848
2.70749
2.30024
1.50444
0.794709
0.559138
0.573732
0.594432
0.608521
0.626214
0.661126
0.722895
0.822851
0.966016
3
3
2.99998
2.99994
2.99983
2.9996
2.99893
2.99757
2.99347
2.9853
2.9609
2.90857
2.76646
2.43928
1.75954
0.923717
0.617355
0.622039
0.637303
0.653082
0.672191
0.709001
0.770345
0.860693
0.980908
3.00001
3
2.99999
2.99995
2.99988
2.99964
2.99921
2.99785
2.99512
2.98722
2.96986
2.92346
2.81341
2.53832
1.95191
1.05383
0.678472
0.664479
0.679197
0.696874
0.717153
0.752225
0.808742
0.888121
0.991049
3.00001
3
2.99999
2.99996
2.9999
2.99973
2.99932
2.99837
2.99578
2.99023
2.97434
2.94001
2.84607
2.62501
2.11839
1.24695
0.773054
0.695831
0.710399
0.730198
0.755395
0.790286
0.841762
0.911531
1.00014
3.00001
3
2.99999
2.99997
2.99992
2.99979
2.99948
2.99865
2.99687
2.99168
2.98109
2.94995
2.88195
2.69951
2.28676
1.49362
0.894495
0.730764
0.73891
0.759252
0.787823
0.82292
0.870441
0.932278
1.00897
3.00001
3
3
2.99998
2.99994
2.99984
2.99959
2.999
2.99754
2.99384
2.98535
2.9625
2.91075
2.77484
2.45839
1.80065
1.04504
0.788452
0.777571
0.792862
0.821011
0.854899
0.8977
0.952155
1.01861
3.00001
3
3
2.99999
2.99995
2.99989
2.99968
2.99928
2.99801
2.99569
2.98806
2.97343
2.92994
2.83357
2.58515
2.0518
1.21674
0.859377
0.816993
0.829124
0.85357
0.886303
0.924225
0.971861
1.02942
3.00001
3.00001
3
2.99999
2.99997
2.99991
2.99977
2.99943
2.99857
2.9966
2.99124
2.97967
2.94721
2.87465
2.684
2.25652
1.46599
0.972039
0.856218
0.861408
0.882219
0.913247
0.94881
0.990984
1.04144
3.00001
3.00001
3
3
2.99998
2.99993
2.99984
2.99956
2.99902
2.99738
2.99395
2.98451
2.96289
2.90748
2.77316
2.45056
1.79264
1.12392
0.912217
0.897333
0.911005
0.938313
0.972342
1.01057
1.05469
3.00001
3.00001
3
3
2.99999
2.99996
2.99988
2.99972
2.99923
2.99825
2.99544
2.98933
2.9731
2.93514
2.83896
2.60902
2.09888
1.31992
0.989498
0.935381
0.942713
0.964716
0.996116
1.03033
1.06986
3.00001
3.00001
3.00001
3
2.99999
2.99997
2.99992
2.99979
2.99948
2.99872
2.99678
2.99246
2.9805
2.95466
2.8839
2.72045
2.32997
1.59914
1.11042
0.979194
0.974536
0.989048
1.01709
1.05028
1.08601
3.00001
3.00001
3.00001
3
3
2.99998
2.99995
2.99986
2.99964
2.99913
2.99779
2.99489
2.9867
2.96965
2.9215
2.81461
2.54642
1.98392
1.28557
1.0434
1.01165
1.01896
1.04108
1.07175
1.10424
3.00001
3.00001
3.00001
3
3
2.99999
2.99996
2.99991
2.99974
2.99942
2.99842
2.99657
2.99059
2.97917
2.94522
2.87143
2.67842
2.2535
1.51063
1.12703
1.04741
1.04834
1.0651
1.09248
1.12332
3.00001
3.00001
3.00001
3.00001
3
3
2.99998
2.99994
2.99984
2.99959
2.99897
2.9976
2.99374
2.98583
2.96273
2.91388
2.78137
2.48257
1.85864
1.27789
1.09999
1.08039
1.09008
1.1131
1.14276
3.00001
3.00001
3.00001
3.00001
3
3
2.99999
2.99996
2.9999
2.99972
2.99935
2.99834
2.99602
2.99028
2.97609
2.94243
2.85786
2.65628
2.20258
1.49803
1.18301
1.1189
1.1192
1.1353
1.16054
3.00001
3.00001
3.00001
3.00001
3.00001
3
2.99999
2.99998
2.99993
2.99982
2.99958
2.99886
2.99753
2.99322
2.98517
2.96061
2.90909
2.77053
2.45992
1.82991
1.3196
1.16738
1.14945
1.15778
1.17862
3.00001
3.00001
3.00001
3.00001
3.00001
3
3
2.99999
2.99996
2.99989
2.99972
2.99931
2.99834
2.9958
2.99037
2.97502
2.94271
2.85438
2.65551
2.199
1.53289
1.24772
1.18855
1.18604
1.19909
3.00001
3.00001
3.00001
3.00001
3.00001
3.00001
3
2.99999
2.99998
2.99993
2.99983
2.99954
2.99899
2.99723
2.99403
2.98382
2.96394
2.9068
2.78029
2.46993
1.86595
1.38152
1.2349
1.21503
1.22123
3.00001
3.00001
3.00001
3.00001
3.00001
3.00001
3
3
2.99999
2.99996
2.99989
2.99974
2.99931
2.99841
2.99602
2.99047
2.97696
2.94345
2.8639
2.67065
2.23745
1.59835
1.31625
1.25451
1.24898
3.00001
3.00001
3.00001
3.00001
3.00001
3.00001
3.00001
3
2.99999
2.99998
2.99993
2.99984
2.99958
2.99903
2.99754
2.99414
2.9858
2.96519
2.91664
2.79588
2.51594
1.94935
1.45885
1.30253
1.27744
3.00001
3.00001
3.00001
3.00001
3.00001
3.00001
3.00001
3
3
2.99999
2.99996
2.9999
2.99975
2.99941
2.99849
2.99656
2.99102
2.97993
2.94766
2.87957
2.70175
2.31072
1.69217
1.39128
1.31654
3.00001
3.00001
3.00001
3.00001
3.00001
3.00001
3.00001
3.00001
3
3
2.99998
2.99995
2.99985
2.99965
2.99911
2.9979
2.99487
2.98762
2.97037
2.92744
2.82651
2.58535
2.08082
1.55502
1.36976
3.00001
3.00001
3.00001
3.00001
3.00001
3.00001
3.00001
3.00001
3
3
2.99999
2.99997
2.99991
2.9998
2.99945
2.99881
2.99676
2.99305
2.98129
2.95842
2.89332
2.75082
2.40617
1.81776
1.4669
3.00001
3.00001
3.00001
3.00001
3.00001
3.00001
3.00001
3.00001
3.00001
3
3
2.99999
2.99996
2.99988
2.99971
2.99923
2.99833
2.99548
2.99028
2.97416
2.94204
2.85386
2.65925
2.21882
1.66241
3.00001
3.00001
3.00001
3.00001
3.00001
3.00001
3.00001
3.00001
3.00001
3.00001
3
3
2.99997
2.99994
2.99982
2.9996
2.99892
2.99761
2.9938
2.98588
2.96455
2.91648
2.79613
2.52075
1.98261
3.00001
3.00001
3.00001
3.00001
3.00001
3.00001
3.00001
3.00001
3.00001
3.00001
3
3
2.99999
2.99996
2.99991
2.99975
2.99942
2.99857
2.99657
2.99179
2.97991
2.95265
2.88373
2.72471
2.35723
3.00001
3.00001
3.00001
3.00001
3.00001
3.00001
3.00001
3.00001
3.00001
3.00001
3.00001
3
3
2.99998
2.99995
2.99987
2.99968
2.99918
2.99817
2.99517
2.9896
2.97233
2.93907
2.8457
2.64462
3.00001
3.00001
3.00001
3.00001
3.00001
3.00001
3.00001
3.00001
3.00001
3.00001
3.00001
3.00001
3
2.99999
2.99997
2.99993
2.99981
2.99958
2.99885
2.99751
2.99346
2.9854
2.96295
2.91412
2.78977
3.00001
3.00001
3.00001
3.00001
3.00001
3.00001
3.00001
3.00001
3.00001
3.00001
3.00001
3.00001
3
3
2.99999
2.99996
2.99989
2.99976
2.99935
2.99859
2.9962
2.99185
2.97843
2.95195
2.87877
3.00001
3.00001
3.00001
3.00001
3.00001
3.00001
3.00001
3.00001
3.00001
3.00001
3.00001
3.00001
3.00001
3
3
2.99998
2.99994
2.99985
2.99962
2.99914
2.99776
2.99511
2.98703
2.97174
2.92674
3.00001
3.00001
3.00001
3.00001
3.00001
3.00001
3.00001
3.00001
3.00001
3.00001
3.00001
3.00001
3.00001
3
3
2.99999
2.99996
2.9999
2.99974
2.99939
2.99848
2.99633
2.99122
2.97826
2.94864
3.00001
3.00001
3.00001
3.00001
3.00001
3.00001
3.00001
3.00001
3.00001
3.00001
3.00001
3.00001
3.00001
3.00001
3
2.99999
2.99997
2.99993
2.99978
2.99952
2.99868
2.99702
2.99224
2.98175
2.95397
3.00001
3.00001
3.00001
3.00001
3.00001
3.00001
3.00001
3.00001
3.00001
3.00001
3.00001
3.00001
3.00001
3.00001
3
2.99999
2.99998
2.99992
2.99982
2.9995
2.99891
2.9969
2.99327
2.98145
2.95741
3.00001
3.00001
3.00001
3.00001
3.00001
3.00001
3.00001
3.00001
3.00001
3.00001
3.00001
3.00001
3.00001
3.00001
3
2.99999
2.99998
2.99993
2.99982
2.99953
2.99887
2.99717
2.99293
2.98278
2.95609
3.00001
3.00001
3.00001
3.00001
3.00001
3.00001
3.00001
3.00001
3.00001
3.00001
3.00001
3.00001
3.00001
3.00001
3
2.99999
2.99998
2.99993
2.99982
2.99955
2.99886
2.99727
2.99284
2.98326
2.95587
3.00001
3.00001
3.00001
3.00001
3.00001
3.00001
3.00001
3.00001
3.00001
3.00001
3.00001
3.00001
3.00001
3.00001
3
3
2.99998
2.99993
2.99983
2.99954
2.99892
2.9971
2.99341
2.98208
2.95874
3.00001
3.00001
3.00001
3.00001
3.00001
3.00001
3.00001
3.00001
3.00001
3.00001
3.00001
3.00001
3.00001
3.00001
3
2.99999
2.99998
2.99993
2.99983
2.99954
2.99892
2.99718
2.9932
2.98289
2.95748
3.00001
3.00001
3.00001
3.00001
3.00001
3.00001
3.00001
3.00001
3.00001
3.00001
3.00001
3.00001
3.00001
3.00001
3
2.99999
2.99998
2.99993
2.99983
2.99955
2.9989
2.99725
2.99309
2.98325
2.95701
1.05282
1.04025
0.572155
0.215715
0.137901
0.243531
0.342087
0.386851
0.404638
0.424355
0.456759
0.491759
0.520949
0.545001
0.568792
0.595062
0.621954
0.647981
0.670912
0.691559
0.711458
0.733636
0.752193
0.762771
0.767854
0.76715
0.755482
0.727898
0.686915
0.636143
0.580377
0.523065
0.466049
0.410461
0.357772
0.30852
0.262475
0.219118
0.177017
0.137478
0.10009
0.0649569
0.0352885
0.020813
0.0429471
0.071481
0.0985031
0.124244
0.148824
0.172189
0.194478
0.215731
0.235992
0.255392
0.273991
0.291777
0.308625
0.32468
0.340408
0.355832
0.370778
0.385263
0.399517
0.413523
0.427526
0.441337
0.455307
0.469105
0.483134
0.497058
0.511159
0.525246
0.539457
0.553629
0.567931
0.582183
0.596484
0.610751
0.625042
0.639269
0.653479
0.667625
0.681751
0.695782
0.709767
0.723644
0.737455
0.751109
0.764634
0.777941
0.791069
0.803873
0.816368
0.828351
0.839809
0.85043
0.860035
0.868177
0.874276
0.878725
1.04865
1.01204
0.798066
0.524347
0.423527
0.327029
0.212135
0.109357
0.0725979
0.154806
0.231231
0.287373
0.322609
0.344348
0.366391
0.393547
0.423247
0.451875
0.476992
0.499537
0.520789
0.544215
0.565612
0.577801
0.581773
0.579216
0.563792
0.532571
0.486729
0.431873
0.373599
0.315357
0.259614
0.205628
0.15722
0.113621
0.0770479
0.0544433
0.055837
0.0778018
0.106296
0.135064
0.162836
0.188777
0.214445
0.239862
0.264282
0.287683
0.310032
0.331342
0.35177
0.371226
0.389778
0.407434
0.424364
0.440503
0.455875
0.470371
0.484574
0.498499
0.512238
0.525416
0.538457
0.551234
0.563992
0.576644
0.589333
0.601989
0.614736
0.627481
0.640334
0.653195
0.666163
0.679117
0.692178
0.705193
0.7183
0.73133
0.744438
0.757441
0.770517
0.783458
0.796473
0.809323
0.822243
0.834973
0.847746
0.860276
0.872812
0.885053
0.897232
0.909025
0.920638
0.931717
0.942401
0.952276
0.961352
0.969012
0.974763
0.978792
1.05443
1.06932
1.00083
0.856158
0.758319
0.68133
0.590335
0.491409
0.390354
0.302152
0.223366
0.14674
0.0794099
0.0533472
0.108233
0.161212
0.203044
0.237058
0.264083
0.285568
0.305306
0.326676
0.348764
0.362934
0.364872
0.358297
0.33912
0.306101
0.258464
0.206904
0.158417
0.118769
0.09841
0.0985071
0.117202
0.144871
0.174919
0.204815
0.2328
0.260721
0.288072
0.314346
0.33942
0.36297
0.385871
0.407975
0.429443
0.449902
0.469623
0.488343
0.506326
0.523382
0.539836
0.555362
0.570301
0.584443
0.598042
0.610741
0.623114
0.635204
0.647223
0.658801
0.67023
0.681415
0.69264
0.703725
0.714912
0.726038
0.737308
0.748549
0.759949
0.77134
0.782873
0.794403
0.806043
0.817686
0.829396
0.841109
0.852852
0.864597
0.876339
0.888085
0.8998
0.911527
0.923187
0.93485
0.946401
0.957929
0.969297
0.980593
0.991665
1.00257
1.01319
1.02352
1.03342
1.04279
1.05125
1.05855
1.06393
1.06764
1.07186
1.11808
1.11143
1.05219
0.979464
0.916952
0.84845
0.774226
0.69632
0.621908
0.553918
0.485749
0.416423
0.346634
0.282406
0.224441
0.170466
0.120885
0.0763746
0.0462651
0.0565245
0.0808924
0.105844
0.127175
0.128467
0.104013
0.0900206
0.0772374
0.100118
0.136071
0.174039
0.21358
0.250642
0.282317
0.312866
0.341696
0.36931
0.394929
0.419421
0.442706
0.46559
0.487401
0.508476
0.528397
0.547826
0.566386
0.584591
0.60193
0.618763
0.63473
0.650264
0.664947
0.679131
0.692641
0.70568
0.7181
0.72998
0.741165
0.751911
0.762425
0.772878
0.783099
0.793086
0.802933
0.812704
0.822468
0.832211
0.842025
0.851846
0.861788
0.87175
0.88185
0.89197
0.902223
0.912485
0.922861
0.933241
0.943705
0.954169
0.96469
0.975218
0.985774
0.996354
1.00692
1.01752
1.02804
1.03862
1.04902
1.05949
1.06971
1.07997
1.08994
1.09995
1.10953
1.11891
1.12756
1.13561
1.1424
1.14762
1.15089
1.08207
1.14375
1.16874
1.15572
1.1177
1.07577
1.02896
0.976994
0.920385
0.865173
0.810197
0.754942
0.6959
0.636469
0.579514
0.527319
0.477516
0.428546
0.380203
0.333294
0.289205
0.249361
0.213908
0.183694
0.168391
0.175488
0.203556
0.250337
0.303713
0.354876
0.398748
0.435651
0.467078
0.493687
0.517396
0.539475
0.560298
0.579884
0.598562
0.616272
0.633689
0.650286
0.666572
0.681992
0.697169
0.711657
0.725981
0.739623
0.753059
0.765818
0.778269
0.790171
0.801763
0.812777
0.823535
0.833882
0.843949
0.8534
0.862479
0.871337
0.880306
0.889184
0.897951
0.906548
0.915182
0.923748
0.932437
0.941082
0.9499
0.958686
0.96767
0.976619
0.985784
0.994893
1.00422
1.01347
1.02294
1.03229
1.04187
1.05131
1.06098
1.07048
1.08022
1.08978
1.09955
1.10912
1.11887
1.1284
1.13812
1.14766
1.15736
1.16676
1.17615
1.18513
1.19394
1.20212
1.20977
1.21629
1.22138
1.22446
1.08652
1.15407
1.19599
1.20944
1.20057
1.18018
1.15305
1.12
1.0822
1.04251
1.00215
0.959459
0.915112
0.868373
0.822952
0.777654
0.733571
0.689674
0.645816
0.602647
0.561634
0.523371
0.488968
0.459911
0.44441
0.440202
0.455164
0.488899
0.533891
0.579171
0.620375
0.65325
0.678
0.696392
0.71161
0.725227
0.738631
0.751292
0.763673
0.775394
0.787074
0.798237
0.80945
0.820127
0.830927
0.841235
0.851702
0.86171
0.871777
0.881379
0.890989
0.900075
0.90915
0.917776
0.926345
0.934487
0.94267
0.950325
0.957784
0.964864
0.972244
0.979609
0.98709
0.99439
1.00184
1.00921
1.0168
1.02437
1.03217
1.03999
1.04803
1.05609
1.06437
1.07266
1.08116
1.08964
1.09831
1.10694
1.11575
1.12451
1.13346
1.14232
1.1514
1.16034
1.1695
1.1785
1.18774
1.19682
1.20609
1.21506
1.22418
1.23298
1.24184
1.25031
1.25866
1.26645
1.2738
1.28014
1.28519
1.28815
1.08808
1.15647
1.20705
1.237
1.2481
1.24614
1.23559
1.2184
1.19607
1.17019
1.14269
1.11278
1.08068
1.04674
1.01141
0.976076
0.940342
0.90412
0.86669
0.828559
0.789877
0.751969
0.715653
0.68542
0.662918
0.649256
0.655177
0.685352
0.729088
0.774121
0.814081
0.847062
0.869878
0.881843
0.887434
0.89122
0.895525
0.900282
0.905876
0.911555
0.917686
0.92371
0.930101
0.936352
0.942972
0.949484
0.956309
0.962999
0.970002
0.976786
0.983771
0.990586
0.997469
1.00413
1.01089
1.0175
1.02415
1.03049
1.0367
1.04268
1.04886
1.05515
1.06163
1.06799
1.07455
1.08103
1.08778
1.0945
1.10153
1.10853
1.11585
1.12312
1.13073
1.13826
1.14612
1.15387
1.16196
1.16991
1.17818
1.1863
1.19473
1.203
1.21156
1.21999
1.22872
1.23729
1.24608
1.25465
1.26341
1.27195
1.28063
1.28906
1.29754
1.30572
1.31377
1.32139
1.32858
1.33493
1.34005
1.34309
1.0898
1.15573
1.20996
1.24939
1.27358
1.28566
1.28813
1.28389
1.27415
1.26032
1.24382
1.22509
1.20354
1.18017
1.15461
1.12845
1.10113
1.07265
1.0422
1.00882
0.973227
0.93586
0.900008
0.865477
0.830428
0.804982
0.806676
0.836816
0.880793
0.927992
0.969988
1.00367
1.02901
1.04127
1.04143
1.03606
1.03035
1.02602
1.02392
1.02339
1.02443
1.02622
1.02871
1.03151
1.03491
1.03837
1.0424
1.04642
1.05094
1.05542
1.06029
1.06502
1.0701
1.07502
1.08019
1.08529
1.09071
1.09584
1.10099
1.10595
1.11129
1.11673
1.12248
1.12813
1.13401
1.13981
1.14588
1.15193
1.15829
1.16467
1.17136
1.17807
1.1851
1.19213
1.19945
1.20678
1.21435
1.22193
1.22972
1.23754
1.24556
1.25361
1.26187
1.27008
1.27843
1.28668
1.29505
1.3033
1.31166
1.31989
1.32817
1.33629
1.3444
1.35228
1.36005
1.36744
1.37449
1.38075
1.38597
1.38896
1.09263
1.15455
1.20908
1.25342
1.28572
1.30753
1.32026
1.32595
1.32617
1.32224
1.31481
1.30536
1.29293
1.27835
1.26197
1.24331
1.22423
1.20178
1.17766
1.14756
1.11451
1.07928
1.04143
0.997196
0.945127
0.911989
0.915805
0.946716
0.990379
1.03949
1.0839
1.11914
1.14527
1.16196
1.16675
1.16142
1.15002
1.13763
1.12716
1.11974
1.11503
1.11249
1.11142
1.11134
1.11195
1.11299
1.11457
1.11643
1.11886
1.12141
1.12442
1.12752
1.13097
1.13442
1.13827
1.14214
1.14637
1.15045
1.15461
1.15864
1.16313
1.16775
1.17277
1.17774
1.18304
1.18827
1.19382
1.19936
1.20522
1.21112
1.21733
1.22358
1.23013
1.23669
1.24356
1.2504
1.25755
1.26464
1.27206
1.27944
1.28719
1.29487
1.30284
1.31065
1.31873
1.32663
1.33479
1.34277
1.35095
1.35896
1.3671
1.37506
1.38307
1.39084
1.39857
1.40592
1.41303
1.41935
1.42477
1.42788
1.09741
1.15434
1.20726
1.25323
1.29046
1.31857
1.33887
1.35216
1.36018
1.36368
1.36398
1.36141
1.35681
1.34912
1.34048
1.3284
1.3157
1.29895
1.27814
1.25108
1.22047
1.18588
1.1417
1.08062
1.01507
0.984334
0.993158
1.02335
1.06611
1.11743
1.16688
1.20424
1.23019
1.24896
1.25975
1.26224
1.25631
1.24314
1.22671
1.21147
1.19904
1.19013
1.18393
1.1801
1.17762
1.1762
1.17555
1.17529
1.17569
1.17649
1.17769
1.17927
1.18133
1.18364
1.18648
1.18942
1.19297
1.19635
1.1999
1.2033
1.20721
1.21127
1.21569
1.22016
1.22491
1.22969
1.23475
1.23985
1.24526
1.2507
1.25649
1.26229
1.26846
1.27462
1.28115
1.28767
1.29452
1.30137
1.30853
1.31575
1.32319
1.33062
1.33824
1.34584
1.3536
1.36133
1.3692
1.37701
1.38492
1.39276
1.40065
1.40845
1.41625
1.42391
1.4315
1.43881
1.44589
1.45232
1.45788
1.46116
1.10416
1.15608
1.20611
1.2518
1.291
1.32335
1.34857
1.36777
1.38157
1.39116
1.39727
1.40055
1.40141
1.40015
1.3967
1.39063
1.38217
1.3695
1.34979
1.32542
1.29613
1.25799
1.20127
1.11933
1.04948
1.03023
1.04466
1.07447
1.11916
1.17161
1.22149
1.26102
1.28987
1.30923
1.32241
1.3298
1.33094
1.32612
1.31361
1.29556
1.27725
1.26086
1.2483
1.23895
1.23267
1.22835
1.22561
1.22374
1.22266
1.22207
1.22193
1.22243
1.22335
1.22472
1.22666
1.22887
1.23179
1.23468
1.23776
1.24078
1.24434
1.24811
1.25225
1.25644
1.26095
1.26549
1.27034
1.27518
1.28035
1.28549
1.29099
1.29646
1.30227
1.30808
1.31422
1.32038
1.32685
1.33338
1.34026
1.34714
1.3543
1.36143
1.36883
1.37615
1.38373
1.3912
1.39891
1.4065
1.41428
1.42194
1.42974
1.43739
1.44511
1.45263
1.46015
1.46736
1.47443
1.48083
1.48651
1.48981
1.11334
1.16011
1.20676
1.25073
1.29041
1.32456
1.35327
1.37618
1.39459
1.40853
1.41928
1.42708
1.43247
1.43562
1.4364
1.43474
1.42949
1.41735
1.39888
1.37604
1.34467
1.29651
1.21767
1.12285
1.06619
1.05987
1.07784
1.11027
1.15683
1.209
1.25565
1.29481
1.32589
1.34913
1.3652
1.37579
1.38224
1.38427
1.38084
1.37095
1.35448
1.33502
1.31617
1.30026
1.28785
1.27899
1.27284
1.2688
1.26599
1.2642
1.263
1.26246
1.2623
1.26284
1.26382
1.26529
1.26746
1.26977
1.27235
1.27484
1.27801
1.28142
1.28531
1.28923
1.29355
1.29786
1.30251
1.30711
1.31205
1.31693
1.32216
1.32732
1.33283
1.33831
1.34413
1.34996
1.35613
1.36235
1.36891
1.37546
1.38232
1.38914
1.39627
1.40333
1.41068
1.41795
1.42545
1.43288
1.44046
1.44797
1.4556
1.46314
1.47074
1.47821
1.48569
1.49292
1.50002
1.50652
1.5123
1.51575
1.12539
1.16701
1.2097
1.25126
1.29004
1.32473
1.35506
1.38075
1.4019
1.41951
1.43336
1.44481
1.45348
1.46001
1.46393
1.46461
1.4598
1.44747
1.43
1.40514
1.36571
1.29861
1.19459
1.10457
1.0744
1.08049
1.10057
1.1363
1.18347
1.23203
1.275
1.31235
1.34384
1.37001
1.39071
1.40556
1.41558
1.42184
1.42428
1.42267
1.41589
1.40221
1.38351
1.36333
1.34509
1.32989
1.31864
1.31042
1.30501
1.30121
1.29894
1.29732
1.29664
1.29632
1.29678
1.29771
1.29937
1.30136
1.30369
1.30598
1.30892
1.31218
1.31601
1.31989
1.32418
1.32841
1.33301
1.33749
1.34232
1.34703
1.35205
1.35699
1.36225
1.36747
1.37302
1.37856
1.38446
1.39041
1.39669
1.40295
1.40954
1.41609
1.42295
1.42977
1.43686
1.44392
1.45119
1.45842
1.46581
1.47314
1.48057
1.48793
1.49532
1.5026
1.50988
1.51693
1.52391
1.5303
1.5361
1.53953
1.13911
1.17659
1.21527
1.25381
1.29087
1.32509
1.35581
1.38304
1.40622
1.42594
1.44264
1.45617
1.46768
1.4761
1.48199
1.4829
1.47607
1.46333
1.44422
1.4127
1.35682
1.25887
1.14887
1.08954
1.08083
1.09286
1.11754
1.15634
1.20187
1.24495
1.28386
1.31901
1.35008
1.37771
1.40121
1.42081
1.43621
1.44653
1.45289
1.45671
1.45706
1.45302
1.44299
1.42699
1.40729
1.38789
1.37065
1.35693
1.34654
1.33959
1.33476
1.33194
1.33009
1.32931
1.32905
1.32954
1.3307
1.33233
1.33443
1.33641
1.33903
1.34195
1.34568
1.34941
1.35365
1.35779
1.36236
1.36677
1.37155
1.37616
1.3811
1.3859
1.391
1.39602
1.40133
1.40662
1.41222
1.41786
1.4238
1.42977
1.43604
1.44232
1.44888
1.45543
1.46225
1.46903
1.47604
1.483
1.49015
1.49723
1.50448
1.51162
1.5189
1.52601
1.53321
1.54015
1.54705
1.5534
1.55916
1.56267
1.15498
1.18821
1.22337
1.25866
1.29344
1.32646
1.35697
1.38432
1.40905
1.42997
1.44851
1.46386
1.47668
1.48651
1.49224
1.49044
1.48104
1.46672
1.44141
1.39464
1.3091
1.19134
1.10601
1.08228
1.08782
1.10275
1.13178
1.17132
1.21244
1.25054
1.28592
1.31874
1.3491
1.37718
1.40247
1.42515
1.44436
1.46016
1.47188
1.47939
1.48396
1.48587
1.48439
1.47801
1.46529
1.4477
1.42829
1.40958
1.39391
1.38152
1.37287
1.36702
1.36352
1.36148
1.36065
1.36059
1.36133
1.36269
1.36461
1.36638
1.36871
1.37138
1.37497
1.37865
1.38287
1.38703
1.39162
1.39607
1.40087
1.4055
1.41041
1.41517
1.4202
1.42511
1.43029
1.43539
1.44082
1.44619
1.45188
1.45753
1.4635
1.46945
1.4757
1.48195
1.48847
1.49498
1.50173
1.50843
1.51533
1.52216
1.52915
1.53603
1.54305
1.54991
1.55687
1.56357
1.57027
1.57641
1.58207
1.58544
1.17182
1.20168
1.23316
1.26562
1.29784
1.32913
1.35884
1.38597
1.41076
1.43292
1.45198
1.46881
1.48201
1.49196
1.49447
1.48897
1.47744
1.4569
1.41758
1.34396
1.22774
1.12671
1.08511
1.08172
1.09193
1.11319
1.14539
1.18213
1.21761
1.25136
1.28365
1.3145
1.34412
1.37214
1.39848
1.42282
1.44481
1.46438
1.48078
1.49398
1.50302
1.50851
1.51193
1.51261
1.50949
1.5009
1.48623
1.46807
1.44909
1.43198
1.41786
1.40738
1.40022
1.39581
1.39347
1.39255
1.39272
1.39376
1.39549
1.39713
1.39928
1.40157
1.40488
1.40836
1.41248
1.41655
1.42112
1.42554
1.43035
1.43497
1.4399
1.44464
1.44965
1.4545
1.45962
1.46463
1.46994
1.47517
1.48067
1.48609
1.4918
1.49743
1.50335
1.50921
1.51536
1.52146
1.52786
1.5342
1.54081
1.54732
1.55408
1.56069
1.5675
1.57411
1.58085
1.58731
1.59377
1.5997
1.60515
1.60845
1.18877
1.21644
1.24504
1.27448
1.30451
1.33377
1.36201
1.38876
1.41294
1.4353
1.45475
1.4714
1.48443
1.49147
1.48918
1.47992
1.46264
1.42981
1.36612
1.25535
1.14398
1.08866
1.07844
1.08462
1.09905
1.12467
1.15672
1.18858
1.21941
1.24964
1.27939
1.30876
1.3375
1.36535
1.39218
1.41748
1.44136
1.46317
1.48293
1.50005
1.51426
1.5252
1.5321
1.53655
1.53909
1.53877
1.53386
1.52283
1.507
1.48899
1.47129
1.45585
1.44363
1.43493
1.42941
1.42637
1.42527
1.4255
1.42685
1.42841
1.43039
1.4324
1.43536
1.43857
1.44252
1.44644
1.45095
1.45535
1.46021
1.46488
1.46991
1.4747
1.47979
1.48465
1.48978
1.4947
1.4999
1.50492
1.5102
1.51534
1.52076
1.52608
1.53171
1.53725
1.5431
1.54888
1.55496
1.56096
1.56723
1.57339
1.57979
1.58605
1.59251
1.59878
1.6052
1.61135
1.61752
1.62316
1.62838
1.63151
1.20587
1.23209
1.2582
1.28488
1.31221
1.33965
1.36625
1.39189
1.41581
1.43756
1.45698
1.47269
1.48338
1.48402
1.47637
1.46221
1.43381
1.37767
1.27595
1.16039
1.09301
1.07573
1.07918
1.08893
1.10847
1.13599
1.16447
1.19241
1.21982
1.24761
1.27544
1.3036
1.33137
1.35899
1.38568
1.41166
1.43631
1.45972
1.48141
1.50132
1.51903
1.53421
1.5467
1.55544
1.56115
1.56507
1.5669
1.56524
1.55833
1.54582
1.52964
1.51236
1.49599
1.4823
1.4719
1.46503
1.46102
1.45942
1.45954
1.46078
1.46259
1.46432
1.46688
1.46973
1.47351
1.47724
1.48162
1.48587
1.49065
1.49524
1.50026
1.50504
1.51014
1.51498
1.5201
1.52502
1.53017
1.53513
1.54031
1.54532
1.55056
1.55563
1.56095
1.56612
1.57159
1.57694
1.5826
1.58817
1.59404
1.5998
1.60584
1.61173
1.61784
1.62378
1.62983
1.63563
1.64142
1.6467
1.65156
1.65448
1.22196
1.24797
1.27272
1.29719
1.32214
1.34745
1.37239
1.39649
1.41933
1.44005
1.45783
1.47149
1.47562
1.46991
1.45725
1.43194
1.3815
1.28842
1.17449
1.09866
1.07406
1.07449
1.08211
1.09819
1.12141
1.14648
1.17107
1.1956
1.22056
1.24626
1.27263
1.29949
1.32666
1.35357
1.38027
1.40615
1.43145
1.45552
1.47864
1.50019
1.52031
1.5385
1.55458
1.56818
1.57871
1.58607
1.59134
1.5948
1.59598
1.59284
1.58423
1.5706
1.55453
1.53796
1.52311
1.51108
1.5025
1.49718
1.49465
1.49441
1.49553
1.49698
1.49903
1.50134
1.50479
1.50825
1.51246
1.5165
1.52118
1.52567
1.53067
1.53546
1.5406
1.54549
1.55066
1.55564
1.56081
1.56572
1.57084
1.57568
1.58074
1.58556
1.59064
1.59553
1.6007
1.60571
1.61101
1.61618
1.62162
1.62694
1.6325
1.63793
1.64356
1.64903
1.65462
1.65994
1.66526
1.67005
1.67445
1.6771
1.23934
1.26311
1.2866
1.30966
1.33269
1.35608
1.37949
1.40202
1.4235
1.44253
1.45772
1.46481
1.46112
1.4492
1.42619
1.38019
1.29439
1.18346
1.10319
1.07353
1.0714
1.07773
1.09146
1.11182
1.13405
1.15552
1.17687
1.19895
1.22206
1.24642
1.27165
1.29764
1.32391
1.35026
1.37646
1.40229
1.42762
1.45219
1.47595
1.49859
1.52013
1.54032
1.55881
1.57577
1.59019
1.60253
1.61134
1.61833
1.6233
1.62636
1.62634
1.62156
1.61135
1.59704
1.58116
1.56559
1.55219
1.54182
1.53503
1.53127
1.53021
1.53083
1.53233
1.53395
1.53659
1.53963
1.54367
1.54756
1.55216
1.55651
1.56143
1.5661
1.57121
1.57608
1.58128
1.58629
1.59149
1.59642
1.60148
1.60627
1.6112
1.61586
1.62071
1.62531
1.63015
1.63477
1.63965
1.64436
1.64934
1.65417
1.65924
1.66418
1.6693
1.67424
1.6793
1.68405
1.68879
1.69299
1.69676
1.69906
1.25802
1.27737
1.30126
1.32354
1.34493
1.36629
1.38773
1.40851
1.42765
1.44374
1.4531
1.45097
1.43956
1.41818
1.37553
1.29565
1.18805
1.10564
1.07287
1.0689
1.07455
1.08723
1.10616
1.12643
1.14557
1.1642
1.18345
1.20398
1.22593
1.24914
1.27337
1.29828
1.32371
1.34934
1.37504
1.40051
1.42568
1.45021
1.47433
1.49748
1.52006
1.54128
1.56165
1.58045
1.59782
1.61337
1.62668
1.63746
1.64559
1.65235
1.65665
1.65887
1.65757
1.65129
1.63966
1.62525
1.60951
1.59525
1.58316
1.57463
1.56923
1.56694
1.56689
1.56804
1.56971
1.57175
1.5751
1.57878
1.58323
1.5874
1.59223
1.59667
1.60179
1.60647
1.61183
1.61666
1.62199
1.62676
1.63193
1.63656
1.6415
1.64599
1.6507
1.65508
1.65966
1.66398
1.66849
1.67282
1.67734
1.68171
1.68628
1.69066
1.69522
1.69954
1.70395
1.70802
1.71202
1.71549
1.71845
1.72028
1.27943
1.29381
1.31496
1.33676
1.35744
1.37725
1.39698
1.41536
1.43146
1.44171
1.44055
1.42927
1.40877
1.36837
1.29262
1.18852
1.10569
1.07136
1.0666
1.07225
1.08506
1.1038
1.12302
1.1405
1.15696
1.17384
1.19179
1.2113
1.23213
1.25433
1.27745
1.30149
1.326
1.35092
1.37594
1.4009
1.42571
1.45013
1.47426
1.49764
1.52064
1.54253
1.56397
1.58393
1.60326
1.62077
1.63716
1.65138
1.66353
1.67312
1.68099
1.68735
1.69091
1.69205
1.68936
1.68139
1.66892
1.6545
1.63955
1.6263
1.61563
1.60856
1.60446
1.60346
1.60399
1.60528
1.60709
1.61015
1.61397
1.61828
1.62268
1.62729
1.63201
1.63685
1.64191
1.64692
1.65203
1.65695
1.66198
1.66667
1.67154
1.67597
1.68064
1.68481
1.68929
1.69325
1.69759
1.70144
1.70565
1.70948
1.71357
1.71737
1.72131
1.72494
1.72861
1.73187
1.73496
1.73753
1.73949
1.74072
1.30603
1.31187
1.32823
1.34965
1.36981
1.3884
1.40591
1.42119
1.43186
1.43099
1.41943
1.39924
1.35986
1.28602
1.18459
1.10312
1.06917
1.06446
1.07025
1.08385
1.10309
1.1223
1.13866
1.1538
1.1686
1.18457
1.20168
1.22049
1.24046
1.26188
1.28403
1.30726
1.33076
1.355
1.37909
1.40367
1.42778
1.45212
1.47579
1.49941
1.52228
1.54474
1.56649
1.58738
1.60768
1.62657
1.64489
1.66123
1.67671
1.68953
1.70082
1.70955
1.71774
1.72271
1.72535
1.72539
1.72142
1.71231
1.69938
1.68467
1.67054
1.65818
1.64903
1.64318
1.64043
1.64016
1.64106
1.64246
1.64504
1.64857
1.65298
1.65739
1.66221
1.66688
1.6719
1.67672
1.68181
1.68665
1.69167
1.69637
1.70123
1.70566
1.71027
1.71442
1.71871
1.72261
1.72658
1.73022
1.73397
1.73735
1.7409
1.74404
1.7473
1.75011
1.75291
1.75514
1.75721
1.75858
1.75936
1.75994
1.33612
1.33398
1.34399
1.36172
1.38254
1.40009
1.41469
1.42464
1.42341
1.41116
1.39031
1.35044
1.27657
1.17648
1.09715
1.0651
1.06123
1.06762
1.08288
1.10386
1.12332
1.13942
1.1535
1.1672
1.18144
1.19695
1.2137
1.23192
1.25124
1.27179
1.29313
1.3154
1.33809
1.36143
1.38482
1.40867
1.4322
1.45607
1.4793
1.50279
1.52534
1.54808
1.56967
1.5913
1.61171
1.63186
1.65084
1.66905
1.68614
1.70173
1.71612
1.72792
1.73858
1.74711
1.75462
1.75845
1.76018
1.75886
1.75346
1.7432
1.72988
1.71529
1.70191
1.69057
1.68276
1.67792
1.67636
1.67654
1.67755
1.6793
1.68251
1.68683
1.69135
1.69626
1.701
1.70598
1.71082
1.71576
1.72066
1.72548
1.73028
1.73483
1.73934
1.74356
1.74765
1.75153
1.75516
1.75865
1.76187
1.76491
1.76779
1.7703
1.77273
1.77462
1.7763
1.77748
1.77801
1.77816
1.7773
1.77748
1.37238
1.3575
1.36098
1.37466
1.39312
1.40959
1.42001
1.41851
1.40514
1.3831
1.34128
1.26512
1.16494
1.08807
1.05906
1.05686
1.06422
1.08189
1.10523
1.12525
1.14136
1.1549
1.16793
1.18118
1.19554
1.21086
1.22753
1.24515
1.264
1.28363
1.3043
1.32552
1.34749
1.3698
1.39257
1.41544
1.43854
1.46155
1.48454
1.50737
1.52984
1.55221
1.57386
1.59558
1.6162
1.63701
1.6564
1.67594
1.69382
1.71155
1.72742
1.74253
1.75546
1.76678
1.77663
1.78505
1.7912
1.79391
1.79453
1.7919
1.78489
1.77351
1.75976
1.74546
1.73273
1.72256
1.71588
1.71226
1.71149
1.712
1.71318
1.7157
1.71969
1.72423
1.7292
1.7339
1.73887
1.74356
1.74846
1.75319
1.75794
1.7626
1.76704
1.77142
1.77542
1.77938
1.78289
1.78631
1.78927
1.792
1.79436
1.79624
1.79779
1.79863
1.79905
1.79892
1.79798
1.7963
1.79402
1.7932
1.43883
1.39173
1.38426
1.38975
1.40191
1.41456
1.41511
1.40122
1.37728
1.33226
1.25184
1.15015
1.07607
1.05054
1.05107
1.0599
1.08021
1.10554
1.12671
1.14322
1.157
1.16972
1.18258
1.19608
1.21058
1.22601
1.24248
1.25981
1.2781
1.29709
1.31695
1.33735
1.35848
1.37993
1.40192
1.42403
1.44644
1.46877
1.49123
1.51342
1.53566
1.55746
1.57923
1.6005
1.62155
1.64213
1.66216
1.68187
1.70061
1.71915
1.73628
1.75312
1.76801
1.78227
1.79387
1.80497
1.81408
1.82213
1.82614
1.82781
1.82694
1.82307
1.81457
1.80215
1.78807
1.77429
1.76231
1.75345
1.74782
1.74548
1.74534
1.746
1.74774
1.7511
1.75555
1.76043
1.76517
1.77015
1.77478
1.77962
1.78417
1.78881
1.79324
1.79753
1.80165
1.80541
1.80901
1.81208
1.81498
1.81718
1.81908
1.82016
1.82066
1.82049
1.81959
1.81815
1.81606
1.81238
1.80708
1.80466
1.56256
1.43221
1.40752
1.40468
1.40879
1.41021
1.39889
1.37231
1.3234
1.23675
1.13279
1.06219
1.0397
1.04269
1.05553
1.07886
1.10517
1.12721
1.14453
1.15872
1.17154
1.18427
1.19748
1.21148
1.22626
1.24186
1.25819
1.27527
1.29306
1.31152
1.33065
1.35034
1.3706
1.39126
1.41235
1.43366
1.45528
1.47691
1.49874
1.52039
1.54217
1.5636
1.58512
1.60608
1.62715
1.64745
1.6679
1.68738
1.70699
1.72547
1.74391
1.76107
1.77792
1.79313
1.80771
1.82003
1.83154
1.84144
1.85032
1.85605
1.85903
1.85889
1.85678
1.85135
1.84132
1.82805
1.81375
1.80045
1.78942
1.78178
1.77736
1.77607
1.77634
1.7774
1.77992
1.78391
1.78877
1.79366
1.79871
1.80336
1.80819
1.81262
1.81714
1.82137
1.82542
1.82925
1.8326
1.83574
1.83812
1.84017
1.84118
1.84144
1.84098
1.83981
1.83818
1.83491
1.82998
1.82364
1.81554
1.81124
1.80024
1.52067
1.44205
1.42172
1.4117
1.39749
1.36773
1.31037
1.21441
1.10954
1.04602
1.02775
1.03275
1.05022
1.07733
1.10471
1.1271
1.14488
1.15947
1.17273
1.18569
1.19907
1.21297
1.22758
1.24268
1.25849
1.27469
1.29165
1.30898
1.32708
1.34552
1.36471
1.38414
1.40424
1.42447
1.44525
1.46598
1.48714
1.50807
1.52933
1.55025
1.5714
1.59208
1.61293
1.63322
1.65359
1.67334
1.69301
1.71213
1.73102
1.7493
1.76707
1.78416
1.80049
1.81592
1.83022
1.84321
1.8547
1.86531
1.87435
1.88174
1.88549
1.88675
1.88533
1.88175
1.87451
1.86306
1.84918
1.83504
1.82238
1.8127
1.80629
1.80326
1.80287
1.8035
1.80524
1.8087
1.81335
1.81818
1.82321
1.82791
1.83273
1.83706
1.84148
1.8454
1.84919
1.85252
1.85533
1.85756
1.85881
1.85909
1.85863
1.85763
1.85541
1.85164
1.84573
1.83824
1.82946
1.81795
1.8116
2.20087
1.69674
1.4947
1.44075
1.40951
1.36796
1.29518
1.1858
1.08214
1.02838
1.01588
1.02337
1.04592
1.07693
1.1047
1.12719
1.14485
1.15973
1.17339
1.18699
1.20082
1.21511
1.22977
1.24487
1.26033
1.27617
1.29241
1.30907
1.32617
1.34369
1.36167
1.38003
1.39884
1.41796
1.43749
1.45721
1.47723
1.49734
1.5176
1.53786
1.55815
1.57834
1.59849
1.61851
1.6384
1.65808
1.67756
1.69681
1.7157
1.73425
1.75236
1.77007
1.78723
1.80383
1.81973
1.83482
1.84903
1.86191
1.87372
1.88435
1.89407
1.90187
1.90708
1.9092
1.90804
1.90554
1.90057
1.89141
1.87838
1.86404
1.85026
1.83869
1.83046
1.82558
1.82408
1.8245
1.82569
1.82828
1.83236
1.83727
1.84238
1.8472
1.85196
1.85619
1.86037
1.86388
1.86716
1.8696
1.87124
1.87168
1.87146
1.87054
1.86839
1.86367
1.85765
1.84946
1.83938
1.82731
1.81219
1.80412
2.51102
1.98586
1.59448
1.4555
1.38692
1.29005
1.15361
1.04217
0.999049
0.997152
1.01092
1.04007
1.07455
1.1037
1.1263
1.14374
1.15832
1.17221
1.18618
1.20073
1.21561
1.23094
1.24632
1.26198
1.27765
1.29365
1.30973
1.32623
1.34288
1.36
1.3773
1.39509
1.41302
1.43143
1.44993
1.4688
1.48774
1.50693
1.52614
1.5455
1.56482
1.58421
1.60349
1.62269
1.64174
1.66067
1.67938
1.69789
1.71611
1.73406
1.75166
1.7689
1.78576
1.80208
1.81801
1.8332
1.84788
1.86153
1.87448
1.88586
1.89675
1.90619
1.91464
1.92017
1.92362
1.92358
1.92141
1.91761
1.91069
1.89972
1.88574
1.87149
1.85856
1.84852
1.84202
1.83907
1.8387
1.83977
1.84181
1.84533
1.85004
1.85505
1.85993
1.86455
1.86861
1.87228
1.87508
1.87708
1.87775
1.87786
1.87719
1.87479
1.87042
1.86348
1.85493
1.84374
1.82996
1.81542
1.7989
1.79064
2.71876
2.34672
1.80102
1.49724
1.33034
1.12664
0.990705
0.952189
0.961387
0.988445
1.02738
1.06465
1.09541
1.11912
1.13676
1.15143
1.1655
1.18002
1.19522
1.21099
1.22705
1.24328
1.25946
1.27558
1.29165
1.30773
1.32386
1.34011
1.35651
1.3731
1.38986
1.40688
1.42405
1.4415
1.45905
1.4769
1.49476
1.51287
1.53097
1.54925
1.56743
1.58573
1.60387
1.62206
1.64005
1.65799
1.6757
1.69328
1.71058
1.72768
1.74447
1.761
1.77718
1.79307
1.80854
1.82363
1.83821
1.85223
1.86555
1.87801
1.88949
1.89998
1.90987
1.91803
1.92454
1.92824
1.92956
1.92761
1.92442
1.91914
1.91025
1.89758
1.88335
1.86957
1.85817
1.85018
1.84582
1.84445
1.84529
1.84716
1.84995
1.8541
1.85884
1.86353
1.86765
1.87122
1.87341
1.87463
1.87502
1.87447
1.87189
1.86702
1.86068
1.85131
1.83971
1.82535
1.80982
1.7948
1.77933
1.77239
2.83348
2.598
2.13159
1.57735
1.17099
0.910246
0.869266
0.894737
0.942801
0.997649
1.03981
1.07291
1.0984
1.11744
1.13329
1.14849
1.16417
1.1805
1.19742
1.21458
1.23186
1.24901
1.26604
1.28274
1.2992
1.3154
1.33151
1.34749
1.36349
1.37946
1.39549
1.41158
1.42776
1.44406
1.46046
1.47701
1.49363
1.51043
1.52722
1.54419
1.56107
1.57811
1.59497
1.61198
1.6287
1.64553
1.66201
1.67858
1.69473
1.71097
1.72677
1.74263
1.75805
1.7735
1.78848
1.80339
1.81774
1.83192
1.84533
1.85845
1.87046
1.88199
1.89222
1.90228
1.91037
1.91744
1.92174
1.92422
1.92319
1.92036
1.91615
1.90935
1.89849
1.88478
1.87071
1.85845
1.84919
1.84361
1.84105
1.84109
1.84284
1.84541
1.84871
1.85259
1.85664
1.85941
1.8613
1.8621
1.86159
1.85879
1.85437
1.84709
1.83756
1.82465
1.81037
1.79489
1.77999
1.76684
1.75439
1.74958
2.87275
2.69663
2.29798
1.618
0.913005
0.652363
0.714422
0.795511
0.884152
0.949699
0.995795
1.02951
1.05515
1.07666
1.09687
1.11664
1.13649
1.15613
1.17578
1.19499
1.21403
1.2325
1.25073
1.26842
1.28577
1.30245
1.31887
1.33485
1.35072
1.36628
1.38183
1.39718
1.41263
1.42793
1.44344
1.45881
1.47447
1.48996
1.5058
1.52143
1.53741
1.55316
1.5692
1.58499
1.60099
1.61673
1.63262
1.64825
1.66397
1.67947
1.69501
1.71034
1.72568
1.74077
1.75582
1.77053
1.78513
1.79925
1.8132
1.82646
1.83944
1.85149
1.86305
1.87364
1.88377
1.89245
1.89988
1.9053
1.90861
1.90891
1.90658
1.90332
1.89803
1.88914
1.87646
1.86255
1.84949
1.83929
1.83231
1.82872
1.82761
1.82838
1.83018
1.83273
1.83524
1.83719
1.83776
1.83674
1.83424
1.82942
1.82217
1.81125
1.79844
1.78369
1.76916
1.75495
1.74262
1.73266
1.7238
1.72113
2.88826
2.72184
2.33804
1.59745
0.697952
0.384836
0.519746
0.663573
0.764099
0.833734
0.884609
0.92412
0.957617
0.98808
1.01664
1.04353
1.06912
1.09345
1.11675
1.13907
1.16046
1.18108
1.20082
1.21997
1.23849
1.25646
1.27365
1.29044
1.30664
1.32262
1.33816
1.35365
1.36881
1.38406
1.39909
1.41428
1.42934
1.44462
1.45983
1.47526
1.49066
1.50625
1.5218
1.5375
1.55312
1.56886
1.58451
1.60026
1.61592
1.63168
1.64733
1.66304
1.67862
1.6942
1.70958
1.72489
1.73993
1.75482
1.7693
1.78357
1.79729
1.81065
1.82328
1.83536
1.84671
1.85733
1.86682
1.87492
1.88136
1.88553
1.88697
1.88555
1.88293
1.87853
1.8712
1.85968
1.84591
1.83235
1.82102
1.81269
1.8075
1.80487
1.80395
1.80402
1.80427
1.80382
1.80207
1.79858
1.79348
1.78483
1.77406
1.76048
1.74647
1.73192
1.71905
1.70758
1.69864
1.69198
1.68625
1.68529
2.88865
2.72773
2.33041
1.54647
0.597559
0.224972
0.398576
0.538634
0.627756
0.692643
0.745655
0.791969
0.833889
0.872313
0.907748
0.940462
0.971006
0.99952
1.02648
1.05192
1.07608
1.09904
1.12089
1.14178
1.16172
1.1811
1.19963
1.21746
1.23464
1.25138
1.26765
1.28369
1.2994
1.31505
1.3305
1.34604
1.36147
1.37706
1.3926
1.40833
1.42402
1.43992
1.45576
1.47187
1.48789
1.50423
1.52047
1.53705
1.55347
1.57023
1.58677
1.60359
1.62011
1.63684
1.6532
1.66967
1.68572
1.70176
1.71736
1.73278
1.74777
1.76235
1.77648
1.78992
1.80287
1.81497
1.82642
1.83654
1.84557
1.85266
1.85788
1.86008
1.85962
1.85747
1.85385
1.84757
1.83693
1.82309
1.80885
1.79618
1.78596
1.77849
1.77311
1.76916
1.7655
1.76136
1.75597
1.74889
1.73898
1.72702
1.71317
1.69905
1.68498
1.67279
1.66216
1.65436
1.64802
1.64449
1.64046
1.64099
2.89242
2.72669
2.33193
1.5378
0.584204
0.197273
0.35921
0.470594
0.534705
0.584754
0.631565
0.677064
0.72
0.760417
0.79804
0.833249
0.866319
0.897366
0.926796
0.954491
0.980867
1.00574
1.02949
1.05196
1.07351
1.09392
1.11382
1.13276
1.15115
1.16881
1.18612
1.20295
1.21957
1.23591
1.25218
1.2683
1.28449
1.30062
1.31696
1.33329
1.34995
1.36661
1.38367
1.40073
1.41818
1.43563
1.4534
1.47114
1.4891
1.50701
1.52503
1.54297
1.56089
1.57872
1.59641
1.61399
1.63132
1.6485
1.66534
1.68199
1.6982
1.71412
1.72951
1.74444
1.75872
1.7724
1.78528
1.79738
1.80821
1.81792
1.8257
1.83163
1.83449
1.83457
1.83283
1.82979
1.82369
1.8134
1.79876
1.78352
1.76838
1.75538
1.74371
1.73396
1.7242
1.71477
1.70375
1.69146
1.67709
1.66232
1.64705
1.63334
1.62096
1.61138
1.6036
1.59849
1.59447
1.59257
1.58992
1.59109
2.89388
2.72717
2.33403
1.53806
0.584121
0.200088
0.356869
0.455134
0.500466
0.532691
0.566961
0.603786
0.641417
0.677994
0.713548
0.747472
0.780215
0.811356
0.841332
0.869757
0.897123
0.923003
0.947935
0.971516
0.994236
1.01583
1.03658
1.05655
1.07577
1.09441
1.11242
1.13011
1.14738
1.1645
1.18144
1.19834
1.21529
1.23228
1.24949
1.26679
1.28441
1.30214
1.32019
1.33834
1.3568
1.37532
1.39411
1.41289
1.43191
1.4508
1.46993
1.4888
1.50789
1.5266
1.54554
1.56396
1.5826
1.6006
1.6188
1.63626
1.65384
1.67061
1.68739
1.70327
1.719
1.73377
1.74819
1.7616
1.77426
1.78573
1.7959
1.80432
1.81064
1.8138
1.81397
1.81257
1.80939
1.80312
1.79149
1.7758
1.75758
1.73921
1.7209
1.70372
1.68661
1.66984
1.65223
1.63454
1.61657
1.59993
1.58474
1.57233
1.56221
1.55494
1.54947
1.54605
1.54346
1.54223
1.5403
1.5418
2.8909
2.73266
2.33631
1.54554
0.589375
0.20609
0.361628
0.457306
0.494932
0.517046
0.542166
0.5716
0.603133
0.635168
0.66679
0.698192
0.728577
0.758618
0.787336
0.815561
0.84243
0.868629
0.893615
0.917785
0.940907
0.963195
0.984544
1.00518
1.02501
1.0443
1.06288
1.08114
1.09891
1.11654
1.13392
1.15131
1.16864
1.18609
1.20363
1.22138
1.23929
1.25747
1.27586
1.29451
1.31336
1.33242
1.35165
1.37104
1.39053
1.41011
1.42972
1.44936
1.46894
1.48849
1.50789
1.52719
1.5463
1.5652
1.5839
1.60226
1.62043
1.63815
1.65565
1.67257
1.68921
1.70514
1.72064
1.73531
1.74929
1.76223
1.77402
1.78438
1.79277
1.79902
1.80128
1.80081
1.79921
1.79537
1.78723
1.77342
1.75405
1.7318
1.70741
1.68246
1.65714
1.63237
1.60809
1.58557
1.56512
1.54784
1.53362
1.52282
1.51463
1.50901
1.50493
1.50242
1.5005
1.49953
1.49791
1.49953
2.89371
2.73227
2.34154
1.55308
0.594085
0.209553
0.365109
0.461035
0.496342
0.514482
0.535637
0.561768
0.590566
0.62013
0.64971
0.679181
0.708119
0.736879
0.764674
0.792253
0.818593
0.844656
0.869405
0.893765
0.916917
0.939557
0.961196
0.982196
1.0024
1.02194
1.0409
1.05932
1.07737
1.09505
1.11257
1.12991
1.14726
1.16459
1.18207
1.19966
1.21749
1.23553
1.25381
1.27236
1.29114
1.31019
1.32939
1.34886
1.36837
1.38811
1.40778
1.42763
1.44731
1.46712
1.48667
1.5063
1.5256
1.54494
1.56385
1.58279
1.6012
1.61962
1.6374
1.65513
1.67208
1.6889
1.70478
1.72037
1.7349
1.7488
1.76142
1.77291
1.78262
1.79038
1.79485
1.79556
1.79456
1.7918
1.78567
1.77399
1.75521
1.73125
1.70251
1.67114
1.6384
1.60663
1.57695
1.55111
1.5294
1.51235
1.49922
1.48975
1.48283
1.47818
1.47483
1.47276
1.47115
1.47029
1.46882
1.47045
2.89501
2.73236
2.34464
1.55771
0.59668
0.211022
0.366724
0.463081
0.497757
0.514527
0.534331
0.559483
0.587566
0.616505
0.645544
0.674471
0.702977
0.731339
0.758851
0.786218
0.812408
0.838405
0.863108
0.887523
0.91072
0.9335
0.95525
0.976439
0.996803
1.01651
1.0356
1.0541
1.07221
1.08989
1.10739
1.12464
1.14189
1.15908
1.17641
1.19383
1.21147
1.22932
1.24742
1.2658
1.28441
1.30332
1.32239
1.34174
1.36115
1.3808
1.4004
1.42019
1.43983
1.45962
1.47917
1.49881
1.51814
1.53752
1.55651
1.57554
1.59406
1.61261
1.63053
1.64843
1.66557
1.68259
1.69871
1.71455
1.72934
1.74357
1.75655
1.7685
1.77877
1.78721
1.79276
1.79432
1.79357
1.79125
1.78596
1.77545
1.75751
1.73296
1.70196
1.66682
1.62951
1.5935
1.56077
1.53336
1.51129
1.49465
1.48223
1.4735
1.46719
1.46299
1.45995
1.45808
1.4566
1.45577
1.45435
1.45597
)
;

boundaryField
{
    inlet
    {
        type            calculated;
        value           uniform 3.00001;
    }
    outlet
    {
        type            calculated;
        value           nonuniform List<scalar> 
40
(
0.878725
0.978792
1.06764
1.15089
1.22446
1.28815
1.34309
1.38896
1.42788
1.46116
1.48981
1.51575
1.53953
1.56267
1.58544
1.60845
1.63151
1.65448
1.6771
1.69906
1.72028
1.74072
1.75994
1.77748
1.7932
1.80466
1.81124
1.8116
1.80412
1.79064
1.77239
1.74958
1.72113
1.68529
1.64099
1.59109
1.5418
1.49953
1.47045
1.45597
)
;
    }
    bottom
    {
        type            symmetryPlane;
    }
    top
    {
        type            symmetryPlane;
    }
    obstacle
    {
        type            calculated;
        value           uniform 0;
    }
    defaultFaces
    {
        type            empty;
    }
}


// ************************************************************************* //
