/*--------------------------------*- C++ -*----------------------------------*\
  =========                 |
  \\      /  F ield         | OpenFOAM: The Open Source CFD Toolbox
   \\    /   O peration     | Website:  https://openfoam.org
    \\  /    A nd           | Version:  10
     \\/     M anipulation  |
\*---------------------------------------------------------------------------*/
FoamFile
{
    format      ascii;
    class       volScalarField;
    location    "6";
    object      rho;
}
// * * * * * * * * * * * * * * * * * * * * * * * * * * * * * * * * * * * * * //

dimensions      [1 -3 0 0 0 0 0];

internalField   nonuniform List<scalar> 
5250
(
1.40001
1.40002
1.40007
1.40015
1.40044
1.40091
1.40262
1.40559
1.41562
1.43415
1.48757
1.59215
1.83005
2.35468
4.49774
5.86704
5.73875
5.64965
5.66869
5.74928
5.83616
5.88839
5.92869
5.96032
5.98709
1.40001
1.40002
1.40006
1.40017
1.40036
1.40106
1.40221
1.40637
1.41358
1.43701
1.48144
1.59524
1.82004
2.34245
4.44681
5.87285
5.7396
5.64678
5.66635
5.74766
5.83459
5.88705
5.92815
5.96053
5.98819
1.40001
1.40002
1.40006
1.40017
1.40036
1.40102
1.40214
1.4062
1.41305
1.43607
1.47871
1.58996
1.80862
2.3123
4.33375
5.88652
5.741
5.63778
5.65712
5.73761
5.82419
5.87583
5.9167
5.9488
5.97659
1.40001
1.40002
1.40006
1.40014
1.40039
1.40084
1.4024
1.40503
1.41432
1.43092
1.47997
1.5764
1.79577
2.26524
4.15726
5.9101
5.74515
5.62337
5.64073
5.71924
5.80271
5.85276
5.89359
5.92536
5.95329
1.40001
1.40002
1.40005
1.40015
1.40032
1.40089
1.40198
1.40527
1.41212
1.43114
1.47154
1.56954
1.76975
2.20969
3.91641
5.94151
5.75239
5.60501
5.61983
5.69355
5.77671
5.82339
5.86044
5.891
5.92086
1.40001
1.40002
1.40005
1.40014
1.40029
1.40083
1.40175
1.405
1.41071
1.42927
1.46466
1.55754
1.7414
2.14472
3.61836
5.97543
5.7667
5.58634
5.59555
5.66127
5.73864
5.7831
5.81586
5.8443
5.87514
1.40001
1.40002
1.40004
1.40012
1.40026
1.40075
1.4016
1.40445
1.40978
1.42615
1.45869
1.54263
1.71131
2.07661
3.27423
5.9854
5.77982
5.56777
5.56841
5.62063
5.6921
5.72764
5.75462
5.77596
5.80811
1.40001
1.40002
1.40004
1.40011
1.40026
1.40062
1.40157
1.40368
1.40955
1.42201
1.45525
1.5261
1.68535
2.01162
2.99195
5.89318
5.75259
5.54145
5.53531
5.56795
5.63173
5.65752
5.67123
5.68059
5.70772
1.40001
1.40002
1.40004
1.4001
1.40021
1.40061
1.40128
1.40363
1.40783
1.42136
1.44747
1.51753
1.65751
1.96003
2.78895
5.64013
5.63417
5.51317
5.48928
5.50081
5.54922
5.56139
5.55691
5.54117
5.54579
1.40001
1.40002
1.40003
1.40009
1.40019
1.40055
1.40113
1.4033
1.40686
1.41949
1.44198
1.50682
1.63245
1.91292
2.6089
5.2684
5.53962
5.47666
5.42516
5.42689
5.44878
5.4406
5.41007
5.34024
5.28165
1.40001
1.40001
1.40003
1.40007
1.4002
1.40041
1.40117
1.40251
1.40695
1.41532
1.44047
1.49037
1.61309
1.85802
2.44793
4.81911
5.48701
5.44277
5.35556
5.34208
5.33285
5.30085
5.21069
4.99373
4.36646
1.40001
1.40001
1.40003
1.40007
1.40015
1.40041
1.40088
1.4025
1.40525
1.41487
1.43216
1.48273
1.58231
1.80746
2.29377
4.28951
5.45946
5.41489
5.29562
5.25256
5.2211
5.15257
5.00318
4.69491
4.02274
1.40001
1.40001
1.40003
1.40005
1.40014
1.4003
1.40085
1.40182
1.40501
1.41115
1.42941
1.46633
1.55927
1.74617
2.15132
3.69488
5.46132
5.40566
5.25614
5.16781
5.11206
5.01326
4.82126
4.49626
3.96715
1.40001
1.40001
1.40002
1.40004
1.40012
1.40025
1.40067
1.40154
1.40392
1.40941
1.42307
1.45523
1.52914
1.6881
2.01705
3.01969
5.42596
5.38781
5.24257
5.10235
5.01177
4.88996
4.69037
4.38708
3.97329
1.40001
1.40001
1.40002
1.40004
1.40009
1.4002
1.40056
1.40118
1.4034
1.40707
1.42003
1.443
1.50908
1.63715
1.91951
2.63125
5.14366
5.29224
5.20966
5.04297
4.9302
4.79347
4.59782
4.32342
3.98033
1.40001
1.40001
1.40002
1.40003
1.40008
1.40016
1.40045
1.40098
1.40266
1.40601
1.41566
1.43602
1.48857
1.5974
1.83605
2.3711
4.50654
5.17339
5.13152
4.99492
4.85578
4.71521
4.52835
4.28064
3.98229
1.40001
1.40001
1.40001
1.40003
1.40006
1.40015
1.40032
1.40086
1.40194
1.40508
1.4118
1.42985
1.46912
1.56266
1.75512
2.16676
3.77726
5.1165
5.08715
4.97494
4.80106
4.6475
4.47022
4.24548
3.98093
1.40001
1.40001
1.40001
1.40002
1.40004
1.40012
1.40024
1.40068
1.40143
1.40402
1.40871
1.42344
1.45216
1.52759
1.67832
1.99384
2.9645
5.02078
5.05784
4.97589
4.7875
4.60375
4.42663
4.21989
3.98151
1.40001
1.40001
1.40001
1.40002
1.40004
1.40008
1.4002
1.40049
1.40114
1.40297
1.40674
1.41764
1.44004
1.49791
1.61791
1.8701
2.48087
4.66194
5.00096
4.93902
4.77615
4.57573
4.39328
4.20068
3.98301
1.40001
1.40001
1.40001
1.40001
1.40003
1.40006
1.40016
1.40034
1.40094
1.40205
1.40552
1.4124
1.43213
1.47259
1.57215
1.77146
2.20429
3.90017
4.90078
4.87333
4.77044
4.55887
4.37424
4.18845
3.98846
1.40001
1.40001
1.40001
1.40001
1.40002
1.40005
1.40012
1.40025
1.4007
1.40146
1.40419
1.40869
1.4244
1.4523
1.53057
1.681
1.99523
3.02362
4.76682
4.83209
4.76231
4.58556
4.3723
4.18684
3.99675
1.40001
1.40001
1.40001
1.40001
1.40002
1.40004
1.40008
1.40021
1.40044
1.40123
1.40256
1.40726
1.41537
1.44131
1.49016
1.61268
1.84364
2.41171
4.37385
4.79134
4.74208
4.60769
4.39264
4.19374
4.01241
1.40001
1.40001
1.40001
1.40001
1.40001
1.40003
1.40006
1.40013
1.40036
1.40076
1.40208
1.4046
1.41216
1.42747
1.46883
1.55277
1.74187
2.11383
3.57338
4.70995
4.69176
4.61387
4.42814
4.21845
4.03148
1.40001
1.40001
1.40001
1.40001
1.40001
1.40002
1.40005
1.40009
1.40025
1.40053
1.40143
1.40316
1.40828
1.41884
1.44734
1.50628
1.64341
1.89134
2.58298
4.50242
4.69166
4.62865
4.47384
4.25212
4.0575
1.40001
1.40001
1.40001
1.40001
1.40001
1.40002
1.40003
1.40007
1.40017
1.40039
1.40093
1.40235
1.4054
1.41393
1.43166
1.47795
1.57387
1.77886
2.2123
3.88042
4.62202
4.59922
4.50687
4.29924
4.09238
1.40001
1.40001
1.40001
1.40001
1.40001
1.40001
1.40002
1.40005
1.40012
1.40025
1.40068
1.40148
1.40392
1.40894
1.42261
1.45226
1.5237
1.67153
1.95858
2.92519
4.43176
4.56171
4.51162
4.3657
4.13716
1.40001
1.40001
1.40001
1.40001
1.40001
1.40001
1.40002
1.40003
1.40008
1.40017
1.40046
1.40096
1.4027
1.40569
1.41565
1.43373
1.48576
1.58575
1.79715
2.27194
3.94178
4.50708
4.48236
4.39686
4.19881
1.40001
1.40001
1.40001
1.40001
1.40001
1.40001
1.40001
1.40003
1.40005
1.40012
1.40028
1.40068
1.4017
1.40391
1.4101
1.4227
1.45724
1.52716
1.68543
1.97771
3.02776
4.33254
4.44773
4.40352
4.27684
1.40001
1.40001
1.40001
1.40001
1.40001
1.40001
1.40001
1.40002
1.40003
1.40009
1.40017
1.40047
1.40101
1.4027
1.40603
1.4155
1.43527
1.48597
1.58906
1.79457
2.27558
3.89356
4.40193
4.38064
4.30706
1.40001
1.40001
1.40001
1.40001
1.40001
1.40001
1.40001
1.40001
1.40002
1.40005
1.40012
1.40029
1.4007
1.40161
1.40415
1.40929
1.42403
1.45381
1.52843
1.67646
1.96431
2.97069
4.21989
4.35747
4.31775
1.40001
1.40001
1.40001
1.40001
1.40001
1.40001
1.40001
1.40001
1.40002
1.40004
1.40007
1.40019
1.4004
1.40111
1.40231
1.40645
1.41353
1.43655
1.47807
1.58626
1.77287
2.23037
3.75772
4.302
4.29047
1.40001
1.40001
1.40001
1.40001
1.40001
1.40001
1.40001
1.40001
1.40001
1.40002
1.40005
1.40012
1.40025
1.40069
1.40144
1.40399
1.40839
1.42282
1.44888
1.52097
1.65445
1.91896
2.7898
4.08421
4.27206
1.40001
1.40001
1.40001
1.40001
1.40001
1.40001
1.40001
1.40001
1.40001
1.40002
1.40003
1.40007
1.40018
1.40037
1.40098
1.40219
1.4056
1.41293
1.43176
1.47306
1.5672
1.74418
2.14372
3.53443
4.19231
1.40001
1.40001
1.40001
1.40001
1.40001
1.40001
1.40001
1.40001
1.40001
1.40001
1.40002
1.40005
1.4001
1.40025
1.40053
1.40145
1.40304
1.40835
1.41769
1.44648
1.49961
1.62892
1.84311
2.49975
3.92123
1.40001
1.40001
1.40001
1.40001
1.40001
1.40001
1.40001
1.40001
1.40001
1.40001
1.40002
1.40003
1.40006
1.40014
1.40034
1.40083
1.4019
1.40489
1.4108
1.42801
1.46143
1.54667
1.7016
2.03676
3.22667
1.40001
1.40001
1.40001
1.40001
1.40001
1.40001
1.40001
1.40001
1.40001
1.40001
1.40001
1.40002
1.40004
1.40009
1.4002
1.40047
1.40116
1.40265
1.40681
1.41508
1.43826
1.48446
1.59267
1.77604
2.25575
1.40001
1.40001
1.40001
1.40001
1.40001
1.40001
1.40001
1.40001
1.40001
1.40001
1.40001
1.40001
1.40002
1.40005
1.40012
1.40029
1.40063
1.4017
1.40358
1.40984
1.42063
1.45419
1.51518
1.65914
1.91214
1.40001
1.40001
1.40001
1.40001
1.40001
1.40001
1.40001
1.40001
1.40001
1.40001
1.40001
1.40001
1.40002
1.40003
1.40008
1.40015
1.40041
1.40086
1.40234
1.40498
1.41327
1.42869
1.47215
1.55477
1.72125
1.40001
1.40001
1.40001
1.40001
1.40001
1.40001
1.40001
1.40001
1.40001
1.40001
1.40001
1.40001
1.40001
1.40002
1.40004
1.4001
1.40021
1.40053
1.40123
1.40293
1.40719
1.41641
1.4403
1.48988
1.59949
1.40001
1.40001
1.40001
1.40001
1.40001
1.40001
1.40001
1.40001
1.40001
1.40001
1.40001
1.40001
1.40001
1.40001
1.40003
1.40006
1.40013
1.40031
1.40068
1.40179
1.40379
1.41029
1.42156
1.45634
1.51906
1.40001
1.40001
1.40001
1.40001
1.40001
1.40001
1.40001
1.40001
1.40001
1.40001
1.40001
1.40001
1.40001
1.40001
1.40002
1.40003
1.40008
1.40017
1.40041
1.40099
1.40226
1.40574
1.4127
1.43231
1.47098
1.40001
1.40001
1.40001
1.40001
1.40001
1.40001
1.40001
1.40001
1.40001
1.40001
1.40001
1.40001
1.40001
1.40001
1.40001
1.40002
1.40005
1.4001
1.40026
1.40057
1.40141
1.40333
1.40786
1.41918
1.4439
1.40001
1.40001
1.40001
1.40001
1.40001
1.40001
1.40001
1.40001
1.40001
1.40001
1.40001
1.40001
1.40001
1.40001
1.40001
1.40002
1.40003
1.40008
1.40016
1.40044
1.40091
1.4025
1.40534
1.4143
1.43128
1.40001
1.40001
1.40001
1.40001
1.40001
1.40001
1.40001
1.40001
1.40001
1.40001
1.40001
1.40001
1.40001
1.40001
1.40001
1.40001
1.40003
1.40006
1.40013
1.40035
1.40075
1.4021
1.40444
1.41242
1.42664
1.40001
1.40001
1.40001
1.40001
1.40001
1.40001
1.40001
1.40001
1.40001
1.40001
1.40001
1.40001
1.40001
1.40001
1.40001
1.40001
1.40002
1.40006
1.40013
1.4003
1.40077
1.40174
1.40475
1.41047
1.42824
1.40001
1.40001
1.40001
1.40001
1.40001
1.40001
1.40001
1.40001
1.40001
1.40001
1.40001
1.40001
1.40001
1.40001
1.40001
1.40001
1.40003
1.40005
1.40013
1.40027
1.40078
1.40164
1.40472
1.41013
1.42803
1.40001
1.40001
1.40001
1.40001
1.40001
1.40001
1.40001
1.40001
1.40001
1.40001
1.40001
1.40001
1.40001
1.40001
1.40001
1.40001
1.40003
1.40005
1.40013
1.40027
1.40076
1.40166
1.40454
1.41034
1.42719
1.40001
1.40001
1.40001
1.40001
1.40001
1.40001
1.40001
1.40001
1.40001
1.40001
1.40001
1.40001
1.40001
1.40001
1.40001
1.40001
1.40002
1.40005
1.40011
1.4003
1.40068
1.40179
1.40424
1.41079
1.42595
1.40001
1.40001
1.40001
1.40001
1.40001
1.40001
1.40001
1.40001
1.40001
1.40001
1.40001
1.40001
1.40001
1.40001
1.40001
1.40001
1.40002
1.40005
1.40013
1.40026
1.40077
1.40159
1.40465
1.40983
1.42754
1.40001
1.40001
1.40001
1.40001
1.40001
1.40001
1.40001
1.40001
1.40001
1.40001
1.40001
1.40001
1.40001
1.40001
1.40001
1.40001
1.40003
1.40005
1.40013
1.40026
1.40076
1.40159
1.40458
1.40991
1.42721
2.06181
1.41524
1.4237
1.9187
1.79477
1.71154
1.68282
1.66863
1.66091
1.63895
1.61019
1.5852
1.56486
1.54706
1.52494
1.50253
1.47909
1.45937
1.44112
1.42616
1.40771
1.38852
1.37874
1.37599
1.3761
1.38308
1.40717
1.44559
1.49883
1.56017
1.62552
1.69171
1.75556
1.81723
1.87341
1.92533
1.97041
2.01314
2.05025
2.08569
2.11683
2.14521
2.17038
2.19315
2.21493
2.23237
2.24747
2.26034
2.27193
2.2813
2.28944
2.29674
2.30263
2.30745
2.31173
2.31509
2.3176
2.31959
2.32097
2.32093
2.32023
2.31835
2.31613
2.31204
2.30803
2.30152
2.29565
2.28688
2.27883
2.26835
2.2579
2.24593
2.23368
2.21996
2.20627
2.1914
2.17623
2.16034
2.14428
2.12756
2.11062
2.09325
2.07581
2.05792
2.03997
2.02171
2.00354
1.98512
1.96681
1.94837
1.93029
1.91217
1.89452
1.87697
1.86022
1.84398
1.829
1.8153
1.80377
1.7961
2.55199
1.97475
1.88157
1.97805
1.87815
1.72579
1.65302
1.62993
1.62451
1.60382
1.56386
1.53232
1.50975
1.49313
1.47357
1.45008
1.42735
1.40686
1.38702
1.37281
1.35536
1.33932
1.32808
1.32388
1.32321
1.32954
1.34983
1.38722
1.44002
1.50409
1.57302
1.64311
1.71236
1.77872
1.84088
1.89859
1.95253
2.00103
2.04892
2.09229
2.13253
2.16655
2.19892
2.22778
2.25347
2.27574
2.29471
2.3117
2.32666
2.33903
2.35068
2.36039
2.36873
2.37542
2.38197
2.38703
2.39178
2.39523
2.39903
2.40036
2.40163
2.40084
2.40025
2.39768
2.3946
2.38994
2.38452
2.37757
2.36988
2.36073
2.35089
2.33971
2.32797
2.31496
2.30162
2.28709
2.27239
2.25659
2.24078
2.22398
2.20731
2.18968
2.17233
2.15403
2.13613
2.11737
2.09908
2.08
2.06152
2.04242
2.02402
2.00515
1.98712
1.96885
1.95164
1.93466
1.91921
1.90488
1.89278
1.88446
3.07324
2.48396
2.21175
2.10778
2.03048
1.91009
1.79403
1.72224
1.65232
1.6071
1.55083
1.50184
1.47123
1.46201
1.44247
1.41693
1.39152
1.36509
1.34581
1.33039
1.31387
1.29921
1.28659
1.2786
1.27564
1.27887
1.29523
1.33073
1.38456
1.45341
1.52904
1.60731
1.68322
1.76118
1.8348
1.90328
1.96637
2.02316
2.07704
2.12551
2.16934
2.20863
2.24563
2.27764
2.30852
2.33418
2.35799
2.37759
2.39616
2.41123
2.42509
2.4361
2.44709
2.45504
2.46261
2.46768
2.47293
2.47648
2.48042
2.48209
2.48268
2.48165
2.48033
2.47714
2.47355
2.468
2.46195
2.45412
2.44576
2.43572
2.4252
2.41318
2.4007
2.38697
2.37278
2.35764
2.34202
2.32571
2.30894
2.29169
2.274
2.25598
2.23753
2.21893
2.19987
2.18081
2.16133
2.142
2.12236
2.10296
2.0834
2.06419
2.04503
2.02638
2.00815
1.99084
1.97436
1.95952
1.94635
1.9374
3.35062
2.81045
2.46486
2.28788
2.18097
2.06951
1.95328
1.87479
1.79468
1.70985
1.63255
1.56236
1.5092
1.47577
1.44646
1.4145
1.37833
1.3479
1.32499
1.30903
1.29335
1.27694
1.26207
1.24927
1.24257
1.24439
1.26316
1.29804
1.35684
1.43139
1.51618
1.6019
1.68675
1.76855
1.8467
1.91606
1.98331
2.04261
2.10159
2.15347
2.20344
2.24749
2.28959
2.3267
2.36244
2.39262
2.42136
2.44553
2.46827
2.48715
2.50546
2.52021
2.53398
2.54555
2.55619
2.56456
2.57148
2.57725
2.5825
2.58634
2.58821
2.58817
2.58691
2.58435
2.58031
2.57493
2.56794
2.55983
2.55014
2.53953
2.52744
2.51461
2.50045
2.48572
2.46983
2.45349
2.43623
2.41859
2.40024
2.38157
2.36241
2.34292
2.32315
2.30298
2.28277
2.26209
2.24168
2.22064
2.2002
2.1791
2.15877
2.13793
2.11819
2.09804
2.07909
2.06011
2.04273
2.02612
2.01185
2.00099
3.50318
3.03916
2.68788
2.45998
2.32413
2.21881
2.10825
2.01647
1.936
1.85717
1.7716
1.69673
1.62671
1.5644
1.50436
1.45642
1.4144
1.37823
1.34903
1.32605
1.30452
1.28415
1.26711
1.25362
1.24875
1.25239
1.2706
1.31019
1.37193
1.44811
1.53073
1.61861
1.70698
1.79368
1.87562
1.95277
2.02484
2.09174
2.15481
2.21176
2.26535
2.31242
2.35686
2.39554
2.43217
2.4635
2.49284
2.51735
2.54054
2.55978
2.57762
2.59278
2.60685
2.61824
2.62893
2.63775
2.64552
2.65155
2.65715
2.66161
2.66491
2.66564
2.66528
2.66318
2.66004
2.65495
2.64882
2.64066
2.63163
2.6206
2.6089
2.59533
2.58133
2.56557
2.54964
2.53208
2.51461
2.49559
2.47688
2.45676
2.43708
2.41607
2.39562
2.37394
2.35291
2.33082
2.30948
2.28718
2.26585
2.24389
2.22288
2.20126
2.18055
2.15954
2.1396
2.11972
2.10126
2.0836
2.06812
2.05589
3.60042
3.20636
2.87578
2.63376
2.47186
2.35337
2.24601
2.151
2.06597
1.98632
1.90786
1.83004
1.76163
1.69477
1.6333
1.56951
1.51099
1.45906
1.41447
1.37656
1.34589
1.32099
1.30255
1.29027
1.28819
1.29288
1.31386
1.35907
1.42199
1.49549
1.57966
1.6648
1.75712
1.84895
1.93934
2.02324
2.10221
2.17309
2.23899
2.29795
2.35275
2.40075
2.44535
2.48373
2.51984
2.55029
2.579
2.60281
2.62518
2.64359
2.6611
2.67494
2.68828
2.69873
2.70859
2.71558
2.72231
2.72685
2.73156
2.73419
2.73663
2.7361
2.73494
2.73169
2.72782
2.72189
2.71521
2.70653
2.69706
2.68572
2.67366
2.65988
2.6455
2.6296
2.61326
2.59554
2.57754
2.55834
2.53902
2.51861
2.4983
2.47687
2.45578
2.43361
2.41196
2.38934
2.36754
2.34499
2.32317
2.30049
2.27876
2.25628
2.23475
2.2128
2.19193
2.17106
2.15155
2.13278
2.11612
2.10237
3.6631
3.32845
3.02573
2.78356
2.60442
2.47189
2.36277
2.26726
2.18222
2.10293
2.02775
1.95317
1.88346
1.81767
1.75463
1.69417
1.63445
1.57887
1.52767
1.48302
1.4442
1.41249
1.38867
1.37848
1.37453
1.38596
1.42068
1.4705
1.52831
1.59379
1.66787
1.74621
1.824
1.91046
2.00111
2.09054
2.1737
2.24703
2.31356
2.37184
2.42508
2.47169
2.51464
2.55181
2.58621
2.61573
2.64285
2.66565
2.68699
2.70461
2.72121
2.73518
2.74804
2.75841
2.76816
2.7758
2.78218
2.78669
2.79134
2.79448
2.79681
2.79632
2.79492
2.7914
2.78733
2.78113
2.77437
2.76541
2.75591
2.74424
2.73214
2.71792
2.70349
2.68702
2.67057
2.65217
2.63404
2.61409
2.59455
2.57333
2.55256
2.53027
2.50846
2.48551
2.46328
2.44013
2.41774
2.39452
2.37207
2.34889
2.32648
2.3036
2.28145
2.25912
2.23756
2.21623
2.1959
2.17649
2.15885
2.14401
3.70856
3.41897
3.14464
2.91028
2.72287
2.57965
2.46394
2.36684
2.28159
2.20364
2.13013
2.05968
1.99098
1.92749
1.86572
1.80744
1.74973
1.69507
1.64489
1.59957
1.56351
1.53445
1.51631
1.50544
1.5084
1.54147
1.59295
1.64004
1.68518
1.73414
1.78562
1.84287
1.89923
1.95348
2.02795
2.11664
2.20332
2.28272
2.35376
2.41474
2.46872
2.51606
2.55863
2.59611
2.63084
2.66082
2.68873
2.71203
2.73372
2.75159
2.76831
2.78166
2.79447
2.80438
2.81358
2.82034
2.82658
2.83032
2.83452
2.83722
2.83972
2.83921
2.838
2.83446
2.83038
2.82409
2.81719
2.80817
2.79855
2.78693
2.77478
2.76078
2.74636
2.73024
2.71376
2.69576
2.67749
2.65793
2.63813
2.61725
2.59613
2.57409
2.55212
2.52944
2.50695
2.48375
2.46084
2.4373
2.41414
2.39052
2.36732
2.34386
2.32086
2.2978
2.27538
2.25314
2.23194
2.21138
2.19282
2.17637
3.74126
3.48736
3.23869
3.01698
2.82848
2.67762
2.5555
2.45414
2.36686
2.2899
2.21704
2.14993
2.08413
2.02198
1.96367
1.90558
1.85298
1.79869
1.75331
1.71094
1.68336
1.66215
1.6476
1.64766
1.67432
1.7447
1.80247
1.83829
1.86543
1.89444
1.91268
1.93909
1.96621
2.00227
2.04708
2.10908
2.18919
2.27504
2.35698
2.43004
2.49246
2.54567
2.59111
2.63067
2.66569
2.69668
2.72496
2.74946
2.77199
2.79084
2.80796
2.82193
2.8344
2.84395
2.85273
2.85887
2.86391
2.86652
2.86958
2.87107
2.87244
2.8708
2.8688
2.86458
2.8601
2.85349
2.8465
2.83752
2.82805
2.81672
2.80484
2.79118
2.77701
2.7611
2.74483
2.72683
2.70868
2.68883
2.66907
2.6477
2.62664
2.60433
2.58253
2.55951
2.53709
2.51359
2.49073
2.46698
2.44387
2.42012
2.39698
2.37343
2.35049
2.32731
2.30488
2.28239
2.26097
2.23993
2.22088
2.2035
3.76978
3.54159
3.31507
3.10583
2.92247
2.76727
2.64005
2.5334
2.44344
2.36428
2.29277
2.22572
2.1641
2.10198
2.04755
1.99076
1.94144
1.89155
1.84949
1.8187
1.79847
1.78435
1.78103
1.80348
1.88469
1.98203
2.03161
2.05022
2.06793
2.0713
2.04932
2.03652
2.04618
2.06767
2.09571
2.13689
2.18762
2.25376
2.33649
2.41819
2.49265
2.5572
2.60997
2.65429
2.691
2.72278
2.75092
2.77508
2.79697
2.81641
2.83323
2.84755
2.8603
2.87026
2.87944
2.88553
2.891
2.89334
2.89623
2.89722
2.89791
2.89555
2.89255
2.88768
2.88227
2.87519
2.86763
2.85839
2.84877
2.83737
2.82572
2.81219
2.79854
2.78304
2.76744
2.75012
2.73264
2.71361
2.69428
2.67364
2.65284
2.63102
2.60916
2.58643
2.56377
2.54044
2.51725
2.49355
2.47005
2.44622
2.42266
2.39893
2.37558
2.3522
2.32937
2.30668
2.28484
2.26349
2.24395
2.22592
3.79471
3.587
3.37832
3.18176
3.00331
2.84905
2.71728
2.60695
2.51274
2.43159
2.35922
2.29303
2.23138
2.17288
2.11894
2.06599
2.01781
1.97368
1.93881
1.92117
1.90614
1.90328
1.92131
1.9874
2.13761
2.24119
2.26413
2.27605
2.27675
2.24067
2.18999
2.15186
2.13359
2.13523
2.14958
2.17037
2.20249
2.24128
2.29088
2.36074
2.43989
2.51522
2.58307
2.63907
2.68569
2.72302
2.75441
2.7806
2.80374
2.82391
2.84141
2.85721
2.87073
2.88177
2.89138
2.89804
2.90375
2.90609
2.90893
2.91002
2.91069
2.90824
2.90507
2.90002
2.89457
2.88742
2.88
2.87087
2.86158
2.8505
2.83926
2.82618
2.81293
2.79791
2.78271
2.76587
2.74879
2.73017
2.71131
2.69113
2.67087
2.6494
2.628
2.60544
2.58313
2.5598
2.53687
2.51314
2.48988
2.46605
2.4427
2.41893
2.39568
2.37213
2.34923
2.3262
2.30414
2.28227
2.26239
2.24351
3.81991
3.62594
3.43271
3.24673
3.0754
2.92184
2.78943
2.67446
2.57746
2.49263
2.41889
2.35219
2.29109
2.23407
2.18073
2.13127
2.08685
2.04726
2.02955
2.01604
2.01139
2.02636
2.0798
2.23424
2.41411
2.49098
2.49937
2.49923
2.46967
2.39662
2.32775
2.27513
2.23887
2.21819
2.21223
2.22278
2.23708
2.26077
2.2887
2.32934
2.38292
2.45547
2.52955
2.6002
2.66113
2.71155
2.75152
2.78397
2.81002
2.8324
2.85125
2.86796
2.8816
2.89354
2.90308
2.91011
2.91568
2.91713
2.91931
2.91963
2.91989
2.9167
2.91305
2.90735
2.90148
2.89379
2.88609
2.87665
2.86731
2.8562
2.84516
2.83231
2.81947
2.80494
2.7903
2.77412
2.7577
2.7397
2.72153
2.7019
2.68221
2.66113
2.64019
2.61801
2.59608
2.57316
2.5505
2.52711
2.50401
2.48043
2.45718
2.43366
2.41054
2.38729
2.36456
2.34181
2.31985
2.29809
2.27814
2.259
3.84973
3.6644
3.48149
3.3049
3.1399
2.98905
2.85582
2.73937
2.63777
2.55095
2.47355
2.4062
2.34432
2.28818
2.23641
2.18942
2.14842
2.12482
2.1134
2.10868
2.12115
2.16811
2.29107
2.5389
2.69481
2.71606
2.718
2.69979
2.63121
2.54158
2.46298
2.40095
2.35236
2.31725
2.29383
2.28055
2.28172
2.29073
2.30435
2.32666
2.35427
2.39404
2.45416
2.52467
2.59663
2.66115
2.71672
2.7605
2.79584
2.82279
2.84547
2.86313
2.879
2.89125
2.90189
2.90998
2.91648
2.91866
2.92103
2.92178
2.92246
2.91988
2.91635
2.91062
2.90475
2.89689
2.88913
2.87953
2.87016
2.85903
2.84805
2.83542
2.82285
2.80881
2.79474
2.77923
2.76357
2.7464
2.72914
2.71033
2.69147
2.67114
2.65081
2.62926
2.60779
2.58539
2.56311
2.54016
2.51737
2.49412
2.47104
2.44766
2.42453
2.4012
2.37835
2.35539
2.33332
2.31126
2.2912
2.27159
3.87652
3.70125
3.5271
3.35811
3.19906
3.05174
2.91817
2.8009
2.69677
2.60599
2.52706
2.45607
2.39445
2.33722
2.28779
2.24326
2.21224
2.20283
2.19786
2.20792
2.24753
2.34701
2.60578
2.8418
2.92277
2.92488
2.91169
2.86244
2.76614
2.67314
2.59236
2.52571
2.46929
2.42403
2.38689
2.3589
2.34091
2.32913
2.3351
2.34341
2.35628
2.37734
2.40708
2.45397
2.51749
2.58703
2.65437
2.71462
2.76359
2.80328
2.83262
2.85613
2.87362
2.88829
2.89934
2.90826
2.91539
2.91864
2.92096
2.9216
2.92251
2.92026
2.9168
2.91059
2.90447
2.89615
2.88816
2.87828
2.8688
2.8576
2.84671
2.83428
2.82202
2.80838
2.79475
2.77978
2.76461
2.74814
2.73147
2.71352
2.69535
2.67591
2.65633
2.63557
2.61478
2.59298
2.57127
2.54872
2.5264
2.50345
2.48085
2.45776
2.43516
2.41213
2.38973
2.36704
2.34521
2.32338
2.30337
2.28381
3.91031
3.73806
3.57265
3.40974
3.25541
3.11113
2.97916
2.85924
2.75493
2.66027
2.57907
2.50601
2.44202
2.38561
2.33731
2.2968
2.28738
2.28229
2.28954
2.32417
2.41335
2.63518
2.9454
3.1005
3.10528
3.09966
3.07084
2.98638
2.88629
2.79495
2.71589
2.64674
2.58568
2.53261
2.48586
2.44713
2.41494
2.39033
2.37472
2.36824
2.37442
2.3825
2.39606
2.41851
2.45106
2.50503
2.56931
2.63639
2.70068
2.75514
2.79968
2.83318
2.85853
2.87685
2.8909
2.90099
2.90889
2.91357
2.91596
2.91692
2.91834
2.91724
2.91426
2.90829
2.90221
2.89397
2.88594
2.87603
2.86645
2.85526
2.84439
2.83211
2.82009
2.80679
2.79365
2.77916
2.76471
2.74885
2.73302
2.71577
2.69847
2.67981
2.66106
2.64114
2.62119
2.60023
2.5793
2.55751
2.53582
2.5134
2.49122
2.46847
2.44611
2.4233
2.40108
2.37851
2.35685
2.33499
2.31512
2.2953
3.94818
3.77767
3.61585
3.45969
3.30907
3.16732
3.0373
2.91711
2.81003
2.71502
2.62948
2.55602
2.48971
2.43505
2.38765
2.36846
2.36321
2.3691
2.39908
2.47933
2.66839
3.00968
3.22226
3.27102
3.26824
3.24645
3.18285
3.08728
2.99387
2.90917
2.83293
2.76284
2.69896
2.64012
2.58691
2.53932
2.49744
2.46264
2.43416
2.41387
2.40009
2.40038
2.40598
2.41423
2.4294
2.45459
2.49349
2.55153
2.61589
2.68111
2.74003
2.78941
2.82778
2.85614
2.87655
2.89074
2.90062
2.90697
2.91041
2.9115
2.91325
2.91247
2.91074
2.90496
2.8991
2.89073
2.8826
2.8724
2.8626
2.85113
2.84014
2.82773
2.81577
2.80258
2.78977
2.77574
2.76192
2.74684
2.73184
2.71551
2.69913
2.68135
2.66349
2.6443
2.62515
2.60484
2.58466
2.5635
2.54258
2.5208
2.49939
2.47719
2.45553
2.43319
2.41149
2.38932
2.36799
2.34647
2.3268
2.30721
3.99711
3.82204
3.6624
3.50931
3.36408
3.22477
3.09498
2.97653
2.86655
2.76973
2.68231
2.60577
2.54034
2.48564
2.45399
2.44841
2.45065
2.47703
2.54689
2.70764
3.06166
3.32922
3.41433
3.41401
3.39918
3.35571
3.26699
3.1772
3.0937
3.01621
2.94279
2.87337
2.80744
2.74513
2.68745
2.63369
2.58566
2.54228
2.50506
2.4738
2.44872
2.43216
2.42264
2.42736
2.43175
2.44077
2.45749
2.486
2.53372
2.5925
2.65598
2.7175
2.77136
2.81484
2.84765
2.87067
2.88626
2.89601
2.90193
2.90323
2.90524
2.905
2.90431
2.89929
2.89391
2.8858
2.87786
2.86772
2.858
2.84648
2.83553
2.82304
2.81118
2.79797
2.78534
2.77137
2.75776
2.74285
2.72822
2.71233
2.69664
2.67969
2.66288
2.6448
2.62685
2.60769
2.58864
2.56847
2.54846
2.52744
2.5067
2.48509
2.46394
2.44211
2.42089
2.39923
2.37844
2.35738
2.33821
2.31898
4.05891
3.87259
3.71027
3.55893
3.4155
3.27979
3.15107
3.03269
2.92383
2.82485
2.73744
2.66014
2.59639
2.54735
2.54026
2.54063
2.56115
2.62065
2.76231
3.10626
3.41382
3.54064
3.54249
3.53409
3.50385
3.42977
3.34433
3.26521
3.18997
3.11881
3.04809
2.97985
2.91224
2.84836
2.78669
2.72955
2.67587
2.62712
2.58268
2.54361
2.51002
2.48194
2.46136
2.44684
2.44403
2.44786
2.45265
2.463
2.48299
2.51842
2.56952
2.62885
2.68989
2.74723
2.79558
2.83347
2.86027
2.87821
2.8891
2.89344
2.89576
2.89616
2.8966
2.8929
2.8883
2.88055
2.87302
2.86294
2.85326
2.84143
2.83021
2.81727
2.80508
2.79151
2.77864
2.76454
2.751
2.73644
2.72227
2.70706
2.69214
2.67602
2.66013
2.64294
2.62593
2.60768
2.58961
2.57038
2.55136
2.53127
2.5115
2.49082
2.47052
2.44956
2.42908
2.40817
2.38804
2.36769
2.34912
2.33066
4.13601
3.9349
3.76598
3.61429
3.472
3.33767
3.2103
3.09128
2.98205
2.88219
2.79333
2.71925
2.65736
2.64113
2.63853
2.65441
2.70795
2.83792
3.15513
3.48718
3.65036
3.6655
3.66031
3.63663
3.57427
3.49643
3.42213
3.35233
3.28416
3.21634
3.14797
3.07963
3.01278
2.94692
2.88425
2.82347
2.76709
2.71346
2.66473
2.61951
2.5794
2.54382
2.51362
2.48929
2.47137
2.46293
2.46141
2.46482
2.47046
2.48228
2.50629
2.54728
2.59992
2.65861
2.71714
2.76922
2.81168
2.84304
2.86408
2.87661
2.88228
2.88335
2.88472
2.8831
2.87976
2.87249
2.86541
2.85553
2.84616
2.8344
2.82324
2.81024
2.79788
2.78414
2.77101
2.75674
2.74312
2.72847
2.71448
2.69939
2.68494
2.66936
2.6543
2.6381
2.62225
2.6052
2.58837
2.57033
2.55244
2.53345
2.51463
2.49493
2.47549
2.45541
2.43579
2.41574
2.39652
2.37712
2.35939
2.34217
4.2101
4.00453
3.8245
3.66997
3.52783
3.39466
3.26935
3.15068
3.04214
2.94309
2.85723
2.78473
2.75175
2.74673
2.75904
2.80704
2.9276
3.22197
3.56671
3.7549
3.78392
3.77985
3.759
3.70371
3.63161
3.56347
3.50001
3.43784
3.37422
3.30956
3.2431
3.1764
3.10942
3.04336
2.97896
2.91689
2.85774
2.80153
2.74896
2.69958
2.65422
2.61306
2.57572
2.54407
2.5162
2.49608
2.48019
2.47771
2.47323
2.47756
2.48378
2.49725
2.52569
2.57062
2.62401
2.68068
2.73532
2.78207
2.81876
2.84385
2.85941
2.86661
2.86846
2.86859
2.8682
2.86276
2.85658
2.84704
2.83805
2.82645
2.81552
2.80242
2.79002
2.77595
2.76249
2.74786
2.73391
2.71912
2.70495
2.69004
2.67574
2.66057
2.64602
2.63043
2.61536
2.59917
2.58334
2.56637
2.54967
2.53187
2.5143
2.49583
2.47763
2.45874
2.44035
2.4215
2.40349
2.38548
2.36882
2.35345
4.2371
4.10269
3.90278
3.73546
3.58947
3.45511
3.32991
3.21242
3.10407
3.00817
2.92674
2.87781
2.87005
2.87811
2.92033
3.03275
3.30859
3.6615
3.8642
3.90398
3.90032
3.87987
3.82658
3.75717
3.69361
3.63605
3.5805
3.52364
3.464
3.40135
3.33649
3.27006
3.20347
3.13726
3.07253
3.00932
2.94866
2.88978
2.83464
2.78163
2.73317
2.68691
2.64535
2.60679
2.57279
2.54338
2.5188
2.50013
2.48958
2.4845
2.48062
2.48533
2.49291
2.50884
2.54165
2.5877
2.64072
2.69581
2.74522
2.78688
2.81689
2.83656
2.84761
2.84907
2.85054
2.84917
2.84583
2.83712
2.8282
2.8165
2.8059
2.79263
2.78067
2.76605
2.75283
2.73732
2.72347
2.7078
2.69377
2.67829
2.66419
2.64896
2.63475
2.6196
2.60514
2.58981
2.57492
2.55916
2.54365
2.52727
2.51111
2.49406
2.47737
2.45995
2.44307
2.42584
2.4094
2.39329
2.37806
2.36529
4.24412
4.16412
3.98478
3.8057
3.65444
3.51814
3.39393
3.27724
3.17302
3.08205
3.01839
3.00775
3.01129
3.04859
3.15452
3.41913
3.77591
3.98786
4.0337
4.02931
4.00709
3.94989
3.87956
3.81803
3.76449
3.71488
3.66389
3.61018
3.55188
3.49072
3.42642
3.36129
3.29502
3.22934
3.16415
3.10021
3.0382
2.97798
2.92084
2.86548
2.814
2.7641
2.71884
2.67498
2.63636
2.59962
2.56835
2.54033
2.51801
2.50198
2.49282
2.485
2.48191
2.48681
2.49571
2.5139
2.55262
2.59851
2.65016
2.70187
2.74685
2.78288
2.80711
2.82192
2.82675
2.82783
2.82705
2.8241
2.81539
2.80538
2.79375
2.78154
2.7686
2.75486
2.74077
2.72594
2.71121
2.69583
2.68105
2.66556
2.65113
2.63578
2.62175
2.60658
2.59283
2.57773
2.56402
2.54889
2.5349
2.51967
2.50514
2.48973
2.47476
2.45921
2.44426
2.42913
2.41479
2.40122
2.38796
2.37873
4.22431
4.18446
4.08115
3.89072
3.72595
3.58427
3.45873
3.34569
3.24825
3.17213
3.1586
3.15887
3.19287
3.29474
3.55613
3.91641
4.13263
4.17682
4.17075
4.14544
4.07864
4.00461
3.94078
3.89013
3.84269
3.79697
3.74697
3.69456
3.63696
3.57748
3.51398
3.45042
3.38415
3.31957
3.25338
3.19015
3.12635
3.06621
3.00635
2.95022
2.89531
2.84357
2.79425
2.74721
2.70396
2.66214
2.6254
2.5899
2.56054
2.53327
2.51312
2.49898
2.48822
2.47771
2.48001
2.48477
2.49477
2.51584
2.55585
2.602
2.65259
2.70018
2.74087
2.77096
2.78991
2.79987
2.8009
2.80066
2.79856
2.79098
2.78079
2.76801
2.75534
2.74117
2.72749
2.71252
2.69798
2.68242
2.6675
2.65177
2.63703
2.62153
2.60726
2.5923
2.57846
2.5641
2.55058
2.53657
2.52333
2.50939
2.49632
2.48245
2.4695
2.45596
2.44345
2.4308
2.41936
2.4088
2.39843
2.39371
4.20037
4.1842
4.12784
3.99066
3.81301
3.66038
3.53259
3.42516
3.33775
3.32149
3.31868
3.35072
3.45359
3.72107
4.08558
4.30026
4.33678
4.32863
4.29714
4.21715
4.13431
4.06852
4.01635
3.97139
3.92706
3.88139
3.83156
3.77887
3.72186
3.66283
3.60054
3.53754
3.47245
3.408
3.34235
3.2788
3.21451
3.15358
3.09211
3.03487
2.97711
2.92402
2.87057
2.82177
2.77323
2.72886
2.68593
2.6464
2.60991
2.57622
2.54768
2.52127
2.50445
2.48775
2.47707
2.4668
2.47085
2.47626
2.48835
2.51383
2.55373
2.59977
2.64813
2.6914
2.72716
2.75121
2.76609
2.7697
2.77005
2.76814
2.76303
2.75218
2.73889
2.72556
2.71111
2.69706
2.68222
2.66743
2.65232
2.63697
2.62186
2.60651
2.59174
2.57697
2.56271
2.54881
2.53516
2.52206
2.5091
2.49656
2.48447
2.47241
2.46135
2.45027
2.44037
2.43114
2.42263
2.41625
2.4095
2.40967
4.06514
4.16756
4.13948
4.06595
3.89962
3.74317
3.61694
3.51649
3.49537
3.49056
3.52183
3.63024
3.91644
4.28826
4.49712
4.51781
4.50591
4.46484
4.36536
4.27347
4.20318
4.14853
4.10328
4.05918
4.01514
3.96716
3.91706
3.86253
3.8063
3.74649
3.68573
3.62242
3.55887
3.49397
3.42957
3.36484
3.30139
3.23848
3.17715
3.11737
3.05877
3.00292
2.94749
2.89601
2.84423
2.79734
2.74972
2.70745
2.66471
2.62731
2.59055
2.55895
2.52986
2.50646
2.48851
2.47115
2.45846
2.45234
2.45613
2.46232
2.47603
2.50594
2.54526
2.59052
2.63586
2.67492
2.70539
2.72428
2.73414
2.73446
2.73346
2.72993
2.72096
2.70761
2.69367
2.67849
2.66416
2.64891
2.63421
2.61895
2.60386
2.58886
2.57384
2.55949
2.54505
2.53168
2.51826
2.50598
2.49383
2.48255
2.47189
2.4618
2.45296
2.44469
2.43789
2.43213
2.42839
2.42616
2.42522
2.42925
3.69512
4.1148
4.12875
4.0915
3.9964
3.84144
3.71306
3.6798
3.67395
3.70608
3.82427
4.1398
4.52217
4.72615
4.72379
4.70477
4.64991
4.53053
4.42751
4.34897
4.29084
4.2414
4.19618
4.15056
4.10355
4.0536
4.00158
3.9465
3.88967
3.83004
3.76932
3.70634
3.64324
3.57857
3.51455
3.44976
3.38613
3.32244
3.26046
3.19883
3.13949
3.08076
3.02462
2.96948
2.91662
2.86543
2.81579
2.76889
2.72279
2.68054
2.63873
2.60171
2.56528
2.53478
2.50552
2.48537
2.46304
2.44713
2.43192
2.43285
2.43541
2.44236
2.45755
2.49094
2.53047
2.57439
2.61605
2.65107
2.67568
2.69085
2.69443
2.69405
2.69183
2.68595
2.67316
2.65932
2.64399
2.62931
2.61379
2.59913
2.58388
2.56922
2.55445
2.54001
2.52611
2.51244
2.49984
2.48745
2.47655
2.46589
2.45706
2.44885
2.4426
2.43743
2.43543
2.43357
2.43306
2.43404
2.43967
2.45641
2.806
3.88566
4.10238
4.09336
4.05929
3.96003
3.88886
3.8762
3.90981
4.04089
4.39565
4.79182
4.97418
4.96906
4.9338
4.84434
4.71227
4.59686
4.50901
4.44255
4.38845
4.33934
4.29102
4.24219
4.19155
4.13926
4.08497
4.02884
3.97093
3.91122
3.8501
3.78748
3.72405
3.65959
3.59511
3.53016
3.46601
3.40182
3.33914
3.2767
3.21634
3.15629
3.0988
3.0414
2.98704
2.93248
2.88147
2.83013
2.78257
2.73483
2.69094
2.6473
2.60776
2.56895
2.53512
2.50235
2.47711
2.4525
2.43115
2.41371
2.40337
2.40445
2.40762
2.41624
2.43504
2.46873
2.50845
2.55031
2.58791
2.61822
2.63749
2.64817
2.64821
2.6471
2.6435
2.63417
2.62094
2.60573
2.59101
2.57573
2.56154
2.54676
2.5328
2.51874
2.50514
2.49228
2.47973
2.46864
2.45795
2.44932
2.4418
2.43593
2.43398
2.43234
2.43232
2.43317
2.43877
2.45131
2.46056
2.49237
2.08998
3.33402
3.9931
4.10095
4.0998
4.08644
4.08305
4.12789
4.28199
4.70473
5.09777
5.24964
5.23808
5.186
5.0575
4.90841
4.78262
4.687
4.61213
4.55099
4.49564
4.4428
4.38939
4.33598
4.28084
4.22564
4.16833
4.11109
4.05139
3.99179
3.92966
3.86784
3.80376
3.74041
3.67535
3.61147
3.54631
3.48286
3.41847
3.35625
3.29348
3.23312
3.17243
3.11431
3.05611
3.00053
2.94523
2.89221
2.84
2.78997
2.74124
2.69449
2.64945
2.60658
2.56602
2.52806
2.49332
2.46285
2.43576
2.40993
2.38885
2.37158
2.36687
2.36746
2.37122
2.3814
2.40464
2.43843
2.47792
2.51712
2.55122
2.57616
2.59205
2.59662
2.59633
2.59429
2.58893
2.5766
2.56271
2.54853
2.5338
2.52022
2.50623
2.49351
2.4806
2.46875
2.4575
2.44723
2.43851
2.43138
2.42632
2.42543
2.42505
2.42551
2.42932
2.4391
2.45284
2.47378
2.48958
2.53909
1.78364
2.28308
3.66872
4.06875
4.17621
4.22689
4.34516
4.61378
5.09093
5.46045
5.5551
5.53288
5.4586
5.2826
5.11759
4.98197
4.87809
4.79824
4.73062
4.66941
4.60958
4.55058
4.49113
4.43195
4.37262
4.31324
4.25376
4.19384
4.13329
4.07185
4.00958
3.94619
3.88231
3.81748
3.75272
3.68732
3.62232
3.55719
3.49263
3.42847
3.36503
3.30223
3.24043
3.17961
3.12005
3.06155
3.00431
2.94855
2.89391
2.84075
2.78876
2.73843
2.68957
2.64259
2.59745
2.55451
2.51421
2.47638
2.44264
2.41249
2.38407
2.35839
2.33869
2.32426
2.32279
2.32328
2.32753
2.33892
2.36606
2.40074
2.43915
2.47513
2.50534
2.52493
2.53711
2.53757
2.53718
2.53466
2.52729
2.515
2.50176
2.48814
2.47559
2.46309
2.45209
2.4412
2.43198
2.4235
2.41722
2.41316
2.41284
2.4131
2.41531
2.41981
2.43468
2.45169
2.4717
2.5052
2.52794
2.59489
1.66479
1.92773
2.84881
3.86763
4.23421
4.47763
4.86278
5.50748
5.90116
5.9119
5.87068
5.74551
5.52859
5.34284
5.19339
5.08335
4.9976
4.92522
4.85663
4.79015
4.72305
4.65749
4.59149
4.52738
4.46302
4.40041
4.33721
4.27517
4.21196
4.14936
4.08524
4.02147
3.95611
3.89123
3.82499
3.75927
3.69277
3.62696
3.56091
3.49566
3.43061
3.36662
3.30318
3.24068
3.17885
3.11816
3.05832
2.99966
2.94204
2.8857
2.83056
2.77681
2.72459
2.6737
2.62493
2.57759
2.53289
2.48992
2.45049
2.41294
2.38084
2.34841
2.32079
2.29583
2.27923
2.26867
2.2679
2.26933
2.2754
2.29131
2.32088
2.35651
2.39331
2.4261
2.45122
2.46699
2.47433
2.47489
2.47435
2.47116
2.4621
2.4513
2.43979
2.42908
2.41905
2.41066
2.40315
2.39806
2.3958
2.39613
2.39769
2.40105
2.41004
2.42528
2.44444
2.47031
2.49975
2.54647
2.57747
2.65264
1.56474
1.72958
2.12204
3.36503
4.19043
4.97588
5.91309
6.33879
6.33055
6.23883
6.00856
5.77139
5.57084
5.40948
5.29084
5.20164
5.12444
5.05052
4.97645
4.90201
4.82774
4.75495
4.6836
4.61402
4.54586
4.4789
4.41279
4.3472
4.28194
4.21672
4.15118
4.0856
4.01935
3.95319
3.88616
3.8197
3.7524
3.68575
3.61862
3.55237
3.48583
3.42034
3.35478
3.29044
3.22636
3.16342
3.101
3.03973
2.97924
2.91999
2.86176
2.80495
2.7494
2.69554
2.6432
2.59277
2.5442
2.49774
2.45356
2.41184
2.37299
2.33773
2.30434
2.27303
2.24692
2.22562
2.21024
2.20503
2.20435
2.2067
2.21518
2.23695
2.26851
2.30442
2.33915
2.36792
2.38846
2.40123
2.40594
2.40703
2.40664
2.40372
2.39561
2.38782
2.38001
2.3741
2.36915
2.36979
2.37077
2.37374
2.37978
2.39236
2.40913
2.43126
2.46021
2.49926
2.54104
2.594
2.62844
2.70044
1.5033
1.62353
1.85294
2.45757
3.90707
6.11553
6.79506
6.77613
6.61703
6.25277
5.98452
5.77943
5.61635
5.49487
5.40305
5.32196
5.24309
5.16266
5.08133
4.99942
4.91885
4.83986
4.76347
4.6889
4.61666
4.54561
4.47613
4.40716
4.33908
4.27108
4.20333
4.13551
4.06758
3.99959
3.93139
3.86325
3.79486
3.72689
3.65854
3.59089
3.52282
3.45577
3.38831
3.32213
3.25557
3.19055
3.12527
3.06177
2.99823
2.93672
2.87548
2.81651
2.75817
2.70222
2.64721
2.59466
2.54324
2.49441
2.44683
2.40224
2.359
2.31937
2.28196
2.24746
2.21408
2.18675
2.16214
2.14516
2.13371
2.13216
2.13257
2.1375
2.15078
2.1784
2.21215
2.24737
2.27864
2.30387
2.32075
2.33169
2.33662
2.33849
2.33965
2.3385
2.33528
2.33254
2.33476
2.33725
2.3423
2.35126
2.36784
2.38653
2.413
2.44657
2.48863
2.53557
2.58221
2.63356
2.66546
2.72623
1.47878
1.57219
1.78573
2.23631
3.56267
6.80984
6.88909
6.75786
6.38467
6.07899
5.87523
5.73076
5.6261
5.54545
5.46868
5.38846
5.30635
5.22053
5.13523
5.04864
4.9648
4.88133
4.8014
4.72245
4.647
4.57227
4.50005
4.42801
4.35766
4.2871
4.21772
4.14781
4.0789
4.00921
3.94054
3.87086
3.80237
3.73267
3.66437
3.59482
3.52679
3.45769
3.39009
3.32173
3.25485
3.18762
3.12188
3.05627
2.99227
2.92888
2.86726
2.80664
2.74787
2.69033
2.63474
2.58041
2.52817
2.47716
2.4285
2.38107
2.33637
2.29312
2.25306
2.21527
2.17987
2.14685
2.11808
2.09305
2.07392
2.05952
2.05637
2.05583
2.05834
2.06694
2.08864
2.1199
2.15461
2.18828
2.21664
2.23893
2.25444
2.26512
2.2726
2.27821
2.28198
2.2866
2.29251
2.30252
2.3174
2.33303
2.35679
2.3862
2.42607
2.47006
2.51825
2.56636
2.61053
2.65376
2.67877
2.72587
1.47007
1.55287
1.75189
2.16216
3.46799
6.69169
6.52987
6.18758
5.94984
5.80432
5.70235
5.62914
5.57051
5.50741
5.43696
5.35927
5.27812
5.19393
5.10895
5.02348
4.93819
4.85442
4.77131
4.69082
4.61177
4.53603
4.46129
4.38896
4.31681
4.24644
4.17568
4.10651
4.03666
3.96821
3.89889
3.83073
3.7617
3.6936
3.62487
3.55689
3.48851
3.42082
3.35287
3.2857
3.21846
3.15224
3.08627
3.02165
2.95766
2.89528
2.83385
2.77414
2.71558
2.65878
2.60321
2.54944
2.49691
2.44626
2.3969
2.34958
2.30368
2.26007
2.21813
2.17891
2.14183
2.10687
2.07474
2.04578
2.02094
2.00032
1.98559
1.97909
1.97832
1.97957
1.98605
2.00239
2.03116
2.06519
2.10003
2.13167
2.15832
2.1795
2.19626
2.21022
2.22287
2.23528
2.25091
2.26854
2.29113
2.31742
2.35335
2.39426
2.44159
2.48934
2.537
2.57975
2.61622
2.64851
2.66575
2.70071
1.46344
1.55464
1.74078
2.16343
3.56494
6.44381
6.12089
5.77335
5.64032
5.5877
5.54967
5.50813
5.45667
5.3946
5.32507
5.24934
5.17126
5.08985
5.00802
4.92461
4.84138
4.7585
4.67649
4.59608
4.51667
4.43995
4.36502
4.29214
4.22042
4.15027
4.08068
4.01246
3.94425
3.87727
3.80996
3.74371
3.67692
3.61093
3.54429
3.47826
3.41157
3.34562
3.27912
3.2138
3.14818
3.08425
3.02031
2.95846
2.89678
2.83738
2.77822
2.72137
2.66482
2.6105
2.55656
2.50474
2.45349
2.40421
2.35579
2.30919
2.26389
2.22028
2.17849
2.1383
2.10071
2.06448
2.03098
1.99944
1.97147
1.94648
1.92625
1.91081
1.90309
1.9021
1.90294
1.90815
1.92136
1.9486
1.98243
2.01855
2.05331
2.0848
2.11219
2.13665
2.15933
2.18219
2.20775
2.23503
2.26797
2.30803
2.35225
2.40057
2.44821
2.49456
2.53425
2.56924
2.5946
2.61824
2.62781
2.65428
1.46218
1.55398
1.73703
2.15999
3.57409
6.37662
5.97445
5.64036
5.51258
5.47361
5.43707
5.39325
5.33353
5.26861
5.19711
5.12271
5.04617
4.96656
4.88665
4.80411
4.72257
4.63979
4.55908
4.47838
4.4002
4.32225
4.24791
4.17439
4.10397
4.03416
3.96663
3.89949
3.83377
3.76828
3.70364
3.63893
3.57489
3.51048
3.44691
3.38281
3.31997
3.25661
3.19485
3.13277
3.07237
3.01192
2.95308
2.89446
2.83727
2.78057
2.7251
2.6704
2.61675
2.56409
2.51237
2.46184
2.41221
2.36393
2.31662
2.2708
2.22606
2.18293
2.14113
2.10104
2.06257
2.02616
1.99134
1.95893
1.92859
1.90158
1.8774
1.85792
1.84279
1.83539
1.83454
1.83583
1.84055
1.85365
1.87993
1.91463
1.95213
1.99134
2.02819
2.06427
2.09781
2.1337
2.16858
2.20943
2.25319
2.30187
2.35076
2.39977
2.44334
2.48235
2.51276
2.53812
2.55523
2.57118
2.57691
2.59702
1.46265
1.55214
1.73636
2.15823
3.57528
6.35768
5.9321
5.58694
5.45509
5.40875
5.37189
5.31722
5.25461
5.18119
5.10784
5.02862
4.95039
4.86796
4.7869
4.70277
4.62119
4.53762
4.45746
4.37651
4.29887
4.22155
4.14661
4.07372
4.00279
3.93423
3.86668
3.80128
3.73636
3.67297
3.61002
3.54787
3.48639
3.42519
3.36489
3.30461
3.24536
3.18603
3.1277
3.06931
3.01198
2.9547
2.89856
2.84245
2.78768
2.73287
2.6796
2.6262
2.5746
2.52276
2.47298
2.42289
2.37507
2.32694
2.28122
2.23527
2.19182
2.14834
2.10739
2.06674
2.02866
1.99143
1.95665
1.9233
1.89252
1.86397
1.83838
1.81602
1.79789
1.78411
1.77893
1.77892
1.78075
1.78697
1.8008
1.82916
1.86535
1.90787
1.95261
1.99924
2.04562
2.09386
2.14281
2.19495
2.24763
2.30067
2.34966
2.39404
2.43035
2.46022
2.48216
2.49953
2.51098
2.5215
2.52538
2.54044
1.46406
1.54853
1.73699
2.1521
3.55798
6.35366
5.91898
5.55982
5.42591
5.38308
5.34718
5.2922
5.22295
5.14727
5.0651
4.98506
4.89853
4.81682
4.72894
4.6463
4.55973
4.4775
4.39421
4.31409
4.2348
4.15805
4.08267
4.01008
3.93899
3.87101
3.80406
3.73983
3.67617
3.6145
3.55316
3.4931
3.43326
3.37423
3.31538
3.25713
3.1991
3.14166
3.08462
3.02813
2.9721
2.91658
2.86158
2.80715
2.75328
2.70006
2.6474
2.59554
2.54423
2.4938
2.44402
2.39515
2.34713
2.3
2.254
2.20886
2.16518
2.12235
2.0813
2.0412
2.00311
1.96619
1.93145
1.89819
1.8672
1.83823
1.81175
1.78819
1.76758
1.75178
1.73918
1.73878
1.7393
1.74231
1.74983
1.76809
1.80013
1.8423
1.89156
1.94684
2.00552
2.06668
2.12889
2.19088
2.24932
2.30276
2.34809
2.38562
2.41426
2.43642
2.45196
2.46396
2.47168
2.47894
2.48158
2.49357
1.46082
1.55132
1.73179
2.14766
3.53788
6.35649
5.91735
5.54732
5.41103
5.37345
5.34197
5.28835
5.21838
5.13925
5.05571
4.97174
4.88394
4.79945
4.70989
4.62616
4.53734
4.45529
4.36948
4.28997
4.20881
4.13263
4.05678
3.98438
3.9138
3.8457
3.77981
3.71555
3.65311
3.59154
3.53115
3.47112
3.41187
3.35277
3.29432
3.23605
3.17837
3.12106
3.06427
3.00808
2.95229
2.89731
2.84259
2.78882
2.73518
2.68261
2.63007
2.57874
2.52743
2.47746
2.42759
2.3792
2.33102
2.28449
2.23829
2.19395
2.14999
2.10814
2.06671
2.02761
1.98903
1.95296
1.91765
1.8849
1.85325
1.82425
1.79694
1.77258
1.75068
1.73296
1.71808
1.71284
1.71312
1.71514
1.72042
1.73295
1.75973
1.79921
1.84983
1.9111
1.97959
2.0525
2.12497
2.19374
2.25438
2.30577
2.34637
2.37797
2.4009
2.41808
2.42984
2.43889
2.44463
2.45017
2.45218
2.46242
1.46092
1.55043
1.73084
2.1435
3.52532
6.35951
5.91823
5.54266
5.40461
5.37045
5.34218
5.29015
5.22032
5.14044
5.05673
4.97187
4.88386
4.79857
4.70859
4.62436
4.53489
4.45244
4.36582
4.2861
4.20429
4.12819
4.05207
3.97997
3.90938
3.84143
3.77578
3.71163
3.64949
3.58793
3.52768
3.46752
3.40821
3.34889
3.29025
3.23173
3.17383
3.1163
3.05934
3.00302
2.94716
2.89213
2.83741
2.78363
2.72998
2.6774
2.62483
2.57346
2.52209
2.47207
2.42213
2.37369
2.32547
2.27892
2.2327
2.18836
2.1444
2.10256
2.06112
2.02202
1.98341
1.94729
1.91186
1.879
1.84718
1.81797
1.79033
1.76555
1.74307
1.72441
1.70879
1.70048
1.7006
1.70216
1.70668
1.71725
1.74012
1.77777
1.82876
1.89343
1.96796
2.0481
2.12655
2.19853
2.2593
2.30854
2.34586
2.37405
2.39401
2.40883
2.41885
2.42659
2.43144
2.4362
2.43787
2.44725
)
;

boundaryField
{
    inlet
    {
        type            calculated;
        value           uniform 1.40001;
    }
    outlet
    {
        type            calculated;
        value           nonuniform List<scalar> 
40
(
1.79177
1.8799
1.9327
1.99612
2.05089
2.09725
2.1388
2.17108
2.19815
2.22051
2.23807
2.25352
2.26609
2.27827
2.28973
2.3016
2.31333
2.32496
2.33641
2.34762
2.35936
2.37268
2.38748
2.40316
2.42257
2.44944
2.48499
2.53123
2.58657
2.64384
2.6912
2.71675
2.71637
2.69138
2.64524
2.58831
2.53204
2.48542
2.45444
2.43935
)
;
    }
    bottom
    {
        type            symmetryPlane;
    }
    top
    {
        type            symmetryPlane;
    }
    obstacle
    {
        type            calculated;
        value           nonuniform List<scalar> 
110
(
5.98709
5.98819
5.97659
5.95329
5.92086
5.87514
5.80811
5.70772
5.54579
5.28165
2.06181
1.41524
1.4237
1.9187
1.79477
1.71154
1.68282
1.66863
1.66091
1.63895
1.61019
1.5852
1.56486
1.54706
1.52494
1.50253
1.47909
1.45937
1.44112
1.42616
1.40771
1.38852
1.37874
1.37599
1.3761
1.38308
1.40717
1.44559
1.49883
1.56017
1.62552
1.69171
1.75556
1.81723
1.87341
1.92533
1.97041
2.01314
2.05025
2.08569
2.11683
2.14521
2.17038
2.19315
2.21493
2.23237
2.24747
2.26034
2.27193
2.2813
2.28944
2.29674
2.30263
2.30745
2.31173
2.31509
2.3176
2.31959
2.32097
2.32093
2.32023
2.31835
2.31613
2.31204
2.30803
2.30152
2.29565
2.28688
2.27883
2.26835
2.2579
2.24593
2.23368
2.21996
2.20627
2.1914
2.17623
2.16034
2.14428
2.12756
2.11062
2.09325
2.07581
2.05792
2.03997
2.02171
2.00354
1.98512
1.96681
1.94837
1.93029
1.91217
1.89452
1.87697
1.86022
1.84398
1.829
1.8153
1.80377
1.7961
)
;
    }
    defaultFaces
    {
        type            empty;
    }
}


// ************************************************************************* //
