/*--------------------------------*- C++ -*----------------------------------*\
  =========                 |
  \\      /  F ield         | OpenFOAM: The Open Source CFD Toolbox
   \\    /   O peration     | Website:  https://openfoam.org
    \\  /    A nd           | Version:  10
     \\/     M anipulation  |
\*---------------------------------------------------------------------------*/
FoamFile
{
    format      ascii;
    class       volScalarField;
    location    "7.5";
    object      rho;
}
// * * * * * * * * * * * * * * * * * * * * * * * * * * * * * * * * * * * * * //

dimensions      [1 -3 0 0 0 0 0];

internalField   nonuniform List<scalar> 
5250
(
1.40001
1.40002
1.40008
1.40017
1.40049
1.40105
1.40297
1.40644
1.41753
1.43921
1.49796
1.61619
1.87774
2.49563
4.97674
5.77449
5.70397
5.66031
5.6805
5.7577
5.84352
5.89562
5.93606
5.96956
5.99498
1.40001
1.40002
1.40007
1.40018
1.40047
1.40106
1.4029
1.40637
1.41738
1.43858
1.49694
1.61394
1.87282
2.48078
4.93317
5.77574
5.70367
5.65732
5.67785
5.75554
5.84139
5.89374
5.93505
5.96939
5.99579
1.40001
1.40003
1.40007
1.40018
1.40044
1.4011
1.40261
1.40679
1.41566
1.43984
1.49172
1.61169
1.8604
2.45106
4.83562
5.7793
5.70209
5.64777
5.66735
5.74508
5.82921
5.88162
5.92267
5.95763
5.98381
1.40001
1.40002
1.40007
1.40018
1.40041
1.40106
1.40256
1.40628
1.4156
1.43728
1.48934
1.60332
1.84522
2.40455
4.68169
5.78784
5.701
5.63196
5.65109
5.72419
5.80802
5.85656
5.89728
5.93034
5.95799
1.40001
1.40002
1.40007
1.40015
1.40043
1.40092
1.40257
1.40566
1.4152
1.4344
1.48593
1.59125
1.82532
2.34385
4.46814
5.80463
5.70155
5.61109
5.62675
5.69838
5.77837
5.82629
5.86336
5.89632
5.92396
1.40001
1.40002
1.40006
1.40014
1.40039
1.40086
1.4024
1.40512
1.4144
1.43128
1.48064
1.57781
1.79877
2.27143
4.19038
5.83171
5.70572
5.58508
5.59777
5.66084
5.73813
5.78137
5.81585
5.8449
5.87535
1.40001
1.40002
1.40006
1.40013
1.40034
1.40082
1.40203
1.40506
1.41213
1.43017
1.47103
1.5651
1.76458
2.19172
3.84771
5.86758
5.71634
5.55825
5.56549
5.61979
5.68861
5.72558
5.75295
5.77753
5.8065
1.40001
1.40002
1.40005
1.40012
1.40031
1.40071
1.40186
1.40436
1.41105
1.42633
1.46416
1.54712
1.72957
2.10742
3.4537
5.89204
5.72978
5.53169
5.52945
5.56852
5.62882
5.65312
5.66869
5.67937
5.70587
1.40001
1.40002
1.40005
1.4001
1.40028
1.40061
1.40167
1.40374
1.40991
1.42264
1.45722
1.529
1.69415
2.02668
3.05144
5.86557
5.72835
5.50916
5.4954
5.50945
5.55593
5.56407
5.55936
5.54395
5.54697
1.40001
1.40002
1.40004
1.4001
1.40022
1.40059
1.40137
1.4035
1.40842
1.42068
1.44973
1.51686
1.66221
1.9647
2.80888
5.6483
5.62965
5.48354
5.4409
5.44162
5.46342
5.45183
5.41894
5.34925
5.29196
1.40001
1.40002
1.40003
1.40009
1.40019
1.40055
1.40113
1.4033
1.40685
1.41948
1.44191
1.50666
1.63198
1.91176
2.60405
5.23839
5.50902
5.44239
5.37159
5.36358
5.35567
5.32337
5.2328
5.01976
4.41692
1.40001
1.40001
1.40003
1.40008
1.40017
1.40046
1.40103
1.4028
1.40612
1.41671
1.43705
1.49309
1.60584
1.85525
2.42677
4.75016
5.44361
5.40381
5.30499
5.27764
5.24684
5.18029
5.03494
4.7388
4.09532
1.40001
1.40001
1.40003
1.40006
1.40017
1.40034
1.401
1.40207
1.40595
1.41264
1.43459
1.47579
1.5828
1.79312
2.26845
4.18214
5.41443
5.37465
5.25619
5.19211
5.1426
5.04579
4.85953
4.55193
4.05841
1.40001
1.40001
1.40002
1.40006
1.40012
1.40032
1.40074
1.40188
1.40457
1.41116
1.42738
1.46508
1.55101
1.73509
2.11841
3.55457
5.40808
5.36216
5.22404
5.11592
5.03938
4.92392
4.73336
4.44849
4.06438
1.40001
1.40001
1.40002
1.40004
1.40011
1.40025
1.40062
1.40152
1.40358
1.40921
1.42126
1.45311
1.52133
1.67443
1.98155
2.87286
5.3451
5.33046
5.22192
5.06
4.95548
4.82835
4.64281
4.38909
4.06685
1.40001
1.40001
1.40002
1.40004
1.40008
1.40021
1.40049
1.40121
1.40301
1.40713
1.41797
1.44214
1.50087
1.62705
1.8917
2.54607
4.97168
5.23711
5.17085
5.01014
4.88303
4.75193
4.57281
4.34445
4.06714
1.40001
1.40001
1.40001
1.40003
1.40006
1.40018
1.40037
1.40104
1.4022
1.40617
1.41341
1.43576
1.47939
1.58911
1.80636
2.30024
4.26472
5.12568
5.09415
4.97747
4.82564
4.68892
4.51803
4.30606
4.06095
1.40001
1.40001
1.40001
1.40002
1.40006
1.40012
1.40034
1.4007
1.40198
1.40423
1.41171
1.42558
1.46649
1.54574
1.73225
2.09865
3.50556
5.07142
5.05491
4.97175
4.78887
4.63849
4.47606
4.27889
4.05537
1.40001
1.40001
1.40001
1.40002
1.40005
1.40009
1.40025
1.40053
1.40149
1.40321
1.40872
1.41933
1.44991
1.51087
1.65624
1.9321
2.70273
4.91921
5.0486
4.97245
4.79144
4.60724
4.44299
4.25901
4.05279
1.40001
1.40001
1.40001
1.40002
1.40003
1.40008
1.40017
1.40047
1.40098
1.40274
1.40595
1.41604
1.43575
1.48927
1.59674
1.8332
2.36127
4.3926
4.96838
4.92369
4.78953
4.59091
4.41855
4.24364
4.05248
1.40001
1.40001
1.40001
1.40001
1.40003
1.40006
1.40013
1.40034
1.40075
1.40205
1.40438
1.41222
1.42628
1.46848
1.54993
1.73941
2.1117
3.57611
4.88302
4.86582
4.7834
4.59318
4.40647
4.23343
4.05485
1.40001
1.40001
1.40001
1.40001
1.40002
1.40005
1.4001
1.40024
1.40057
1.40136
1.40347
1.40793
1.4204
1.44658
1.51171
1.64772
1.91382
2.64335
4.6954
4.86022
4.79045
4.61961
4.41
4.23154
4.05951
1.40001
1.40001
1.40001
1.40001
1.40002
1.40004
1.40007
1.40018
1.40039
1.40105
1.40232
1.40613
1.41395
1.43546
1.48053
1.58837
1.80207
2.2834
4.1137
4.78479
4.75208
4.64004
4.4272
4.24026
4.07036
1.40001
1.40001
1.40001
1.40001
1.40001
1.40002
1.40006
1.40011
1.40031
1.40067
1.40181
1.40405
1.41056
1.42412
1.46028
1.53496
1.70459
2.02902
3.22682
4.64578
4.68969
4.6302
4.46462
4.26377
4.08858
1.40001
1.40001
1.40001
1.40001
1.40001
1.40002
1.40004
1.40009
1.40019
1.40052
1.40111
1.40311
1.40652
1.41807
1.4389
1.49793
1.61274
1.84803
2.42688
4.3003
4.66399
4.61994
4.49774
4.30171
4.11812
1.40001
1.40001
1.40001
1.40001
1.40001
1.40001
1.40003
1.40006
1.40014
1.40036
1.40077
1.40212
1.40449
1.41244
1.42669
1.46921
1.55037
1.73747
2.09787
3.503
4.56931
4.56902
4.51203
4.35609
4.15549
1.40001
1.40001
1.40001
1.40001
1.40001
1.40001
1.40002
1.40004
1.4001
1.40022
1.40054
1.40133
1.4031
1.40795
1.41804
1.44539
1.50193
1.63238
1.86503
2.50452
4.31931
4.56726
4.52208
4.40844
4.20606
1.40001
1.40001
1.40001
1.40001
1.40001
1.40001
1.40002
1.40003
1.40007
1.40015
1.40039
1.40082
1.40228
1.4048
1.41328
1.42842
1.47345
1.55872
1.75251
2.13735
3.63653
4.49167
4.48814
4.43307
4.28914
1.40001
1.40001
1.40001
1.40001
1.40001
1.40001
1.40001
1.40002
1.40004
1.4001
1.40023
1.40057
1.4014
1.40326
1.40833
1.4189
1.4475
1.50642
1.6416
1.88266
2.60498
4.25375
4.47774
4.44208
4.34827
1.40001
1.40001
1.40001
1.40001
1.40001
1.40001
1.40001
1.40002
1.40003
1.40006
1.40017
1.40035
1.40097
1.40201
1.40564
1.41184
1.4322
1.469
1.56749
1.74582
2.14624
3.61611
4.39575
4.4142
4.36818
1.40001
1.40001
1.40001
1.40001
1.40001
1.40001
1.40001
1.40001
1.40002
1.40005
1.40009
1.40026
1.40053
1.40147
1.40311
1.40849
1.41831
1.44768
1.50384
1.63905
1.87054
2.57947
4.14148
4.39742
4.37276
1.40001
1.40001
1.40001
1.40001
1.40001
1.40001
1.40001
1.40001
1.40002
1.40003
1.40007
1.40016
1.40035
1.40091
1.40198
1.40542
1.41141
1.431
1.46636
1.56084
1.73123
2.10914
3.48736
4.30087
4.35498
1.40001
1.40001
1.40001
1.40001
1.40001
1.40001
1.40001
1.40001
1.40001
1.40002
1.40005
1.40009
1.40024
1.4005
1.40136
1.40296
1.40774
1.41735
1.44367
1.4969
1.62078
1.83125
2.4174
4.02062
4.34603
1.40001
1.40001
1.40001
1.40001
1.40001
1.40001
1.40001
1.40001
1.40001
1.40001
1.40003
1.40006
1.40015
1.40031
1.40084
1.40185
1.40481
1.41095
1.42726
1.46266
1.54561
1.70881
2.04326
3.28146
4.21759
1.40001
1.40001
1.40001
1.40001
1.40001
1.40001
1.40001
1.40001
1.40001
1.40001
1.40002
1.40004
1.40008
1.40022
1.40047
1.40121
1.40275
1.40691
1.4161
1.43898
1.48939
1.60103
1.79952
2.31465
3.86354
1.40001
1.40001
1.40001
1.40001
1.40001
1.40001
1.40001
1.40001
1.40001
1.40001
1.40001
1.40002
1.40006
1.40012
1.40032
1.40069
1.40183
1.40405
1.41042
1.42357
1.45823
1.52921
1.68505
1.97727
3.00358
1.40001
1.40001
1.40001
1.40001
1.40001
1.40001
1.40001
1.40001
1.40001
1.40001
1.40001
1.40002
1.40004
1.40008
1.40019
1.40045
1.40112
1.40256
1.40663
1.41471
1.43765
1.48359
1.59373
1.7973
2.2919
1.40001
1.40001
1.40001
1.40001
1.40001
1.40001
1.40001
1.40001
1.40001
1.40001
1.40001
1.40001
1.40003
1.40006
1.40013
1.40033
1.40071
1.40193
1.40407
1.41129
1.42399
1.46304
1.53625
1.71266
2.05064
1.40001
1.40001
1.40001
1.40001
1.40001
1.40001
1.40001
1.40001
1.40001
1.40001
1.40001
1.40001
1.40002
1.40004
1.40011
1.40023
1.40064
1.40134
1.40376
1.40816
1.42205
1.44926
1.52196
1.67007
1.9665
1.40001
1.40001
1.40001
1.40001
1.40001
1.40001
1.40001
1.40001
1.40001
1.40001
1.40001
1.40001
1.40002
1.40004
1.40009
1.4002
1.40054
1.40126
1.40321
1.40783
1.4193
1.44704
1.5116
1.65614
1.9018
1.40001
1.40001
1.40001
1.40001
1.40001
1.40001
1.40001
1.40001
1.40001
1.40001
1.40001
1.40001
1.40002
1.40004
1.40008
1.40022
1.40045
1.40131
1.40276
1.40799
1.41727
1.44691
1.50453
1.6495
1.90489
1.40001
1.40001
1.40001
1.40001
1.40001
1.40001
1.40001
1.40001
1.40001
1.40001
1.40001
1.40001
1.40002
1.40003
1.40009
1.40018
1.40052
1.40107
1.40317
1.40667
1.41905
1.44198
1.50718
1.63894
1.91058
1.40001
1.40001
1.40001
1.40001
1.40001
1.40001
1.40001
1.40001
1.40001
1.40001
1.40001
1.40001
1.40002
1.40004
1.40007
1.4002
1.40044
1.40118
1.4028
1.40717
1.4174
1.44348
1.50225
1.63834
1.90865
1.40001
1.40001
1.40001
1.40001
1.40001
1.40001
1.40001
1.40001
1.40001
1.40001
1.40001
1.40001
1.40002
1.40004
1.40007
1.40019
1.40045
1.40113
1.40282
1.40692
1.41743
1.44232
1.50163
1.63479
1.90639
1.40001
1.40001
1.40001
1.40001
1.40001
1.40001
1.40001
1.40001
1.40001
1.40001
1.40001
1.40001
1.40002
1.40003
1.40007
1.40019
1.40043
1.40116
1.4026
1.40727
1.41617
1.44346
1.49866
1.63419
1.90202
1.40001
1.40001
1.40001
1.40001
1.40001
1.40001
1.40001
1.40001
1.40001
1.40001
1.40001
1.40001
1.40002
1.40003
1.40007
1.40019
1.4004
1.40116
1.40253
1.40716
1.416
1.44308
1.49746
1.63368
1.89732
1.40001
1.40001
1.40001
1.40001
1.40001
1.40001
1.40001
1.40001
1.40001
1.40001
1.40001
1.40001
1.40002
1.40003
1.40007
1.40017
1.40044
1.40103
1.40281
1.4064
1.4173
1.44028
1.50017
1.63008
1.89574
1.40001
1.40001
1.40001
1.40001
1.40001
1.40001
1.40001
1.40001
1.40001
1.40001
1.40001
1.40001
1.40001
1.40003
1.40007
1.40018
1.40042
1.40106
1.40267
1.40656
1.41674
1.44079
1.49895
1.63077
1.89277
1.40001
1.40001
1.40001
1.40001
1.40001
1.40001
1.40001
1.40001
1.40001
1.40001
1.40001
1.40001
1.40002
1.40003
1.40008
1.40016
1.40046
1.40095
1.40287
1.40606
1.41764
1.43903
1.50125
1.62845
1.89244
1.40001
1.40001
1.40001
1.40001
1.40001
1.40001
1.40001
1.40001
1.40001
1.40001
1.40001
1.40001
1.40001
1.40003
1.40007
1.40018
1.40038
1.40114
1.4024
1.40711
1.4154
1.44281
1.49618
1.63351
1.88877
2.23018
1.72602
2.07944
1.99331
1.8489
1.82483
1.81166
1.7887
1.75394
1.72
1.69189
1.6643
1.63391
1.60377
1.57607
1.54879
1.52238
1.51178
1.50805
1.50749
1.51528
1.53952
1.57906
1.63015
1.68709
1.74663
1.80417
1.86136
1.9135
1.96495
2.00996
2.05366
2.09203
2.12848
2.16161
2.19321
2.22158
2.24742
2.27066
2.29112
2.30896
2.32424
2.33927
2.35189
2.36284
2.36956
2.37649
2.38069
2.38398
2.38493
2.38448
2.38276
2.37961
2.37545
2.37
2.36387
2.3567
2.34891
2.34011
2.33075
2.32055
2.30977
2.29857
2.2866
2.27453
2.2615
2.2485
2.23467
2.22057
2.20621
2.1912
2.1762
2.16071
2.14481
2.12901
2.11231
2.09605
2.07887
2.06207
2.04453
2.02737
2.00944
1.99207
1.97388
1.95629
1.93812
1.92022
1.90236
1.8842
1.86671
1.84858
1.83137
1.81373
1.79684
1.78011
1.76406
1.74889
1.73494
1.72299
1.71486
2.74308
2.29879
2.3025
2.06944
1.8741
1.80656
1.78042
1.73436
1.68087
1.63954
1.60764
1.58453
1.55359
1.52263
1.49433
1.46852
1.44665
1.43175
1.4266
1.42474
1.43046
1.45248
1.49133
1.54377
1.60416
1.66915
1.73161
1.79529
1.85419
1.91097
1.96283
2.01122
2.0574
2.10035
2.14021
2.17791
2.21449
2.24588
2.27696
2.30269
2.32658
2.34799
2.36803
2.38479
2.39862
2.40976
2.41926
2.42606
2.43258
2.43612
2.4382
2.4378
2.43761
2.43483
2.43236
2.42718
2.42276
2.41543
2.4093
2.4
2.39233
2.38137
2.37229
2.36017
2.3497
2.33681
2.32508
2.3114
2.29875
2.2841
2.27081
2.2552
2.24122
2.22487
2.21006
2.19319
2.17756
2.16025
2.14395
2.1262
2.1094
2.09131
2.07401
2.05584
2.03798
2.01999
2.00158
1.98389
1.96516
1.94772
1.92901
1.91175
1.89351
1.87656
1.85916
1.84313
1.82736
1.81346
1.8007
1.79241
3.24064
2.73864
2.51066
2.32643
2.11612
1.97629
1.8619
1.76735
1.68505
1.62511
1.58915
1.56132
1.51582
1.4766
1.44401
1.41382
1.39155
1.37811
1.37034
1.36687
1.37031
1.38873
1.42622
1.48048
1.5469
1.61723
1.68914
1.75925
1.82905
1.8949
1.95643
2.0158
2.07357
2.1263
2.17566
2.22034
2.26287
2.30078
2.33682
2.36793
2.39767
2.42273
2.44728
2.46707
2.48605
2.49996
2.51337
2.52199
2.53203
2.53746
2.54239
2.54195
2.54314
2.54049
2.53899
2.53359
2.52913
2.5215
2.51447
2.50513
2.49577
2.48513
2.47374
2.46209
2.44905
2.43635
2.42202
2.40815
2.39275
2.37789
2.36149
2.34593
2.32866
2.31247
2.29447
2.27763
2.25903
2.24153
2.22254
2.20445
2.18515
2.16669
2.14706
2.12845
2.10846
2.08987
2.06962
2.05107
2.03081
2.01228
1.9923
1.97377
1.95445
1.9363
1.91802
1.90062
1.88385
1.86838
1.85456
1.84447
3.49596
3.01307
2.70956
2.49597
2.32386
2.17102
2.06492
1.94107
1.82724
1.71242
1.6367
1.58716
1.53243
1.47915
1.43536
1.40067
1.37657
1.36787
1.35925
1.34544
1.34361
1.36512
1.40534
1.46573
1.53799
1.61536
1.69589
1.77497
1.85233
1.92559
1.99486
2.05914
2.11945
2.17516
2.22768
2.27622
2.32206
2.36356
2.402
2.43633
2.46798
2.49601
2.5216
2.54422
2.56388
2.58074
2.5945
2.60593
2.6158
2.62467
2.62996
2.63218
2.63223
2.63244
2.63012
2.62795
2.62276
2.61823
2.61054
2.60398
2.59433
2.58574
2.57459
2.56392
2.55161
2.53901
2.52573
2.5114
2.49714
2.48133
2.46609
2.44903
2.43287
2.41471
2.39772
2.37857
2.36083
2.34086
2.32248
2.30195
2.28298
2.26219
2.24262
2.22187
2.20176
2.18122
2.16072
2.14043
2.1198
2.09977
2.07951
2.05982
2.04005
2.02069
2.00169
1.9832
1.9655
1.94892
1.93392
1.92257
3.62581
3.2083
2.89151
2.66097
2.48899
2.34
2.22009
2.11388
2.00119
1.8981
1.79664
1.70165
1.62103
1.54577
1.48442
1.4395
1.40569
1.387
1.3754
1.37215
1.37823
1.40152
1.44687
1.50911
1.58404
1.66575
1.74972
1.83336
1.915
1.99294
2.06628
2.13518
2.19911
2.25943
2.3153
2.36789
2.41575
2.4602
2.49986
2.5364
2.56866
2.59805
2.62357
2.64637
2.66555
2.68176
2.69488
2.70448
2.71347
2.72015
2.72526
2.72492
2.72386
2.72039
2.71711
2.71135
2.70547
2.69724
2.68897
2.67862
2.66848
2.65644
2.64476
2.63134
2.61824
2.60368
2.58921
2.57376
2.55796
2.5418
2.52479
2.50797
2.48994
2.47244
2.45357
2.4354
2.41576
2.39701
2.37662
2.3574
2.3363
2.31678
2.29507
2.2754
2.25327
2.2335
2.21122
2.19159
2.16953
2.1499
2.12816
2.10855
2.0874
2.06802
2.04771
2.02904
2.0101
1.99317
1.97692
1.96473
3.70865
3.34876
3.05043
2.81563
2.63316
2.48771
2.35877
2.25454
2.14701
2.05051
1.9544
1.86647
1.77664
1.69701
1.62002
1.55585
1.50527
1.46834
1.44907
1.44529
1.45392
1.48042
1.53
1.5937
1.66767
1.74971
1.83443
1.92356
2.01162
2.0962
2.1757
2.24874
2.31573
2.37689
2.43321
2.48444
2.53174
2.57415
2.61284
2.64664
2.67717
2.70334
2.72693
2.74678
2.76414
2.77812
2.78941
2.79751
2.80404
2.8101
2.81306
2.81397
2.80992
2.80667
2.80008
2.79508
2.7862
2.77905
2.76777
2.75829
2.74491
2.73334
2.71842
2.70513
2.68906
2.67434
2.65732
2.64135
2.62355
2.60653
2.58808
2.57009
2.55108
2.53212
2.5126
2.49273
2.47267
2.45213
2.43152
2.41056
2.3894
2.36828
2.34652
2.32551
2.30356
2.28281
2.26071
2.24004
2.21791
2.19732
2.17535
2.15484
2.13326
2.11301
2.09211
2.07253
2.05283
2.03483
2.01764
2.00391
3.76339
3.45256
3.17695
2.94869
2.76342
2.61346
2.48509
2.37764
2.2766
2.18123
2.0905
2.00369
1.922
1.84431
1.77662
1.71622
1.67205
1.63934
1.62164
1.61526
1.63581
1.66864
1.71199
1.76415
1.82497
1.89199
1.95343
2.03155
2.11457
2.1979
2.276
2.34761
2.4114
2.46921
2.52047
2.56746
2.6094
2.64793
2.68239
2.71383
2.74157
2.76642
2.78784
2.80664
2.82229
2.83538
2.84566
2.85287
2.85845
2.86314
2.86629
2.86706
2.86386
2.85919
2.85329
2.84644
2.8386
2.82946
2.81967
2.80828
2.79669
2.78336
2.77017
2.75529
2.74067
2.72454
2.70865
2.69147
2.6744
2.65629
2.63812
2.61919
2.59999
2.58034
2.56017
2.53991
2.51886
2.49819
2.47636
2.45553
2.43306
2.4123
2.3897
2.36901
2.34602
2.32531
2.30221
2.28135
2.25836
2.23739
2.21474
2.19375
2.1716
2.15076
2.1293
2.10899
2.08864
2.06968
2.0517
2.03654
3.8001
3.52937
3.27652
3.05749
2.87392
2.72194
2.59337
2.48372
2.38415
2.29274
2.20471
2.12311
2.04698
1.97706
1.91894
1.87138
1.8434
1.81902
1.81242
1.82952
1.86113
1.88667
1.91468
1.94339
1.97266
2.00258
2.03964
2.08954
2.14697
2.22281
2.3036
2.38166
2.45101
2.51256
2.56579
2.61402
2.65759
2.69693
2.73334
2.76513
2.79473
2.8198
2.84319
2.8625
2.87996
2.89387
2.90566
2.91419
2.9205
2.92576
2.92984
2.93197
2.92992
2.92588
2.91991
2.91327
2.90496
2.89618
2.88563
2.87465
2.862
2.84902
2.83458
2.8199
2.8039
2.78773
2.77027
2.75281
2.73413
2.71561
2.69605
2.67662
2.65632
2.63609
2.61509
2.59418
2.57254
2.55119
2.52902
2.50755
2.48518
2.46374
2.44102
2.4195
2.39652
2.37482
2.35171
2.32978
2.30673
2.28459
2.26178
2.23955
2.21718
2.19506
2.17335
2.15168
2.13099
2.11051
2.092
2.0749
3.82596
3.58821
3.35699
3.14952
2.96954
2.81725
2.68794
2.57684
2.47868
2.38808
2.3062
2.22686
2.15854
2.09736
2.05351
2.02593
2.00509
2.00048
2.02634
2.07354
2.10041
2.11252
2.12658
2.12986
2.11546
2.11408
2.13464
2.16136
2.20133
2.25407
2.32433
2.40697
2.48587
2.55679
2.61807
2.67111
2.71673
2.75706
2.79251
2.8243
2.85267
2.87804
2.89962
2.91881
2.93442
2.94796
2.95778
2.96585
2.96962
2.97375
2.97573
2.97774
2.97539
2.97116
2.96362
2.95612
2.94623
2.93645
2.92475
2.91284
2.8993
2.88532
2.87004
2.85431
2.83765
2.82059
2.80283
2.78462
2.76591
2.74664
2.72704
2.70684
2.68642
2.66548
2.6443
2.62283
2.60101
2.57934
2.55725
2.53567
2.51325
2.49165
2.46885
2.44719
2.42413
2.40239
2.37924
2.35744
2.3344
2.31262
2.28984
2.26814
2.24574
2.22427
2.20238
2.18141
2.16036
2.14051
2.12149
2.10471
3.84498
3.63071
3.4208
3.22501
3.05157
2.90056
2.77086
2.65898
2.56077
2.47262
2.39271
2.32128
2.25782
2.21517
2.18916
2.17219
2.17024
2.19817
2.27862
2.33214
2.33806
2.34424
2.33995
2.30495
2.25738
2.22693
2.22254
2.2368
2.2588
2.29297
2.33822
2.39759
2.47165
2.54733
2.61662
2.67796
2.72943
2.77331
2.8104
2.84301
2.8712
2.89643
2.9184
2.93767
2.95385
2.9676
2.97809
2.98667
2.99159
2.99529
2.99765
2.99957
2.99882
2.99511
2.98843
2.98086
2.97126
2.96127
2.94952
2.93749
2.92387
2.91003
2.8947
2.87919
2.86232
2.84532
2.82713
2.80885
2.78952
2.77016
2.74978
2.72942
2.70801
2.68687
2.66457
2.64306
2.62045
2.59895
2.57599
2.55449
2.53117
2.50961
2.48597
2.46429
2.44049
2.41868
2.39489
2.37294
2.34929
2.32724
2.30388
2.28182
2.25889
2.23701
2.21468
2.19324
2.17181
2.15137
2.13199
2.11429
3.86471
3.66711
3.47284
3.28958
3.12243
2.97466
2.84566
2.73368
2.63587
2.54967
2.47383
2.40897
2.36049
2.33936
2.32536
2.32394
2.35431
2.45369
2.55164
2.57847
2.57994
2.57077
2.5338
2.46147
2.39555
2.34903
2.32185
2.31781
2.3285
2.34547
2.37336
2.41076
2.45822
2.521
2.59257
2.66267
2.72501
2.77834
2.82244
2.85904
2.88981
2.91594
2.93872
2.95826
2.97509
2.98941
3.00107
3.01024
3.01672
3.02056
3.02314
3.0253
3.02554
3.0234
3.01751
3.01021
3.00107
2.99105
2.97959
2.96748
2.95415
2.94025
2.9252
2.90962
2.89295
2.8758
2.85768
2.83913
2.81973
2.79999
2.77953
2.75885
2.7375
2.7161
2.69421
2.67252
2.65016
2.62833
2.60559
2.58358
2.5605
2.5383
2.51499
2.49258
2.46915
2.44656
2.42315
2.40045
2.37717
2.35441
2.33134
2.30859
2.28585
2.26325
2.24102
2.21881
2.19741
2.17611
2.15664
2.13789
3.88253
3.69929
3.51775
3.3446
3.18492
3.04068
2.91292
2.80178
2.70423
2.62128
2.55103
2.49559
2.4784
2.46429
2.46598
2.49775
2.59832
2.74157
2.81448
2.81448
2.8061
2.77593
2.69437
2.6072
2.53203
2.47504
2.43489
2.41138
2.40134
2.40926
2.42014
2.43698
2.46787
2.50367
2.55197
2.6175
2.68461
2.74761
2.80225
2.84817
2.88514
2.91547
2.94015
2.96084
2.97851
2.99326
3.00573
3.01591
3.02311
3.0284
3.03013
3.03239
3.03258
3.03207
3.02692
3.02043
3.01146
3.00184
2.99031
2.97836
2.96482
2.95085
2.93549
2.91962
2.90261
2.88505
2.8666
2.84763
2.82797
2.80786
2.78711
2.76606
2.74442
2.72294
2.70081
2.67914
2.65657
2.63475
2.61179
2.58983
2.56658
2.54451
2.52109
2.49892
2.47544
2.45323
2.42983
2.40766
2.38444
2.36235
2.33941
2.31743
2.29484
2.27305
2.25093
2.22951
2.20813
2.18756
2.16804
2.14985
3.90267
3.7314
3.56011
3.39494
3.24114
3.10144
2.97611
2.8664
2.77178
2.69268
2.63085
2.60519
2.59585
2.59903
2.63254
2.72928
2.90163
3.02205
3.03468
3.0292
3.00382
2.93584
2.83337
2.74146
2.66431
2.60258
2.55358
2.51711
2.49109
2.47734
2.47315
2.4808
2.49134
2.51233
2.53827
2.57622
2.63137
2.69383
2.75679
2.81352
2.86203
2.90112
2.9321
2.95674
2.97656
2.99295
3.00654
3.01779
3.02658
3.03318
3.03659
3.03882
3.03982
3.04024
3.03776
3.03249
3.02451
3.0156
3.0047
2.99319
2.97999
2.9663
2.95117
2.93562
2.9188
2.90158
2.88322
2.86454
2.84481
2.82486
2.80386
2.78296
2.76118
2.7398
2.71748
2.69577
2.67296
2.651
2.62782
2.60564
2.58221
2.55984
2.53627
2.51375
2.49016
2.46756
2.44404
2.42143
2.39806
2.3755
2.35239
2.32993
2.30718
2.28493
2.26271
2.24085
2.21947
2.19843
2.17897
2.16028
3.92297
3.76077
3.60017
3.44402
3.29555
3.16015
3.03758
2.93035
2.84069
2.76837
2.73414
2.72481
2.72897
2.76132
2.85095
3.04228
3.19824
3.24391
3.2385
3.21669
3.16029
3.05718
2.95578
2.86791
2.79268
2.72858
2.67381
2.62736
2.58957
2.55977
2.53982
2.52699
2.52885
2.53548
2.54695
2.56692
2.5935
2.63671
2.69269
2.75331
2.81076
2.86153
2.90345
2.93699
2.96286
2.98329
2.99933
3.01218
3.02232
3.03035
3.0354
3.03819
3.03943
3.04038
3.03942
3.03623
3.02929
3.021
3.01067
2.99946
2.98656
2.97291
2.95792
2.94222
2.92547
2.90803
2.88974
2.87083
2.85116
2.83093
2.81009
2.78919
2.76756
2.74618
2.72388
2.70213
2.67928
2.65724
2.63404
2.61179
2.58843
2.56604
2.54268
2.5202
2.49693
2.47443
2.45129
2.42884
2.40588
2.38353
2.36078
2.33859
2.31615
2.2942
2.27225
2.25076
2.22964
2.20909
2.18989
2.17185
3.95057
3.79172
3.63742
3.48966
3.34727
3.21663
3.09881
2.99778
2.91519
2.86686
2.85716
2.86113
2.88928
2.97268
3.17115
3.35341
3.42972
3.42611
3.41007
3.36674
3.26775
3.16452
3.07157
2.98919
2.91697
2.85103
2.79216
2.73825
2.69127
2.65032
2.61744
2.59117
2.57511
2.56429
2.56973
2.57565
2.5873
2.60766
2.63855
2.68767
2.74274
2.79928
2.85231
2.89794
2.93489
2.96358
2.98526
3.00186
3.01417
3.02357
3.03023
3.03481
3.03614
3.03772
3.03781
3.03704
3.0323
3.02532
3.0159
3.00538
2.99289
2.97959
2.96473
2.94923
2.93248
2.9152
2.89686
2.87807
2.85821
2.8382
2.8173
2.79654
2.77486
2.75357
2.7312
2.7095
2.68662
2.66461
2.64137
2.61909
2.59563
2.57311
2.5496
2.52697
2.50357
2.48096
2.45777
2.43529
2.41235
2.39005
2.36739
2.3453
2.32298
2.30119
2.2794
2.25812
2.23726
2.21704
2.1982
2.18082
3.98402
3.83014
3.67969
3.53744
3.40136
3.27603
3.16393
3.07336
3.00763
2.99704
2.99873
3.02397
3.10121
3.29498
3.49427
3.59828
3.5956
3.58339
3.54891
3.464
3.36132
3.26673
3.18337
3.10663
3.03633
2.96895
2.90659
2.84724
2.79372
2.74471
2.70232
2.6657
2.63615
2.61325
2.59909
2.59365
2.59922
2.6046
2.61707
2.64
2.67634
2.72612
2.78121
2.83577
2.8851
2.92626
2.95859
2.98257
3.00021
3.01251
3.02131
3.02758
3.03044
3.03221
3.03284
3.0331
3.0309
3.02558
3.01736
3.00776
2.99607
2.98334
2.96899
2.95377
2.93729
2.92009
2.90182
2.88294
2.86313
2.84317
2.82231
2.80163
2.77988
2.75864
2.73614
2.71446
2.69145
2.66943
2.64616
2.6239
2.60056
2.5781
2.55483
2.53224
2.5091
2.48649
2.46352
2.44102
2.41826
2.39596
2.3735
2.3515
2.32945
2.30786
2.28645
2.26555
2.24523
2.22569
2.20749
2.19149
4.02647
3.87132
3.72602
3.58694
3.45753
3.33958
3.23948
3.16185
3.14613
3.14457
3.16617
3.24049
3.42792
3.63409
3.75137
3.7594
3.74901
3.71608
3.63754
3.54029
3.45035
3.36863
3.29333
3.22036
3.1504
3.08208
3.01655
2.95419
2.89542
2.84117
2.79152
2.74679
2.70754
2.6741
2.64734
2.62765
2.61635
2.61588
2.62017
2.62605
2.63971
2.66654
2.70878
2.75907
2.81315
2.86473
2.91004
2.94636
2.97394
2.99353
3.00691
3.01594
3.02134
3.02395
3.02515
3.02615
3.02542
3.02272
3.01601
3.00758
2.9969
2.98492
2.97117
2.95638
2.94023
2.9233
2.90517
2.88648
2.86681
2.847
2.82617
2.80555
2.78377
2.76256
2.74008
2.71843
2.69547
2.67348
2.65023
2.62795
2.60462
2.58214
2.55891
2.53634
2.51334
2.49078
2.46805
2.44561
2.42315
2.40093
2.37883
2.35696
2.33535
2.31405
2.29324
2.27288
2.25341
2.23489
2.21772
2.20388
4.08764
3.92147
3.77647
3.6425
3.5181
3.413
3.3279
3.30099
3.29769
3.31739
3.38955
3.57453
3.7834
3.9061
3.9204
3.91017
3.87756
3.79983
3.7049
3.61972
3.5428
3.47066
3.39958
3.3297
3.25961
3.191
3.12318
3.05868
2.99614
2.93824
2.88273
2.83221
2.78545
2.74398
2.70774
2.67746
2.6541
2.63662
2.63193
2.62977
2.63342
2.64071
2.65608
2.68786
2.73308
2.78508
2.83822
2.88712
2.92853
2.96043
2.98336
2.99867
3.00819
3.0136
3.01495
3.01633
3.01633
3.01541
3.01074
3.00383
2.99455
2.98373
2.97098
2.95691
2.94137
2.92477
2.9069
2.88842
2.86895
2.84929
2.82858
2.80806
2.78634
2.76516
2.74267
2.72104
2.69806
2.67611
2.65291
2.63071
2.6075
2.58512
2.56208
2.53958
2.51684
2.49432
2.47191
2.44951
2.42745
2.40532
2.38368
2.36202
2.34099
2.32009
2.30008
2.28053
2.26226
2.2454
2.22985
2.21927
4.15312
3.97901
3.8318
3.70331
3.59178
3.50105
3.46612
3.46052
3.47843
3.54983
3.73598
3.94717
4.07116
4.08446
4.07309
4.03834
3.95568
3.86283
3.77898
3.70588
3.63772
3.57083
3.50278
3.43425
3.36433
3.29541
3.22663
3.1604
3.09547
3.034
2.97446
2.91953
2.86733
2.82018
2.77678
2.73841
2.70505
2.67742
2.65629
2.64458
2.63869
2.63728
2.64115
2.65061
2.66906
2.70657
2.7531
2.80595
2.85782
2.90383
2.94073
2.9681
2.98639
2.99752
3.0028
3.0045
3.00498
3.00502
3.00257
2.99727
2.9893
2.9798
2.96814
2.95504
2.94015
2.92397
2.90647
2.88825
2.86905
2.84955
2.82907
2.80867
2.78711
2.76606
2.74367
2.72217
2.69928
2.67745
2.65438
2.63225
2.60927
2.58687
2.56414
2.5416
2.51919
2.49673
2.47465
2.45247
2.43075
2.40901
2.38782
2.36671
2.34636
2.3263
2.30736
2.28921
2.27271
2.25842
2.24535
2.23766
4.24361
4.05329
3.89663
3.77327
3.67865
3.63939
3.63197
3.64854
3.7223
3.91716
4.12969
4.25065
4.25903
4.24571
4.20634
4.11458
4.01894
3.93598
3.8643
3.79877
3.73507
3.67018
3.60386
3.53544
3.46605
3.39631
3.32708
3.25919
3.19289
3.12884
3.06714
3.00861
2.95262
2.90058
2.85159
2.80675
2.76571
2.72978
2.69892
2.6739
2.656
2.64814
2.63957
2.63972
2.64443
2.65605
2.679
2.72148
2.76984
2.82185
2.8716
2.91373
2.94652
2.96906
2.98277
2.98954
2.99064
2.99145
2.99059
2.98774
2.98142
2.97303
2.96259
2.95044
2.9365
2.92104
2.90417
2.88642
2.86753
2.84839
2.82803
2.80792
2.78641
2.76556
2.74329
2.72191
2.69931
2.67753
2.65484
2.63278
2.61015
2.58794
2.56549
2.54324
2.52106
2.49886
2.4771
2.45505
2.43388
2.41226
2.39183
2.37121
2.35187
2.33296
2.31564
2.29958
2.28623
2.2748
2.2644
2.26151
4.30168
4.13648
3.97885
3.86244
3.81698
3.80978
3.82687
3.90581
4.11737
4.33514
4.45443
4.44978
4.43211
4.38442
4.27713
4.17639
4.09097
4.01996
3.95667
3.89562
3.83383
3.76929
3.70311
3.63438
3.56521
3.49502
3.42573
3.35675
3.28961
3.22332
3.16007
3.09783
3.03949
2.98276
2.92982
2.87965
2.83362
2.79064
2.75243
2.71839
2.69021
2.6673
2.65362
2.64369
2.6351
2.63936
2.64557
2.65909
2.68591
2.72987
2.77985
2.83157
2.87893
2.91773
2.94592
2.96342
2.97288
2.97448
2.97467
2.97385
2.97014
2.9628
2.95312
2.94179
2.92888
2.91439
2.89859
2.88159
2.8635
2.84472
2.82496
2.80501
2.78398
2.76328
2.74129
2.72018
2.6976
2.67624
2.6535
2.63183
2.60933
2.58725
2.56529
2.54287
2.52163
2.49912
2.47859
2.45648
2.43649
2.41532
2.39617
2.37636
2.35884
2.34145
2.32673
2.31419
2.30384
2.29564
2.29087
2.29232
4.32063
4.22856
4.07727
4.00789
3.99555
4.01342
4.10044
4.33864
4.56579
4.67508
4.66454
4.63617
4.56834
4.4517
4.34097
4.25176
4.17876
4.11556
4.05585
3.99556
3.93374
3.86889
3.80238
3.73356
3.66409
3.59369
3.52372
3.45396
3.38541
3.31791
3.25241
3.1881
3.12705
3.06681
3.01108
2.95623
2.90611
2.85758
2.8139
2.77282
2.73675
2.70475
2.67818
2.65921
2.64506
2.63421
2.62829
2.63199
2.64039
2.65674
2.69022
2.73447
2.7858
2.83587
2.87968
2.91382
2.93685
2.94995
2.95349
2.95391
2.95264
2.94903
2.94054
2.93016
2.91805
2.90479
2.89007
2.87416
2.85682
2.83889
2.81943
2.80016
2.77914
2.75901
2.73703
2.71634
2.69396
2.67281
2.65048
2.629
2.60697
2.58537
2.56375
2.54221
2.52099
2.49978
2.47897
2.45838
2.43837
2.41873
2.40026
2.38241
2.36665
2.35229
2.34165
2.33239
2.3263
2.32481
2.32594
2.33465
4.33782
4.30539
4.22958
4.20896
4.22529
4.31768
4.58112
4.8208
4.92506
4.90962
4.86697
4.76878
4.6367
4.51737
4.41993
4.34284
4.27809
4.21787
4.15915
4.09763
4.03451
3.96817
3.90015
3.83052
3.75994
3.68938
3.6185
3.54861
3.47875
3.41059
3.34298
3.27769
3.21355
3.15208
3.09236
3.03534
2.98079
2.92876
2.87997
2.83384
2.79113
2.75248
2.7172
2.68766
2.66254
2.64665
2.63039
2.61849
2.61702
2.6209
2.63049
2.64903
2.68897
2.73421
2.78475
2.83275
2.87297
2.90243
2.92006
2.92763
2.92786
2.92679
2.92332
2.91469
2.90361
2.89097
2.87702
2.8622
2.84582
2.82899
2.81039
2.79189
2.7717
2.75198
2.73086
2.7103
2.68877
2.6677
2.64603
2.62475
2.60312
2.58198
2.56058
2.53992
2.51887
2.49892
2.47851
2.45939
2.44026
2.42255
2.40562
2.39071
2.37785
2.36873
2.3601
2.3582
2.35784
2.35933
2.3688
2.39998
4.36203
4.38005
4.39134
4.44844
4.59875
4.88045
5.11298
5.1927
5.17353
5.11505
4.98281
4.83378
4.70436
4.59905
4.51586
4.4458
4.38428
4.32383
4.26329
4.20017
4.13493
4.06816
3.99906
3.92991
3.85843
3.78831
3.71579
3.6458
3.57345
3.50506
3.43441
3.3688
3.3013
3.23892
3.17559
3.11676
3.05801
3.00331
2.94963
2.89962
2.85173
2.80746
2.7658
2.72871
2.69496
2.66612
2.64459
2.62553
2.61016
2.59794
2.60055
2.60568
2.61649
2.63849
2.67877
2.72577
2.7755
2.8206
2.85655
2.8802
2.89366
2.89476
2.89418
2.89143
2.88487
2.8729
2.85968
2.84501
2.82992
2.81352
2.79641
2.7783
2.75957
2.74019
2.72038
2.70013
2.67971
2.65909
2.6384
2.61778
2.59701
2.57666
2.55602
2.53629
2.51608
2.49719
2.47798
2.46032
2.44291
2.42745
2.41342
2.40252
2.39445
2.38911
2.388
2.38822
2.395
2.40969
2.43179
2.49669
4.35687
4.51095
4.65607
4.90849
5.23361
5.45762
5.49467
5.46472
5.38559
5.20744
5.04086
4.89898
4.78864
4.70054
4.62703
4.56085
4.49754
4.43465
4.37026
4.30466
4.23716
4.16849
4.09833
4.02773
3.95614
3.88454
3.81222
3.74057
3.66851
3.59778
3.52716
3.45811
3.39006
3.32355
3.25906
3.19588
3.13553
3.0765
3.02062
2.9664
2.91514
2.86596
2.81984
2.77615
2.73622
2.69919
2.66724
2.63966
2.61822
2.59676
2.58163
2.57273
2.57443
2.58014
2.59267
2.62061
2.66115
2.7092
2.75637
2.7976
2.82816
2.84683
2.85345
2.85313
2.85111
2.84608
2.83467
2.82146
2.80704
2.79147
2.77545
2.75823
2.74096
2.72235
2.70406
2.68452
2.66559
2.64558
2.62649
2.6063
2.58723
2.5673
2.54839
2.52923
2.51094
2.49304
2.47606
2.46028
2.44591
2.43357
2.42531
2.4184
2.41703
2.41656
2.41985
2.42853
2.45189
2.49224
2.52713
2.6127
4.22172
4.73327
5.16678
5.61708
5.8553
5.84349
5.79068
5.66294
5.45253
5.26132
5.10659
4.98776
4.89449
4.81775
4.74656
4.6796
4.61221
4.54523
4.47694
4.40781
4.338
4.26722
4.19613
4.12434
4.05226
3.97957
3.90678
3.83357
3.76079
3.68777
3.61575
3.54429
3.47457
3.40608
3.33972
3.27471
3.21209
3.15058
3.09134
3.03377
2.97834
2.92531
2.8743
2.82623
2.78046
2.73772
2.69824
2.66196
2.63057
2.6044
2.57962
2.55788
2.5416
2.53787
2.53959
2.54545
2.55905
2.59177
2.63302
2.68041
2.72532
2.76264
2.78725
2.80251
2.80264
2.80175
2.79852
2.79067
2.77756
2.76297
2.74777
2.73176
2.71574
2.69839
2.68151
2.66321
2.64583
2.62699
2.60947
2.5906
2.57312
2.55473
2.53754
2.52008
2.50378
2.48811
2.47374
2.46131
2.45079
2.44497
2.44154
2.44093
2.4429
2.44914
2.46674
2.49695
2.53943
2.59791
2.64489
2.73143
3.81909
5.17781
5.99025
6.25265
6.23227
6.13768
5.92644
5.69596
5.4886
5.31851
5.18957
5.09196
5.0114
4.93893
4.86844
4.79804
4.72736
4.65568
4.58413
4.51165
4.43954
4.36697
4.29424
4.22155
4.14802
4.07447
4.00033
3.92616
3.8519
3.77796
3.70468
3.63169
3.55991
3.4887
3.4192
3.35084
3.28457
3.22009
3.15775
3.0973
3.03854
2.98222
2.92731
2.87518
2.82466
2.77681
2.73136
2.68848
2.64915
2.61262
2.5822
2.55417
2.52771
2.50791
2.49213
2.49177
2.49326
2.49935
2.51684
2.55212
2.59619
2.64219
2.68381
2.71622
2.73599
2.74326
2.74333
2.74194
2.73626
2.72517
2.71089
2.69732
2.68156
2.6672
2.65097
2.63578
2.61925
2.6033
2.58678
2.57052
2.55435
2.53831
2.52295
2.50795
2.49425
2.48168
2.47127
2.46369
2.46043
2.45993
2.461
2.46558
2.47877
2.50327
2.54263
2.59295
2.65093
2.71613
2.76399
2.83306
3.05049
5.6068
6.58335
6.59374
6.47312
6.17825
5.91953
5.6922
5.51846
5.38177
5.28441
5.20558
5.13246
5.06016
4.9863
4.91128
4.83612
4.76089
4.6863
4.61154
4.53711
4.4624
4.38725
4.31188
4.23614
4.16045
4.08473
4.00897
3.93363
3.85799
3.78312
3.70819
3.63446
3.5612
3.48954
3.41914
3.35029
3.28355
3.21775
3.15493
3.09268
3.0336
2.97515
2.91952
2.86518
2.81299
2.76303
2.71482
2.66961
2.62657
2.58697
2.55156
2.51897
2.48869
2.46244
2.44218
2.43289
2.43211
2.43425
2.44384
2.46691
2.50491
2.54938
2.5941
2.63159
2.65762
2.67278
2.67472
2.67498
2.67273
2.66598
2.65391
2.64047
2.6268
2.61293
2.59914
2.58519
2.57115
2.55719
2.54305
2.52952
2.51593
2.5036
2.49185
2.48196
2.47409
2.46974
2.46984
2.47095
2.47501
2.48552
2.50555
2.53938
2.58531
2.64309
2.70621
2.76788
2.82473
2.86074
2.90432
2.89422
5.61054
6.46101
6.47824
6.30892
6.03888
5.80714
5.64828
5.52043
5.43473
5.36417
5.29698
5.22695
5.15389
5.07794
5.00063
4.92339
4.84629
4.77004
4.69372
4.61776
4.5413
4.46476
4.38794
4.31112
4.23413
4.15728
4.08004
4.00341
3.92606
3.84977
3.77301
3.69752
3.62249
3.54867
3.47635
3.40491
3.33585
3.2673
3.20169
3.13642
3.07419
3.01248
2.95342
2.89562
2.83943
2.78582
2.73282
2.68324
2.63459
2.58937
2.54642
2.50778
2.47227
2.43931
2.40908
2.38647
2.36788
2.36468
2.36383
2.36641
2.37863
2.40837
2.4491
2.49391
2.53527
2.56761
2.58756
2.59729
2.59873
2.59938
2.59655
2.58755
2.57676
2.56518
2.55326
2.54191
2.53046
2.51957
2.50871
2.49838
2.48885
2.4802
2.47406
2.4687
2.47003
2.47176
2.47576
2.48425
2.50063
2.53009
2.57152
2.62673
2.68871
2.75497
2.81577
2.866
2.90417
2.92278
2.94588
2.8059
5.51559
6.14822
6.13456
5.95762
5.75932
5.63837
5.55256
5.49796
5.45132
5.39869
5.33921
5.27202
5.19976
5.12432
5.04815
4.97198
4.89583
4.81989
4.74313
4.66697
4.58913
4.51253
4.43433
4.35736
4.27968
4.2021
4.12454
4.0465
3.96893
3.89104
3.81407
3.73696
3.66152
3.58593
3.51274
3.43933
3.36887
3.29801
3.23072
3.16262
3.09874
3.03371
2.97313
2.91161
2.85385
2.79634
2.74107
2.68758
2.63569
2.586
2.53915
2.49398
2.45381
2.41536
2.38086
2.34737
2.32134
2.29973
2.28798
2.285
2.28457
2.2915
2.30968
2.34459
2.38796
2.43074
2.46752
2.49329
2.50992
2.51531
2.51797
2.5188
2.51572
2.50818
2.49942
2.49091
2.48231
2.47466
2.46738
2.461
2.45652
2.45281
2.4543
2.45733
2.46244
2.47088
2.48642
2.51067
2.54895
2.59968
2.66208
2.72882
2.79565
2.85278
2.89895
2.92876
2.94918
2.9537
2.96509
2.75975
5.43683
5.90645
5.83876
5.64615
5.53224
5.47654
5.4559
5.43926
5.4124
5.36965
5.31769
5.25662
5.19145
5.12177
5.0496
4.97618
4.90062
4.82646
4.74904
4.6744
4.59595
4.5205
4.44222
4.36569
4.2885
4.21052
4.13382
4.05511
3.97842
3.90029
3.82377
3.74707
3.67132
3.59622
3.5219
3.44858
3.37646
3.30527
3.23634
3.16759
3.10254
3.03655
2.97518
2.9122
2.85358
2.7939
2.73718
2.68123
2.62666
2.57465
2.52369
2.47576
2.42989
2.38733
2.34741
2.31051
2.27468
2.24576
2.22107
2.20264
2.19724
2.19575
2.19664
2.20873
2.23584
2.27694
2.3194
2.3597
2.3905
2.41211
2.42528
2.43044
2.43462
2.43737
2.43504
2.43127
2.42691
2.42304
2.42069
2.41886
2.4218
2.42572
2.43239
2.44155
2.45638
2.47788
2.51207
2.55881
2.61901
2.68593
2.75657
2.82076
2.87509
2.91406
2.94034
2.95401
2.96011
2.96057
2.96587
2.73078
5.39057
5.81506
5.7038
5.50569
5.41446
5.38893
5.37944
5.3636
5.33494
5.29451
5.24486
5.18979
5.12668
5.06154
4.98879
4.91779
4.84196
4.76983
4.6947
4.62234
4.5479
4.4733
4.3977
4.32007
4.2442
4.16539
4.08974
4.0123
3.93678
3.86193
3.78632
3.71353
3.63831
3.56684
3.49309
3.42328
3.35189
3.28455
3.21605
3.15141
3.08589
3.02342
2.96034
2.89949
2.83801
2.77904
2.71884
2.66255
2.60446
2.55148
2.49673
2.44724
2.39711
2.35128
2.30684
2.26604
2.22697
2.19082
2.15944
2.13307
2.1123
2.10352
2.10061
2.09928
2.10765
2.12751
2.16446
2.20692
2.24985
2.28471
2.31301
2.3307
2.34346
2.35039
2.35708
2.36224
2.36314
2.36541
2.36833
2.37644
2.38341
2.39546
2.41144
2.43135
2.46227
2.50427
2.56184
2.62749
2.70038
2.76967
2.83261
2.88024
2.91557
2.93648
2.94835
2.95294
2.95339
2.95355
2.95588
2.71151
5.35169
5.78818
5.6565
5.44639
5.35243
5.32606
5.31165
5.2865
5.25064
5.20456
5.15137
5.09393
5.03027
4.9654
4.89655
4.82778
4.75793
4.68694
4.61576
4.54194
4.46784
4.39084
4.3143
4.23538
4.15881
4.08212
4.00747
3.93397
3.86121
3.7905
3.71951
3.6506
3.58177
3.51397
3.44785
3.38104
3.31746
3.25176
3.18958
3.12491
3.06259
2.99884
2.93551
2.87296
2.8094
2.74869
2.68674
2.6286
2.56992
2.51449
2.46016
2.40728
2.35761
2.30795
2.26281
2.21773
2.17833
2.13784
2.10397
2.07132
2.04577
2.02538
2.01325
2.01073
2.01178
2.01925
2.03581
2.07201
2.11461
2.15987
2.19929
2.23279
2.25627
2.27338
2.28602
2.29628
2.30486
2.31301
2.32322
2.33375
2.35306
2.37235
2.39898
2.4376
2.48922
2.55398
2.6256
2.70016
2.76912
2.8268
2.87089
2.89992
2.91881
2.9275
2.93149
2.93138
2.93071
2.92949
2.93077
2.701
5.31404
5.78471
5.6419
5.41873
5.32021
5.28986
5.26849
5.23256
5.18555
5.13122
5.07321
5.01284
4.95052
4.88548
4.81983
4.74955
4.67995
4.60472
4.53093
4.45298
4.37657
4.29902
4.22248
4.1474
4.07312
4.00181
3.93123
3.86354
3.79625
3.73105
3.66606
3.60228
3.53878
3.47569
3.41278
3.34954
3.28619
3.22185
3.15741
3.09164
3.02643
2.96013
2.89551
2.83045
2.76806
2.70571
2.64652
2.58763
2.5316
2.47601
2.42312
2.37037
2.32063
2.27092
2.22479
2.17944
2.13728
2.09816
2.05994
2.02819
1.99646
1.97472
1.95438
1.94635
1.94725
1.95116
1.95944
1.97664
2.0103
2.05372
2.09919
2.14147
2.17722
2.20564
2.2265
2.24394
2.25904
2.27329
2.29138
2.31279
2.33681
2.36893
2.41439
2.47058
2.53972
2.61296
2.68621
2.75075
2.80246
2.84013
2.86417
2.8792
2.88599
2.88909
2.88815
2.88688
2.88385
2.88195
2.88063
2.69912
5.27975
5.79219
5.6418
5.40775
5.30493
5.27525
5.2506
5.20886
5.15279
5.09263
5.03148
4.97085
4.90722
4.84093
4.7697
4.69585
4.61826
4.54015
4.46037
4.38227
4.30443
4.22942
4.15589
4.08512
4.01584
3.94903
3.88363
3.8197
3.757
3.69421
3.63248
3.56957
3.50703
3.44306
3.37863
3.31315
3.24686
3.18026
3.11338
3.04692
2.98118
2.91651
2.85314
2.79125
2.73061
2.67145
2.61331
2.55632
2.50036
2.44536
2.39151
2.33865
2.28769
2.23801
2.19097
2.146
2.1035
2.06504
2.02828
1.9971
1.96724
1.94351
1.92343
1.90799
1.90102
1.90322
1.90951
1.91701
1.93228
1.96208
2.00536
2.05148
2.09637
2.13538
2.16703
2.19412
2.21741
2.24039
2.2672
2.29698
2.33278
2.38214
2.4416
2.5115
2.58274
2.65287
2.71097
2.75799
2.78925
2.81169
2.82258
2.83009
2.83193
2.83183
2.82926
2.82516
2.82122
2.81762
2.81331
2.7045
5.24997
5.80285
5.64543
5.4011
5.29634
5.26944
5.24474
5.20093
5.14352
5.08174
5.01927
4.95635
4.8911
4.8217
4.74748
4.66855
4.58719
4.50398
4.4221
4.34135
4.2643
4.1897
4.11923
4.05084
3.98542
3.92115
3.85836
3.79609
3.7334
3.67099
3.60659
3.54269
3.47611
3.41071
3.3426
3.27694
3.20867
3.1442
3.07723
3.01473
2.95002
2.88931
2.82701
2.76761
2.70726
2.649
2.59029
2.53333
2.4765
2.42146
2.3673
2.31532
2.26473
2.21689
2.17064
2.12782
2.08683
2.04942
2.01454
1.98241
1.95345
1.92698
1.90477
1.88529
1.87145
1.86213
1.86524
1.86826
1.8745
1.88771
1.91396
1.95528
2.00106
2.04895
2.09214
2.13204
2.16759
2.20359
2.24161
2.28539
2.33949
2.40334
2.47308
2.54501
2.61003
2.66481
2.70588
2.73539
2.75298
2.76445
2.77022
2.77222
2.77187
2.77033
2.7661
2.76208
2.75729
2.75259
2.75275
2.71199
5.23377
5.80127
5.64683
5.39965
5.29153
5.26491
5.24205
5.19828
5.14183
5.08221
5.02083
4.95678
4.88923
4.81821
4.74272
4.66303
4.57897
4.49372
4.40804
4.32586
4.24702
4.17317
4.1035
4.03685
3.97301
3.90954
3.84726
3.78375
3.72032
3.6552
3.58985
3.52303
3.45666
3.38901
3.32309
3.25582
3.19131
3.12556
3.06268
2.99903
2.93764
2.87598
2.81593
2.75582
2.697
2.63819
2.58059
2.52326
2.46743
2.4121
2.35902
2.30663
2.25717
2.20879
2.16369
2.12008
2.07986
2.04136
2.00614
1.97269
1.94219
1.91383
1.88828
1.86575
1.84668
1.83153
1.82319
1.82483
1.82744
1.83377
1.84709
1.87367
1.91576
1.96553
2.01912
2.07179
2.12387
2.17707
2.23189
2.29459
2.36363
2.43702
2.50835
2.57137
2.62285
2.66114
2.68708
2.70446
2.71498
2.7208
2.72302
2.72437
2.7234
2.72083
2.71709
2.71466
2.71293
2.71138
2.71441
2.72136
5.22499
5.79355
5.64519
5.39807
5.28817
5.26092
5.23853
5.1966
5.14218
5.08413
5.02494
4.96129
4.89274
4.82036
4.7447
4.66502
4.58082
4.49423
4.40674
4.32296
4.24288
4.16932
4.09984
4.03451
3.97119
3.908
3.84552
3.78067
3.71668
3.64976
3.58437
3.51655
3.45082
3.3831
3.3182
3.25108
3.18778
3.12176
3.06021
2.99591
2.93574
2.87358
2.81428
2.75416
2.69537
2.63703
2.57878
2.52228
2.46518
2.41097
2.35624
2.30506
2.25395
2.20672
2.15997
2.11733
2.0753
2.03737
2.00011
1.96671
1.93415
1.90508
1.87722
1.85313
1.83033
1.81348
1.79733
1.79298
1.794
1.79748
1.80508
1.82078
1.85194
1.89879
1.9562
2.02108
2.09078
2.16325
2.24059
2.32072
2.40077
2.47565
2.53961
2.59044
2.62792
2.65347
2.67048
2.68161
2.68809
2.69163
2.69323
2.69431
2.6923
2.69015
2.68775
2.68667
2.68568
2.68417
2.68933
2.72921
5.22107
5.78329
5.64246
5.39676
5.28519
5.25708
5.23504
5.19492
5.14284
5.08616
5.02845
4.96526
4.89649
4.82299
4.74736
4.66739
4.58354
4.49596
4.4078
4.32312
4.24262
4.16948
4.1002
4.03599
3.97283
3.9103
3.84749
3.78234
3.71771
3.65024
3.58452
3.51674
3.4511
3.38412
3.31931
3.25309
3.1897
3.1242
3.06255
2.99831
2.93822
2.87586
2.81678
2.75637
2.69785
2.6391
2.58106
2.52407
2.46699
2.41235
2.35744
2.3059
2.2546
2.20693
2.16007
2.11696
2.07468
2.03632
1.99853
1.9647
1.93133
1.90149
1.87276
1.84687
1.82358
1.80246
1.78678
1.7727
1.77377
1.77562
1.78057
1.7911
1.81201
1.85322
1.91034
1.98299
2.06821
2.16169
2.25887
2.35282
2.43751
2.50785
2.56194
2.6016
2.62922
2.64767
2.66019
2.66855
2.67351
2.67602
2.67736
2.67778
2.67606
2.6738
2.67143
2.67046
2.66951
2.66792
2.67342
2.73503
5.21944
5.77615
5.64066
5.39644
5.28366
5.25499
5.23351
5.19471
5.14376
5.08781
5.03037
4.96765
4.89902
4.82491
4.74905
4.66873
4.58494
4.49675
4.4084
4.32334
4.24297
4.17013
4.10114
4.03753
3.9745
3.91238
3.84936
3.7843
3.71931
3.65177
3.58581
3.51817
3.45245
3.38597
3.32102
3.25547
3.19173
3.12678
3.06466
3.00073
2.94026
2.87801
2.81873
2.75825
2.69974
2.64066
2.58287
2.52525
2.46856
2.41316
2.35865
2.30633
2.25544
2.20696
2.16056
2.1166
2.07476
2.03561
1.99803
1.96354
1.93007
1.89972
1.87061
1.84408
1.82016
1.79787
1.78139
1.76462
1.76278
1.76394
1.76799
1.77683
1.79467
1.83054
1.88605
1.96266
2.05817
2.16641
2.27677
2.3777
2.46203
2.52703
2.5743
2.60774
2.63073
2.64614
2.65676
2.66397
2.66832
2.67038
2.67142
2.67153
2.66993
2.66724
2.66475
2.6637
2.66269
2.6609
2.6662
)
;

boundaryField
{
    inlet
    {
        type            calculated;
        value           uniform 1.40001;
    }
    outlet
    {
        type            calculated;
        value           nonuniform List<scalar> 
40
(
1.71059
1.78794
1.83987
1.91777
1.95983
1.99891
2.03145
2.06973
2.09946
2.109
2.13254
2.14446
2.15485
2.16636
2.17527
2.18585
2.19811
2.21337
2.23156
2.25513
2.28564
2.32741
2.39179
2.48759
2.60304
2.72168
2.82362
2.89531
2.93713
2.95639
2.95715
2.94711
2.92205
2.87206
2.80497
2.74463
2.70648
2.68147
2.66561
2.65843
)
;
    }
    bottom
    {
        type            symmetryPlane;
    }
    top
    {
        type            symmetryPlane;
    }
    obstacle
    {
        type            calculated;
        value           nonuniform List<scalar> 
110
(
5.99498
5.99579
5.98381
5.95799
5.92396
5.87535
5.8065
5.70587
5.54697
5.29196
2.23018
1.72602
2.07944
1.99331
1.8489
1.82483
1.81166
1.7887
1.75394
1.72
1.69189
1.6643
1.63391
1.60377
1.57607
1.54879
1.52238
1.51178
1.50805
1.50749
1.51528
1.53952
1.57906
1.63015
1.68709
1.74663
1.80417
1.86136
1.9135
1.96495
2.00996
2.05366
2.09203
2.12848
2.16161
2.19321
2.22158
2.24742
2.27066
2.29112
2.30896
2.32424
2.33927
2.35189
2.36284
2.36956
2.37649
2.38069
2.38398
2.38493
2.38448
2.38276
2.37961
2.37545
2.37
2.36387
2.3567
2.34891
2.34011
2.33075
2.32055
2.30977
2.29857
2.2866
2.27453
2.2615
2.2485
2.23467
2.22057
2.20621
2.1912
2.1762
2.16071
2.14481
2.12901
2.11231
2.09605
2.07887
2.06207
2.04453
2.02737
2.00944
1.99207
1.97388
1.95629
1.93812
1.92022
1.90236
1.8842
1.86671
1.84858
1.83137
1.81373
1.79684
1.78011
1.76406
1.74889
1.73494
1.72299
1.71486
)
;
    }
    defaultFaces
    {
        type            empty;
    }
}


// ************************************************************************* //
