/*--------------------------------*- C++ -*----------------------------------*\
  =========                 |
  \\      /  F ield         | OpenFOAM: The Open Source CFD Toolbox
   \\    /   O peration     | Website:  https://openfoam.org
    \\  /    A nd           | Version:  10
     \\/     M anipulation  |
\*---------------------------------------------------------------------------*/
FoamFile
{
    format      ascii;
    class       volScalarField;
    location    "5.5";
    object      Ma;
}
// * * * * * * * * * * * * * * * * * * * * * * * * * * * * * * * * * * * * * //

dimensions      [0 0 0 0 0 0 0];

internalField   nonuniform List<scalar> 
5250
(
3
2.99997
2.9999
2.99978
2.99935
2.99859
2.99604
2.99126
2.97637
2.94504
2.85817
2.65297
2.17093
1.28519
0.531342
0.267488
0.323065
0.338192
0.304588
0.249364
0.198336
0.157508
0.117077
0.0725889
0.0397145
3
2.99997
2.99992
2.99975
2.99944
2.99841
2.99656
2.99041
2.97857
2.94301
2.8642
2.65481
2.18429
1.30241
0.540245
0.268393
0.325291
0.341231
0.307868
0.253476
0.203666
0.164171
0.125824
0.0862728
0.0623002
3
2.99997
2.99992
2.99976
2.99947
2.99847
2.99667
2.9908
2.97915
2.94518
2.86854
2.66665
2.20909
1.3416
0.561303
0.273024
0.33224
0.350088
0.317623
0.265308
0.218182
0.181751
0.14793
0.11617
0.099688
3
2.99997
2.99992
2.99978
2.99946
2.99864
2.9966
2.99182
2.97907
2.95005
2.87271
2.68683
2.24574
1.40366
0.594014
0.282144
0.344181
0.364888
0.333844
0.284371
0.240473
0.207737
0.178754
0.153294
0.140762
3
2.99998
2.99992
2.99981
2.99947
2.99879
2.99675
2.99249
2.98054
2.95339
2.88208
2.7091
2.29574
1.48857
0.638279
0.298857
0.36238
0.386021
0.356537
0.310135
0.269327
0.24009
0.215469
0.194719
0.184687
3
2.99998
2.99993
2.99983
2.9995
2.99892
2.99694
2.99337
2.98174
2.95834
2.89138
2.73639
2.35493
1.59628
0.695508
0.328725
0.389849
0.414942
0.386843
0.343352
0.305211
0.279107
0.258398
0.241888
0.234444
3
2.99998
2.99994
2.99984
2.99956
2.99899
2.99733
2.99372
2.98405
2.96125
2.90344
2.76098
2.41683
1.7106
0.760059
0.365937
0.422917
0.447565
0.421869
0.38254
0.347641
0.324907
0.308375
0.296695
0.293655
3
2.99998
2.99995
2.99985
2.99961
2.99907
2.99755
2.99442
2.98503
2.96586
2.9104
2.78449
2.465
1.80059
0.827206
0.402201
0.449653
0.471363
0.453403
0.422329
0.393741
0.376387
0.366031
0.361705
0.368462
3
2.99999
2.99995
2.99986
2.99966
2.99911
2.99795
2.99449
2.98759
2.96665
2.92263
2.80043
2.51518
1.89127
0.920884
0.461337
0.470435
0.485386
0.481383
0.460994
0.441562
0.43241
0.431101
0.440642
0.470036
3
2.99999
2.99996
2.99988
2.99968
2.99926
2.99798
2.99554
2.98773
2.97248
2.92703
2.82552
2.56073
1.98999
1.03919
0.532281
0.485625
0.501239
0.508098
0.498384
0.490149
0.490883
0.505241
0.543926
0.643306
3
2.99999
2.99997
2.99989
2.99975
2.99928
2.99841
2.99567
2.9901
2.97412
2.93841
2.84336
2.61526
2.09436
1.18352
0.615785
0.502893
0.520133
0.534924
0.535202
0.537422
0.551039
0.587657
0.668111
0.831728
3
2.99999
2.99997
2.99991
2.99976
2.99942
2.99855
2.99642
2.99132
2.97798
2.94715
2.86594
2.67013
2.21155
1.36103
0.713926
0.527287
0.544394
0.563671
0.572104
0.58337
0.610062
0.664838
0.767692
0.940322
3
3
2.99998
2.99992
2.99982
2.9995
2.99884
2.99696
2.99281
2.98186
2.95572
2.88987
2.72691
2.33984
1.57628
0.829469
0.569427
0.581724
0.599105
0.612213
0.629462
0.66476
0.728378
0.83065
0.97824
3
3
2.99998
2.99994
2.99985
2.9996
2.99904
2.9976
2.99409
2.98568
2.96393
2.91304
2.78216
2.47261
1.82507
0.961213
0.632337
0.631015
0.643185
0.658258
0.677359
0.714073
0.776664
0.870654
0.993858
3.00001
3
2.99999
2.99995
2.99988
2.99967
2.99925
2.99794
2.99549
2.98752
2.97223
2.92645
2.8249
2.56171
2.00017
1.10028
0.699073
0.670441
0.684255
0.701219
0.722237
0.758688
0.815614
0.898525
1.0056
3.00001
3
2.99999
2.99997
2.99989
2.99976
2.99932
2.99852
2.99595
2.99082
2.97595
2.94311
2.85541
2.6464
2.16409
1.31035
0.802746
0.701312
0.713874
0.733947
0.760274
0.797094
0.84954
0.921566
1.01474
3.00001
3
2.99999
2.99997
2.99993
2.99979
2.99953
2.99869
2.99715
2.9921
2.98241
2.95331
2.88983
2.7198
2.33311
1.57003
0.932436
0.741487
0.744425
0.763949
0.793333
0.83027
0.879082
0.942741
1.02319
3.00001
3
3
2.99998
2.99994
2.99985
2.99962
2.99908
2.99764
2.99456
2.98573
2.96718
2.91526
2.79709
2.50255
1.89102
1.0931
0.806799
0.787472
0.801619
0.828401
0.863388
0.907419
0.963485
1.03283
3.00001
3
3
2.99999
2.99996
2.99988
2.99973
2.99925
2.99837
2.99545
2.99002
2.97323
2.93805
2.84153
2.61704
2.10828
1.27257
0.88011
0.824423
0.836827
0.861055
0.894907
0.934758
0.984269
1.04435
3.00001
3.00001
3
2.99999
2.99997
2.99992
2.99978
2.99947
2.99869
2.99676
2.9922
2.98025
2.95309
2.881
2.7103
2.30534
1.54072
1.00525
0.866565
0.869022
0.889335
0.92186
0.959802
1.00429
1.05712
3.00001
3.00001
3
3
2.99998
2.99994
2.99985
2.99961
2.99907
2.99766
2.9943
2.98621
2.96554
2.917
2.79367
2.50331
1.89175
1.17241
0.930034
0.908164
0.921309
0.949315
0.985281
1.02503
1.07131
3.00001
3.00001
3
3
2.99999
2.99996
2.99989
2.99973
2.99932
2.99831
2.99598
2.98972
2.97616
2.93858
2.85416
2.63686
2.16245
1.37702
1.00991
0.945733
0.954291
0.977255
1.01001
1.04599
1.08687
3.00001
3.00001
3.00001
3
2.99999
2.99998
2.99992
2.99982
2.99949
2.99889
2.99693
2.9932
2.98197
2.95828
2.89355
2.74304
2.3808
1.67879
1.14261
0.994572
0.988253
1.00266
1.03105
1.06607
1.10349
3.00001
3.00001
3.00001
3
3
2.99999
2.99995
2.99988
2.99965
2.99924
2.99791
2.99536
2.98778
2.97183
2.92838
2.82877
2.58124
2.05144
1.33385
1.06807
1.02712
1.03384
1.05555
1.08687
1.12149
3.00001
3.00001
3.00001
3.00001
3
2.99999
2.99997
2.99992
2.99977
2.99945
2.99863
2.99666
2.99193
2.97991
2.95203
2.88027
2.70985
2.31341
1.59495
1.17315
1.0695
1.06525
1.07884
1.10616
1.13963
3.00001
3.00001
3.00001
3.00001
3
3
2.99998
2.99995
2.99984
2.99966
2.99904
2.9979
2.9944
2.98734
2.96735
2.92331
2.80827
2.54469
1.97684
1.34366
1.13035
1.10044
1.10703
1.12853
1.15799
3.00001
3.00001
3.00001
3.00001
3
3
2.99999
2.99997
2.9999
2.99977
2.99937
2.99862
2.99621
2.9918
2.9779
2.94992
2.87182
2.69515
2.28026
1.58171
1.22077
1.13988
1.13642
1.14968
1.17515
3.00001
3.00001
3.00001
3.00001
3.00001
3
3
2.99998
2.99994
2.99984
2.99963
2.99903
2.99771
2.99437
2.98625
2.967
2.91817
2.80294
2.52591
1.95086
1.3799
1.19504
1.16879
1.17525
1.19513
3.00001
3.00001
3.00001
3.00001
3.00001
3
3
2.99999
2.99996
2.9999
2.99975
2.9994
2.99848
2.9965
2.99092
2.97948
2.94667
2.87621
2.69192
2.28782
1.61746
1.28623
1.2098
1.20428
1.21469
3.00001
3.00001
3.00001
3.00001
3.00001
3.00001
3
3
2.99998
2.99994
2.99985
2.99961
2.99909
2.99771
2.99453
2.98676
2.96743
2.92214
2.80868
2.54552
1.99302
1.44617
1.26494
1.23589
1.23883
3.00001
3.00001
3.00001
3.00001
3.00001
3.00001
3
3
2.99999
2.99997
2.99991
2.99976
2.99944
2.99854
2.99673
2.99133
2.98087
2.94956
2.88457
2.71113
2.33319
1.69265
1.36061
1.27674
1.26698
3.00001
3.00001
3.00001
3.00001
3.00001
3.00001
3.00001
3
3
2.99998
2.99995
2.99985
2.99967
2.99913
2.99797
2.99497
2.98798
2.97099
2.9294
2.83018
2.59495
2.09254
1.53411
1.33471
1.29964
3.00001
3.00001
3.00001
3.00001
3.00001
3.00001
3.00001
3
3
2.99999
2.99997
2.99991
2.9998
2.99947
2.99877
2.99693
2.99265
2.98234
2.95646
2.8965
2.74699
2.40757
1.79985
1.43446
1.33758
3.00001
3.00001
3.00001
3.00001
3.00001
3.00001
3.00001
3.00001
3
3
2.99999
2.99995
2.99988
2.99969
2.99929
2.99812
2.9959
2.98899
2.97597
2.93734
2.85604
2.64819
2.20451
1.63107
1.40526
3.00001
3.00001
3.00001
3.00001
3.00001
3.00001
3.00001
3.00001
3.00001
3
2.99999
2.99998
2.99993
2.99983
2.99955
2.99895
2.9974
2.99379
2.98511
2.9634
2.91334
2.78799
2.50189
1.94585
1.52701
3.00001
3.00001
3.00001
3.00001
3.00001
3.00001
3.00001
3.00001
3.00001
3
3
2.99999
2.99996
2.9999
2.99975
2.99937
2.99851
2.9964
2.99125
2.97943
2.94884
2.87995
2.70886
2.32707
1.75705
3.00001
3.00001
3.00001
3.00001
3.00001
3.00001
3.00001
3.00001
3.00001
3.00001
3
3
2.99998
2.99995
2.99986
2.99965
2.99916
2.99792
2.99522
2.98783
2.97261
2.93019
2.83953
2.61188
2.14708
3.00001
3.00001
3.00001
3.00001
3.00001
3.00001
3.00001
3.00001
3.00001
3.00001
3
3
2.99999
2.99997
2.99992
2.99981
2.99949
2.9989
2.99706
2.9935
2.98337
2.96172
2.90531
2.77674
2.47171
3.00001
3.00001
3.00001
3.00001
3.00001
3.00001
3.00001
3.00001
3.00001
3.00001
3.00001
3
3
2.99999
2.99996
2.99989
2.99974
2.99933
2.99847
2.99619
2.99104
2.97844
2.94807
2.87621
2.70516
3.00001
3.00001
3.00001
3.00001
3.00001
3.00001
3.00001
3.00001
3.00001
3.00001
3.00001
3.00001
3
3
2.99998
2.99995
2.99985
2.99964
2.99914
2.9979
2.99515
2.98782
2.97254
2.93049
2.8411
3.00001
3.00001
3.00001
3.00001
3.00001
3.00001
3.00001
3.00001
3.00001
3.00001
3.00001
3.00001
3.00001
3
2.99999
2.99997
2.99992
2.9998
2.99951
2.99886
2.99714
2.99355
2.98343
2.96312
2.90613
3.00001
3.00001
3.00001
3.00001
3.00001
3.00001
3.00001
3.00001
3.00001
3.00001
3.00001
3.00001
3.00001
3
3
2.99999
2.99996
2.99989
2.99972
2.99934
2.99838
2.99615
2.99084
2.97773
2.94787
3.00001
3.00001
3.00001
3.00001
3.00001
3.00001
3.00001
3.00001
3.00001
3.00001
3.00001
3.00001
3.00001
3.00001
3
3
2.99997
2.99993
2.99982
2.99958
2.99895
2.99747
2.99397
2.98511
2.96541
3.00001
3.00001
3.00001
3.00001
3.00001
3.00001
3.00001
3.00001
3.00001
3.00001
3.00001
3.00001
3.00001
3.00001
3
3
2.99998
2.99995
2.99987
2.99964
2.99921
2.99788
2.99518
2.98754
2.9707
3.00001
3.00001
3.00001
3.00001
3.00001
3.00001
3.00001
3.00001
3.00001
3.00001
3.00001
3.00001
3.00001
3.00001
3
3
2.99999
2.99995
2.99989
2.99968
2.99929
2.99807
2.99561
2.98852
2.97276
3.00001
3.00001
3.00001
3.00001
3.00001
3.00001
3.00001
3.00001
3.00001
3.00001
3.00001
3.00001
3.00001
3.00001
3
3
2.99999
2.99996
2.99989
2.99972
2.99926
2.9983
2.9954
2.98969
2.97198
3.00001
3.00001
3.00001
3.00001
3.00001
3.00001
3.00001
3.00001
3.00001
3.00001
3.00001
3.00001
3.00001
3.00001
3
3
2.99999
2.99996
2.99988
2.99973
2.99927
2.99829
2.9956
2.9893
2.97332
3.00001
3.00001
3.00001
3.00001
3.00001
3.00001
3.00001
3.00001
3.00001
3.00001
3.00001
3.00001
3.00001
3.00001
3
3
2.99999
2.99996
2.99989
2.99973
2.9993
2.99826
2.99574
2.98917
2.97401
3.00001
3.00001
3.00001
3.00001
3.00001
3.00001
3.00001
3.00001
3.00001
3.00001
3.00001
3.00001
3.00001
3.00001
3
3
2.99999
2.99996
2.99989
2.99972
2.99931
2.99824
2.9958
2.98908
2.97429
3.00001
3.00001
3.00001
3.00001
3.00001
3.00001
3.00001
3.00001
3.00001
3.00001
3.00001
3.00001
3.00001
3.00001
3
3
2.99999
2.99996
2.99989
2.99974
2.99926
2.99839
2.99544
2.99
2.97261
1.07162
1.09225
0.673203
0.270749
0.218837
0.253451
0.382134
0.447749
0.473047
0.481584
0.49098
0.508148
0.529246
0.548593
0.565338
0.581484
0.598068
0.615209
0.63229
0.648802
0.665213
0.682194
0.696769
0.706056
0.711199
0.713274
0.707874
0.690137
0.658622
0.616302
0.566834
0.513753
0.459271
0.404903
0.352259
0.302257
0.255068
0.210566
0.167225
0.126377
0.0875615
0.0516158
0.0244337
0.0348151
0.0639338
0.0952665
0.125216
0.153967
0.180819
0.206306
0.232919
0.259646
0.285298
0.309476
0.333061
0.35555
0.37759
0.398687
0.41916
0.438857
0.457782
0.475972
0.493334
0.509867
0.525544
0.540292
0.554092
0.56691
0.578703
0.589458
0.599156
0.607976
0.616296
0.6242
0.631532
0.638232
0.644649
0.651269
0.658192
0.665174
0.672376
0.679977
0.68842
0.697546
0.707673
0.718007
0.729165
0.740459
0.752176
0.763907
0.775979
0.787919
0.799909
0.811557
0.822996
0.833674
0.843503
0.851813
0.858125
0.862855
1.07274
1.05717
0.865138
0.615104
0.437741
0.363787
0.269301
0.155735
0.0556038
0.107747
0.190712
0.261896
0.313131
0.34539
0.365973
0.383323
0.401313
0.420263
0.43979
0.458839
0.476858
0.495136
0.512273
0.523382
0.528514
0.529925
0.523246
0.501914
0.466623
0.420314
0.368458
0.314208
0.260471
0.207726
0.158997
0.114624
0.0769158
0.0539676
0.0571058
0.0806994
0.110973
0.14133
0.170756
0.198633
0.226786
0.254485
0.281711
0.307868
0.332812
0.35619
0.380069
0.404315
0.427821
0.449997
0.471394
0.492119
0.512192
0.531666
0.550448
0.568589
0.586067
0.602833
0.618899
0.634218
0.648749
0.662469
0.675337
0.687316
0.698397
0.708556
0.717754
0.726155
0.734134
0.741732
0.748832
0.755409
0.761745
0.768219
0.775018
0.781718
0.788726
0.795976
0.804065
0.81271
0.822132
0.831903
0.8422
0.852725
0.863651
0.874648
0.885824
0.896971
0.908143
0.919058
0.929685
0.939701
0.948898
0.956804
0.962746
0.967043
1.07727
1.10598
1.05212
0.931472
0.813482
0.734066
0.654013
0.559386
0.459092
0.365478
0.280641
0.202058
0.129204
0.0673688
0.0510336
0.0980036
0.144051
0.182404
0.214102
0.24143
0.265599
0.286646
0.304866
0.316887
0.32015
0.318289
0.308607
0.28694
0.248993
0.205237
0.160341
0.121605
0.0981433
0.0951988
0.111792
0.138466
0.168546
0.198708
0.227384
0.255993
0.284356
0.311685
0.337977
0.36314
0.387845
0.412037
0.435763
0.458812
0.48079
0.501485
0.522022
0.543258
0.564138
0.583939
0.602893
0.62127
0.639152
0.656474
0.673279
0.6895
0.705153
0.720205
0.734645
0.748418
0.761526
0.773894
0.785525
0.796364
0.806431
0.815678
0.824117
0.831793
0.83914
0.846135
0.852775
0.85897
0.865062
0.871159
0.877617
0.883844
0.890462
0.897301
0.90495
0.912915
0.92158
0.9305
0.939985
0.949617
0.95971
0.969829
0.980237
0.990501
1.00091
1.01101
1.02099
1.03028
1.03903
1.04644
1.05209
1.05598
1.09283
1.15087
1.1564
1.11271
1.04324
0.97876
0.915919
0.843912
0.767277
0.687991
0.612448
0.541076
0.472764
0.405831
0.340304
0.279288
0.22261
0.171233
0.125889
0.0872202
0.0578207
0.0441506
0.0511773
0.0714223
0.0848655
0.0862566
0.0749684
0.0633007
0.0801781
0.114777
0.155356
0.194926
0.233454
0.267443
0.299048
0.32893
0.357201
0.383663
0.408676
0.432769
0.456361
0.479162
0.501211
0.522511
0.54328
0.563717
0.583686
0.603332
0.622101
0.639792
0.657075
0.674949
0.693115
0.710375
0.726932
0.742881
0.758465
0.773576
0.788316
0.802529
0.816328
0.829542
0.842298
0.854406
0.865999
0.87687
0.887172
0.896737
0.905732
0.913957
0.921584
0.928437
0.935073
0.94132
0.947469
0.95315
0.958937
0.964581
0.970491
0.976228
0.982421
0.988823
0.995847
1.00306
1.01087
1.01894
1.02753
1.03633
1.04554
1.05486
1.06445
1.07402
1.08368
1.09317
1.10252
1.11148
1.11974
1.12694
1.13233
1.13614
1.10151
1.17383
1.20923
1.20825
1.17723
1.13678
1.09421
1.0447
0.989066
0.929909
0.870142
0.810827
0.750044
0.688745
0.629275
0.573209
0.519916
0.46905
0.420439
0.375067
0.332613
0.292975
0.256616
0.224058
0.199175
0.19105
0.196706
0.226832
0.271347
0.318805
0.365479
0.406883
0.441909
0.471891
0.497937
0.521521
0.543215
0.563624
0.582915
0.601642
0.619874
0.637766
0.655149
0.672122
0.68874
0.705111
0.721259
0.737212
0.752691
0.767248
0.78135
0.795727
0.810829
0.825512
0.839676
0.853163
0.866454
0.879273
0.891957
0.904115
0.916081
0.927427
0.938533
0.948935
0.959037
0.968346
0.977352
0.985574
0.993483
1.00062
1.00745
1.01354
1.01949
1.02507
1.03075
1.03611
1.04161
1.04687
1.05237
1.05789
1.06372
1.06961
1.07591
1.08238
1.08927
1.09644
1.104
1.11188
1.12007
1.12852
1.13713
1.1459
1.15473
1.16357
1.17227
1.18058
1.18831
1.19508
1.20027
1.20371
1.10588
1.18096
1.23282
1.25551
1.25421
1.23699
1.21366
1.18375
1.14636
1.10467
1.0607
1.01504
0.967338
0.917741
0.86649
0.816188
0.767683
0.720399
0.675439
0.631687
0.589663
0.549726
0.512612
0.478672
0.452609
0.437234
0.433715
0.451992
0.488352
0.53198
0.574883
0.613164
0.643825
0.667215
0.685551
0.701092
0.715269
0.728814
0.741974
0.754868
0.767679
0.780358
0.793041
0.805581
0.818159
0.830594
0.84313
0.855537
0.867916
0.879578
0.890822
0.902043
0.914174
0.926418
0.938408
0.949726
0.960914
0.971626
0.982323
0.992534
1.00268
1.01226
1.02171
1.0305
1.0391
1.04699
1.05471
1.0617
1.06856
1.0747
1.08079
1.08621
1.09168
1.09669
1.102
1.107
1.11235
1.11746
1.12286
1.12812
1.13376
1.13928
1.14519
1.1511
1.15746
1.16389
1.17082
1.17784
1.18535
1.19292
1.20091
1.2089
1.21724
1.2254
1.2336
1.24135
1.24875
1.2552
1.26031
1.26355
1.10723
1.18169
1.24065
1.2786
1.29659
1.29869
1.29127
1.27712
1.25604
1.22876
1.19854
1.16569
1.12995
1.09231
1.05227
1.01083
0.969579
0.928274
0.887382
0.847468
0.807375
0.767544
0.728923
0.693412
0.662213
0.635254
0.622432
0.635587
0.670356
0.713622
0.756496
0.793891
0.823713
0.843587
0.854953
0.861968
0.867866
0.873945
0.88073
0.888034
0.895793
0.903813
0.912113
0.920594
0.929344
0.938241
0.947435
0.956707
0.966283
0.97548
0.984303
0.9929
1.00229
1.01224
1.02233
1.03192
1.0414
1.05044
1.05951
1.06812
1.07674
1.08482
1.09285
1.10023
1.10752
1.11414
1.12071
1.12662
1.13254
1.13786
1.1433
1.14821
1.15335
1.15806
1.16321
1.16805
1.17341
1.17843
1.18391
1.18907
1.19459
1.19987
1.20551
1.21097
1.21681
1.2226
1.2288
1.23505
1.24173
1.24849
1.25567
1.26297
1.27057
1.27808
1.28568
1.29296
1.29999
1.30618
1.31121
1.31432
1.10838
1.17965
1.24064
1.28784
1.31797
1.33472
1.33965
1.33769
1.32932
1.31475
1.2959
1.27418
1.24958
1.22183
1.19233
1.16032
1.12744
1.09416
1.05918
1.02342
0.985932
0.946963
0.9088
0.870035
0.829268
0.787263
0.766618
0.778155
0.812612
0.856822
0.90248
0.941292
0.972094
0.994034
1.00358
1.00449
1.00214
1.00029
1.00016
1.00181
1.00481
1.00875
1.01341
1.0186
1.02427
1.03025
1.03665
1.04328
1.0503
1.05734
1.06425
1.07079
1.07778
1.08536
1.09364
1.1016
1.10951
1.11697
1.12447
1.13155
1.13867
1.14529
1.15192
1.15792
1.16396
1.16938
1.17488
1.17979
1.18492
1.18952
1.19448
1.199
1.20398
1.20861
1.21382
1.2187
1.22413
1.22931
1.23489
1.24018
1.24578
1.25109
1.25668
1.26199
1.26761
1.27301
1.2788
1.28445
1.29058
1.29664
1.30322
1.30981
1.31681
1.32369
1.3308
1.33761
1.34434
1.3503
1.35529
1.35835
1.1111
1.17786
1.23771
1.28844
1.32683
1.35348
1.36902
1.37619
1.37706
1.37275
1.36362
1.35064
1.33538
1.3166
1.29583
1.27265
1.24719
1.22098
1.19277
1.16122
1.12736
1.09078
1.05275
1.00751
0.951751
0.89602
0.872956
0.88539
0.919822
0.964474
1.01303
1.05552
1.08721
1.11098
1.12493
1.12809
1.1225
1.11376
1.10636
1.10127
1.09875
1.09819
1.09926
1.10135
1.10424
1.10766
1.11157
1.11587
1.12061
1.12566
1.13087
1.13585
1.14092
1.14635
1.15271
1.1593
1.16594
1.17215
1.17834
1.18409
1.1899
1.19523
1.20059
1.20542
1.21035
1.21476
1.21935
1.2235
1.22797
1.23209
1.2367
1.24102
1.246
1.25072
1.25613
1.2612
1.26686
1.27221
1.27804
1.28351
1.28933
1.29474
1.30043
1.30569
1.31121
1.31637
1.32183
1.32708
1.33267
1.33822
1.34417
1.35017
1.35651
1.36285
1.36943
1.37581
1.38219
1.38789
1.39279
1.39575
1.11597
1.1768
1.23487
1.28578
1.32855
1.36095
1.38481
1.3994
1.40815
1.41072
1.40953
1.40422
1.39592
1.38498
1.37122
1.35551
1.33714
1.31637
1.29313
1.26505
1.23502
1.2008
1.16065
1.10547
1.03127
0.966161
0.947377
0.962777
0.995921
1.04202
1.09394
1.14048
1.17385
1.19655
1.213
1.2222
1.22234
1.21452
1.20267
1.19131
1.18231
1.17616
1.17274
1.17127
1.17138
1.17248
1.17428
1.17663
1.17952
1.1828
1.18651
1.19026
1.19409
1.19785
1.20226
1.20723
1.21268
1.21786
1.22302
1.22772
1.23239
1.23662
1.24087
1.24469
1.24867
1.25227
1.25618
1.25977
1.26384
1.26768
1.27218
1.27653
1.28172
1.28671
1.29241
1.29788
1.30396
1.30972
1.316
1.32184
1.3281
1.3338
1.33985
1.34525
1.35095
1.35606
1.36144
1.36641
1.37167
1.37672
1.38215
1.38751
1.3933
1.39901
1.40514
1.41103
1.41714
1.42259
1.42744
1.43045
1.12331
1.17824
1.23248
1.28283
1.32665
1.36315
1.39147
1.4126
1.42683
1.43577
1.44004
1.44067
1.43829
1.43302
1.42544
1.41529
1.40314
1.38704
1.36683
1.34183
1.3146
1.28008
1.23335
1.16142
1.06973
1.0067
0.996583
1.01529
1.04864
1.09729
1.15139
1.19835
1.23481
1.26
1.27686
1.28867
1.2948
1.29449
1.28707
1.2746
1.26091
1.24926
1.24019
1.23435
1.2307
1.22909
1.22859
1.22921
1.2304
1.23213
1.23427
1.2367
1.23941
1.24213
1.24501
1.24814
1.25195
1.25598
1.26002
1.26372
1.26735
1.27057
1.27388
1.27688
1.28007
1.28303
1.28635
1.28957
1.29335
1.2971
1.30166
1.30626
1.31164
1.31691
1.32294
1.32878
1.33527
1.34144
1.34816
1.3544
1.36109
1.36717
1.37358
1.37932
1.38528
1.39062
1.39611
1.4011
1.40625
1.41108
1.41618
1.42109
1.42639
1.43154
1.43713
1.4425
1.44814
1.45327
1.45784
1.46088
1.13301
1.18221
1.2323
1.28015
1.32409
1.36203
1.39365
1.41874
1.43764
1.45142
1.46019
1.46565
1.46739
1.46686
1.4638
1.45789
1.44992
1.43669
1.41914
1.39717
1.37028
1.33161
1.27229
1.17494
1.07398
1.02843
1.02875
1.04942
1.08664
1.1369
1.18971
1.23523
1.27239
1.30088
1.32141
1.33526
1.34419
1.34962
1.35026
1.34452
1.33315
1.31894
1.30547
1.29428
1.28576
1.28015
1.27659
1.27497
1.27417
1.27449
1.27528
1.27648
1.27804
1.27975
1.2818
1.2839
1.28619
1.28878
1.29175
1.29457
1.29733
1.29977
1.30228
1.30465
1.30728
1.30986
1.31288
1.31599
1.31981
1.3238
1.32867
1.33357
1.33932
1.34502
1.35157
1.3579
1.36499
1.37166
1.37895
1.38566
1.39287
1.39939
1.40628
1.41244
1.41881
1.42449
1.43028
1.43545
1.44073
1.44549
1.45049
1.45507
1.46004
1.46468
1.46981
1.47461
1.47979
1.48445
1.4887
1.49159
1.14475
1.18902
1.23451
1.27938
1.32172
1.36009
1.39327
1.421
1.44315
1.46046
1.4733
1.48212
1.48794
1.49059
1.49085
1.48838
1.48209
1.47015
1.45421
1.43355
1.4034
1.3548
1.27161
1.15233
1.06199
1.03878
1.04867
1.07234
1.11359
1.16499
1.21397
1.25667
1.29296
1.32313
1.34749
1.36624
1.3792
1.38757
1.39263
1.394
1.39055
1.38127
1.36811
1.35406
1.34114
1.33084
1.32307
1.31814
1.31485
1.31342
1.31264
1.3127
1.31317
1.31383
1.31466
1.31562
1.31674
1.31817
1.31987
1.32162
1.32347
1.3253
1.32725
1.32929
1.33153
1.33387
1.33673
1.33998
1.34408
1.34843
1.35356
1.35886
1.36501
1.37121
1.37821
1.38508
1.39263
1.39984
1.4076
1.41485
1.4225
1.42952
1.43684
1.44345
1.45027
1.45633
1.46255
1.46801
1.4736
1.47848
1.48358
1.48804
1.49281
1.49707
1.50175
1.50603
1.51066
1.51488
1.51865
1.52149
1.15839
1.19777
1.23914
1.28054
1.32074
1.3583
1.39202
1.42159
1.44602
1.46583
1.48148
1.4932
1.50168
1.50726
1.50978
1.50924
1.50293
1.49126
1.47604
1.45306
1.41485
1.34775
1.23015
1.10837
1.05162
1.04681
1.06097
1.09089
1.13476
1.18339
1.22769
1.26716
1.3021
1.33286
1.35944
1.38189
1.39999
1.41343
1.42203
1.42727
1.4301
1.42914
1.42291
1.41131
1.39743
1.38348
1.37129
1.36189
1.35494
1.35068
1.34795
1.34659
1.34592
1.3455
1.34544
1.34544
1.34557
1.3459
1.34646
1.34731
1.34843
1.34973
1.35129
1.35323
1.3555
1.35782
1.36069
1.36403
1.36837
1.37305
1.37864
1.38447
1.39114
1.39788
1.40537
1.41272
1.4207
1.42836
1.43653
1.44423
1.45233
1.4598
1.46759
1.47463
1.48191
1.48839
1.49506
1.5009
1.50688
1.51206
1.51739
1.52194
1.52667
1.53073
1.5351
1.53893
1.54308
1.54672
1.55
1.55253
1.17315
1.20843
1.24555
1.28396
1.32155
1.35768
1.39118
1.42111
1.44741
1.46908
1.487
1.50103
1.51151
1.51891
1.5228
1.52198
1.51477
1.50321
1.48561
1.45516
1.40012
1.29912
1.16309
1.0696
1.04604
1.05261
1.07086
1.10571
1.15053
1.19393
1.23373
1.27029
1.30377
1.33446
1.36225
1.38717
1.40873
1.42686
1.44119
1.45099
1.45687
1.46079
1.46186
1.45878
1.45021
1.43754
1.42367
1.41046
1.39932
1.39091
1.38495
1.38099
1.37846
1.37679
1.3756
1.37473
1.37399
1.37339
1.37291
1.37292
1.37322
1.374
1.37533
1.37723
1.37965
1.3821
1.3852
1.38888
1.39359
1.39871
1.40476
1.41106
1.41818
1.42533
1.43318
1.44087
1.44912
1.45706
1.46546
1.47343
1.48177
1.48956
1.49765
1.50506
1.51273
1.51962
1.52673
1.53297
1.53943
1.545
1.5507
1.55543
1.56033
1.56434
1.56861
1.57213
1.57594
1.57915
1.58196
1.58432
1.18876
1.22085
1.25437
1.28921
1.3246
1.3588
1.39128
1.42116
1.44796
1.47131
1.4906
1.50659
1.5186
1.52725
1.53107
1.52818
1.51959
1.50609
1.48223
1.43703
1.35353
1.21636
1.09679
1.04969
1.04665
1.05766
1.08224
1.11928
1.16036
1.19894
1.235
1.26887
1.30091
1.33119
1.3596
1.38599
1.41001
1.43157
1.45001
1.46525
1.47644
1.48404
1.48934
1.49203
1.49192
1.4868
1.47633
1.4629
1.44911
1.43682
1.42667
1.41913
1.41356
1.40977
1.40689
1.40491
1.40293
1.40167
1.40027
1.39964
1.39917
1.39969
1.40088
1.40281
1.40535
1.40795
1.41127
1.41527
1.42034
1.42583
1.43224
1.43889
1.44628
1.4537
1.46172
1.4696
1.47798
1.4861
1.49465
1.50285
1.51139
1.51945
1.52779
1.53548
1.54344
1.55062
1.55806
1.56464
1.57149
1.57741
1.58348
1.58849
1.59362
1.59773
1.60201
1.60538
1.60894
1.61178
1.61415
1.61626
1.20535
1.23524
1.26588
1.29742
1.32985
1.36218
1.39324
1.42241
1.44906
1.47317
1.49339
1.51066
1.52348
1.53263
1.53411
1.52853
1.518
1.49898
1.4624
1.39255
1.26495
1.12803
1.0575
1.04375
1.04959
1.06559
1.09453
1.13081
1.16655
1.20066
1.23349
1.26516
1.296
1.32577
1.35446
1.38172
1.4074
1.43121
1.45281
1.47206
1.48844
1.50133
1.51077
1.51738
1.52208
1.52381
1.52213
1.51497
1.50305
1.48935
1.4755
1.46344
1.45346
1.44596
1.44049
1.43637
1.43339
1.43083
1.42902
1.42735
1.42667
1.42648
1.42755
1.42945
1.43204
1.43481
1.43838
1.4428
1.4482
1.45395
1.46049
1.46729
1.47477
1.4823
1.49035
1.4983
1.5067
1.51485
1.5234
1.53158
1.54015
1.54822
1.55668
1.56449
1.57266
1.58006
1.5878
1.59468
1.60189
1.6081
1.61445
1.61977
1.62519
1.62955
1.63401
1.63745
1.64097
1.64365
1.64571
1.64764
1.22245
1.24996
1.27857
1.30769
1.33722
1.36748
1.39684
1.42527
1.45124
1.47538
1.49616
1.51364
1.52699
1.53399
1.53202
1.52341
1.50806
1.47792
1.41845
1.30694
1.16443
1.07024
1.04367
1.04514
1.05439
1.07559
1.10621
1.13876
1.17016
1.20092
1.23123
1.26128
1.29114
1.32048
1.3492
1.37701
1.40368
1.42912
1.45301
1.47529
1.49524
1.51284
1.52735
1.5383
1.54668
1.55247
1.55589
1.55647
1.55267
1.54322
1.52969
1.51455
1.50042
1.48805
1.47844
1.47098
1.46526
1.46149
1.45822
1.45615
1.45507
1.45437
1.45543
1.45741
1.45986
1.46264
1.46624
1.47086
1.47642
1.48237
1.48893
1.49574
1.50314
1.51063
1.51857
1.52644
1.53472
1.54277
1.55124
1.55936
1.5679
1.57597
1.58446
1.59235
1.60062
1.60819
1.61609
1.62325
1.63058
1.63701
1.64358
1.64917
1.65487
1.6595
1.66421
1.6678
1.67139
1.67399
1.67586
1.67758
1.2371
1.2661
1.29247
1.31987
1.34689
1.37447
1.40244
1.42901
1.45484
1.47786
1.49919
1.51581
1.52863
1.53065
1.52421
1.5119
1.48694
1.43601
1.34033
1.19902
1.08851
1.04729
1.04352
1.04984
1.06552
1.09017
1.11831
1.14643
1.17421
1.20219
1.23052
1.25924
1.2882
1.31701
1.34565
1.37372
1.40117
1.4278
1.45328
1.47748
1.50001
1.52074
1.53899
1.55484
1.56709
1.57664
1.58312
1.58772
1.58972
1.5884
1.5815
1.56898
1.55336
1.53723
1.52284
1.51049
1.50094
1.49411
1.48892
1.48581
1.48397
1.48301
1.48396
1.48588
1.4881
1.49081
1.49454
1.49921
1.50475
1.51066
1.51719
1.52389
1.53112
1.53842
1.54618
1.55388
1.56196
1.56989
1.57816
1.58619
1.59453
1.60254
1.61088
1.6188
1.62703
1.63477
1.64276
1.65002
1.65744
1.66403
1.67078
1.67658
1.68252
1.68738
1.69232
1.69609
1.6998
1.70243
1.70418
1.70578
1.25589
1.28085
1.30682
1.33166
1.3582
1.38296
1.40968
1.43463
1.4593
1.48174
1.50139
1.51746
1.5252
1.52218
1.51129
1.49029
1.44704
1.36457
1.2295
1.10985
1.05677
1.04745
1.0511
1.06197
1.08148
1.10577
1.13009
1.15461
1.17962
1.20561
1.23244
1.26006
1.28822
1.31658
1.34504
1.3732
1.40108
1.42823
1.45471
1.47999
1.50427
1.52677
1.54785
1.5665
1.58302
1.59628
1.60651
1.61329
1.61819
1.62073
1.62071
1.61609
1.60544
1.58999
1.57323
1.55692
1.54266
1.5315
1.52293
1.51748
1.51413
1.51263
1.51325
1.51502
1.51712
1.5197
1.52347
1.52803
1.53338
1.5391
1.54548
1.55202
1.55903
1.56611
1.5736
1.58111
1.58892
1.59669
1.6047
1.61261
1.62074
1.62869
1.63686
1.64476
1.65292
1.66058
1.66843
1.67566
1.68307
1.68974
1.69659
1.70255
1.70865
1.71372
1.71885
1.7228
1.72662
1.72929
1.73095
1.73241
1.27466
1.29444
1.32095
1.34496
1.36949
1.39344
1.41734
1.44177
1.46429
1.48597
1.50356
1.51562
1.51592
1.50658
1.48876
1.45195
1.38011
1.25393
1.13091
1.06918
1.05515
1.05713
1.06458
1.07995
1.10042
1.12116
1.14218
1.16403
1.18713
1.21173
1.23747
1.26431
1.2918
1.31966
1.3478
1.37583
1.40369
1.43111
1.45787
1.48385
1.50881
1.53259
1.55496
1.5757
1.59435
1.6108
1.62432
1.63472
1.64126
1.64557
1.64848
1.64907
1.64581
1.63718
1.624
1.60769
1.59119
1.57603
1.56348
1.55432
1.54814
1.54494
1.54419
1.54547
1.54738
1.54978
1.55327
1.55766
1.56273
1.5682
1.57422
1.5805
1.5872
1.594
1.60116
1.60833
1.61587
1.62333
1.63113
1.63878
1.64674
1.65449
1.66255
1.67026
1.67816
1.68564
1.6933
1.70046
1.70778
1.71447
1.7213
1.72732
1.73349
1.73864
1.74389
1.74792
1.7518
1.75446
1.75599
1.7573
1.29888
1.31181
1.33445
1.3587
1.38223
1.40476
1.42724
1.44931
1.47078
1.48919
1.50419
1.50688
1.49913
1.48324
1.45062
1.3857
1.27064
1.14938
1.08349
1.06618
1.0674
1.07276
1.08484
1.10195
1.11961
1.1374
1.15605
1.17621
1.198
1.22154
1.24629
1.27235
1.29892
1.32623
1.35368
1.38127
1.40876
1.4359
1.46251
1.48859
1.5136
1.53791
1.56072
1.58239
1.60221
1.62035
1.63606
1.64936
1.65965
1.66628
1.67034
1.6734
1.67426
1.67236
1.66616
1.65555
1.64153
1.62614
1.61145
1.5987
1.58888
1.58225
1.57864
1.57819
1.57954
1.58127
1.58397
1.58772
1.59256
1.59779
1.60355
1.60951
1.61583
1.62227
1.62901
1.63584
1.64293
1.6501
1.65751
1.66498
1.67268
1.68032
1.68802
1.69552
1.7031
1.71043
1.71786
1.72491
1.73207
1.73866
1.74537
1.75131
1.75737
1.76243
1.76754
1.77147
1.77508
1.77756
1.77864
1.77972
1.32435
1.33045
1.3482
1.37173
1.39436
1.41631
1.43726
1.45772
1.47626
1.4913
1.49693
1.49065
1.47492
1.44444
1.38423
1.27667
1.16179
1.09689
1.07845
1.07931
1.0843
1.09543
1.11036
1.12494
1.13936
1.15464
1.17167
1.19058
1.21141
1.23397
1.25793
1.28305
1.30892
1.33532
1.36208
1.38883
1.41579
1.4422
1.46854
1.494
1.51896
1.54293
1.56596
1.58778
1.60823
1.62708
1.64399
1.65903
1.6716
1.68163
1.68874
1.69316
1.69674
1.69807
1.69773
1.6943
1.68646
1.67547
1.66264
1.64935
1.63698
1.62667
1.61937
1.61505
1.61417
1.61503
1.6166
1.61896
1.6228
1.62767
1.63315
1.63878
1.64476
1.65081
1.65721
1.66366
1.67047
1.67731
1.68452
1.69171
1.69911
1.70634
1.71374
1.7209
1.72822
1.73525
1.74244
1.74925
1.7562
1.7626
1.76909
1.77484
1.78061
1.78547
1.79017
1.79382
1.7969
1.7988
1.79936
1.80025
1.3601
1.35568
1.36454
1.38326
1.40663
1.42795
1.44793
1.46555
1.48036
1.48632
1.4807
1.46468
1.43473
1.37624
1.27339
1.16516
1.10483
1.08846
1.09068
1.09699
1.10909
1.12361
1.13604
1.14736
1.15912
1.17271
1.18846
1.20647
1.22643
1.24817
1.27116
1.29543
1.3202
1.34587
1.37149
1.39766
1.42347
1.4494
1.47473
1.49981
1.52406
1.54771
1.57032
1.5919
1.61223
1.63125
1.64865
1.66463
1.67847
1.6908
1.70062
1.70852
1.71421
1.71825
1.72167
1.72292
1.72203
1.71788
1.71047
1.7009
1.68912
1.67766
1.6671
1.65917
1.65384
1.65189
1.65193
1.653
1.65495
1.65827
1.66306
1.66825
1.67393
1.67974
1.68584
1.69204
1.69852
1.70519
1.71209
1.71899
1.72601
1.73296
1.73999
1.74691
1.75386
1.76064
1.76741
1.77392
1.7804
1.7865
1.79251
1.79796
1.80321
1.80767
1.81179
1.81476
1.81717
1.8179
1.81753
1.81844
1.40166
1.38111
1.38329
1.39682
1.41697
1.43855
1.45686
1.4713
1.47712
1.47104
1.45401
1.4229
1.3632
1.26242
1.16035
1.10682
1.09391
1.09817
1.1085
1.12436
1.13974
1.15131
1.1603
1.16917
1.17926
1.19171
1.20658
1.22379
1.24297
1.26373
1.28587
1.3089
1.3329
1.35721
1.38216
1.40704
1.43221
1.457
1.48174
1.50584
1.52954
1.55239
1.57452
1.5955
1.61559
1.63424
1.65185
1.66793
1.68286
1.69626
1.70831
1.71886
1.72783
1.73544
1.7416
1.74603
1.74973
1.75163
1.75129
1.74725
1.74001
1.73065
1.72003
1.70977
1.70077
1.6945
1.69069
1.68984
1.69036
1.69149
1.69398
1.69794
1.70311
1.7086
1.71432
1.72013
1.72621
1.73244
1.73876
1.74522
1.75173
1.75834
1.76499
1.7716
1.77828
1.78474
1.79131
1.79747
1.80373
1.80942
1.81506
1.82006
1.82464
1.82858
1.83164
1.83394
1.83485
1.83468
1.8334
1.83412
1.48864
1.42049
1.40885
1.41334
1.42811
1.44698
1.46272
1.46898
1.46192
1.44344
1.40946
1.34649
1.24489
1.14849
1.10289
1.09417
1.10052
1.11589
1.13675
1.15443
1.1669
1.1756
1.18279
1.19047
1.19992
1.21178
1.22592
1.24233
1.26043
1.2803
1.30127
1.32345
1.34626
1.36976
1.39358
1.41761
1.4417
1.46557
1.4893
1.5125
1.53531
1.55729
1.57859
1.59882
1.61826
1.63644
1.65388
1.67005
1.68547
1.69976
1.71323
1.72583
1.73734
1.74812
1.75751
1.76585
1.77259
1.77896
1.7827
1.78446
1.78382
1.77996
1.77281
1.7633
1.75308
1.7434
1.73549
1.73015
1.72738
1.72696
1.72747
1.72891
1.73216
1.73685
1.74223
1.74793
1.75383
1.7597
1.76576
1.77175
1.77798
1.7841
1.79041
1.79661
1.80281
1.80889
1.81485
1.82062
1.82618
1.83142
1.83632
1.84062
1.84444
1.84724
1.8493
1.84998
1.8497
1.84853
1.84658
1.84661
1.65598
1.47484
1.43921
1.43428
1.43997
1.45224
1.46141
1.4544
1.4336
1.39498
1.32581
1.22255
1.13136
1.09397
1.09019
1.09871
1.11925
1.14535
1.16585
1.1804
1.18995
1.19718
1.20384
1.2116
1.221
1.23247
1.24601
1.26156
1.27885
1.29771
1.31781
1.33891
1.36081
1.3832
1.40606
1.42901
1.45209
1.475
1.49773
1.51995
1.54174
1.56268
1.58305
1.60241
1.62108
1.63875
1.65573
1.6718
1.68746
1.70232
1.71701
1.73091
1.74474
1.75759
1.77007
1.78153
1.7915
1.80063
1.80867
1.81487
1.81765
1.81869
1.81734
1.81297
1.80534
1.79535
1.78523
1.77584
1.76882
1.76404
1.76222
1.76217
1.76279
1.76471
1.76853
1.77391
1.77939
1.78518
1.79078
1.79656
1.80221
1.80804
1.81379
1.81972
1.82544
1.83129
1.83674
1.84221
1.84711
1.85186
1.85584
1.85938
1.86185
1.86346
1.86379
1.86326
1.8618
1.85919
1.8553
1.85363
1.93441
1.57869
1.47494
1.4552
1.45173
1.45302
1.44711
1.42446
1.38057
1.30122
1.19556
1.11104
1.08082
1.08256
1.09446
1.11923
1.14876
1.17268
1.18974
1.20144
1.2098
1.21709
1.22448
1.23279
1.24245
1.25379
1.26682
1.28168
1.29809
1.316
1.33507
1.35518
1.37605
1.3975
1.41931
1.44134
1.46332
1.48522
1.50673
1.52786
1.5484
1.56827
1.5875
1.60597
1.62374
1.64081
1.65734
1.67338
1.68918
1.70465
1.72011
1.73525
1.75047
1.76507
1.77965
1.7931
1.80621
1.81738
1.82819
1.83744
1.84518
1.84947
1.85144
1.85088
1.8484
1.84282
1.83415
1.82366
1.81348
1.80451
1.79818
1.79432
1.79318
1.79332
1.79441
1.79732
1.80175
1.80716
1.81274
1.81836
1.82391
1.82937
1.83486
1.84026
1.84563
1.85088
1.85592
1.8607
1.86504
1.86889
1.87199
1.87425
1.87537
1.87542
1.87456
1.87273
1.86997
1.86494
1.85721
1.85307
2.32324
1.79326
1.55241
1.48724
1.4659
1.44845
1.41734
1.36161
1.26736
1.16082
1.09036
1.06773
1.07256
1.09102
1.12057
1.15106
1.17627
1.19538
1.20906
1.21941
1.22836
1.23687
1.24565
1.25495
1.26512
1.27641
1.289
1.30302
1.31855
1.33535
1.35346
1.37248
1.39235
1.41274
1.43349
1.45439
1.47525
1.49592
1.51625
1.53609
1.55541
1.57408
1.59211
1.60944
1.62626
1.64265
1.65878
1.67475
1.69064
1.70661
1.72261
1.73871
1.75474
1.77062
1.78623
1.80132
1.81578
1.82929
1.84142
1.85279
1.86287
1.8712
1.87674
1.87968
1.87958
1.87787
1.87414
1.86698
1.85702
1.84622
1.83621
1.82801
1.82251
1.81973
1.81929
1.81975
1.82141
1.82501
1.83003
1.83531
1.84084
1.84617
1.85153
1.85657
1.86162
1.86627
1.87083
1.87478
1.87838
1.88105
1.88295
1.88353
1.88325
1.88202
1.87999
1.87603
1.86977
1.86182
1.85173
1.84645
2.61684
2.16943
1.70831
1.5295
1.47382
1.42303
1.34494
1.23
1.11828
1.06048
1.04801
1.05724
1.08406
1.11999
1.1512
1.17676
1.19672
1.21175
1.2242
1.2353
1.24613
1.2567
1.26732
1.27792
1.2888
1.30022
1.31252
1.32586
1.34041
1.35617
1.373
1.39086
1.40937
1.42855
1.44792
1.46754
1.487
1.50629
1.52519
1.54357
1.56142
1.57866
1.59544
1.61173
1.62786
1.64371
1.65955
1.67543
1.69143
1.70764
1.72395
1.74038
1.75681
1.77311
1.78926
1.80493
1.82019
1.83461
1.84817
1.86044
1.87189
1.88227
1.89085
1.89709
1.90072
1.90154
1.89974
1.89677
1.89126
1.88272
1.87171
1.86096
1.85134
1.84434
1.83978
1.83829
1.8385
1.83954
1.84203
1.84622
1.85136
1.85674
1.86195
1.86701
1.87165
1.87605
1.87984
1.88316
1.88553
1.88709
1.88732
1.8868
1.88543
1.88248
1.87735
1.86978
1.86073
1.85114
1.84026
1.8348
2.78532
2.48847
1.9784
1.61297
1.4665
1.34696
1.19146
1.06775
1.0207
1.02048
1.03719
1.07204
1.11321
1.14732
1.17388
1.19372
1.20913
1.22239
1.23544
1.24835
1.26137
1.2741
1.28648
1.29854
1.31027
1.32216
1.33427
1.34724
1.36086
1.37569
1.39124
1.40789
1.42504
1.44286
1.46082
1.47899
1.49692
1.51466
1.53194
1.54879
1.56522
1.58112
1.59676
1.61208
1.62732
1.6426
1.65797
1.67362
1.68941
1.70554
1.72169
1.73812
1.7544
1.77075
1.78676
1.80255
1.81782
1.83255
1.84657
1.85957
1.87162
1.88265
1.89287
1.90123
1.90785
1.91191
1.91354
1.91222
1.90943
1.90507
1.89781
1.88789
1.87674
1.86641
1.85792
1.85223
1.84922
1.84874
1.84962
1.85144
1.8546
1.85918
1.86408
1.86895
1.87339
1.8773
1.88041
1.8826
1.88363
1.88381
1.88318
1.88112
1.87725
1.87078
1.86287
1.85318
1.84294
1.83299
1.82292
1.8183
2.87315
2.70302
2.32381
1.78447
1.43079
1.18127
1.00816
0.964804
0.975206
1.00498
1.04947
1.09344
1.13006
1.15849
1.17978
1.1961
1.21072
1.22542
1.24052
1.25596
1.2711
1.28592
1.29991
1.31345
1.32618
1.33888
1.35119
1.36408
1.37708
1.39109
1.40544
1.42084
1.43646
1.45284
1.46916
1.48574
1.50201
1.51807
1.53373
1.54895
1.56381
1.57832
1.5927
1.60698
1.62137
1.63596
1.65072
1.66589
1.68114
1.69684
1.71243
1.72839
1.74402
1.75991
1.77523
1.79069
1.80536
1.82007
1.83372
1.84726
1.8594
1.87123
1.88173
1.89189
1.90006
1.90703
1.91145
1.914
1.91331
1.91059
1.90708
1.9014
1.89279
1.88178
1.87101
1.86157
1.85472
1.85058
1.84899
1.84936
1.85101
1.85344
1.85682
1.86103
1.86501
1.86827
1.87037
1.8714
1.87171
1.87064
1.86786
1.86273
1.85579
1.84668
1.83694
1.82638
1.81649
1.80772
1.79974
1.79659
2.9135
2.79749
2.51873
1.97825
1.3334
0.922537
0.816095
0.853518
0.907861
0.974044
1.03182
1.07661
1.11083
1.13672
1.15708
1.17545
1.19345
1.21179
1.23015
1.24851
1.26613
1.28327
1.29922
1.31463
1.32885
1.34275
1.35587
1.36908
1.38205
1.39547
1.40913
1.42328
1.4378
1.45251
1.46739
1.48204
1.49663
1.51066
1.52456
1.53785
1.55116
1.56407
1.57721
1.59028
1.60374
1.61738
1.63145
1.64574
1.66043
1.67521
1.69034
1.70535
1.7206
1.73558
1.75064
1.76533
1.77992
1.79407
1.80789
1.82123
1.83396
1.84606
1.85729
1.86804
1.87769
1.88635
1.89325
1.89864
1.9016
1.90212
1.90006
1.89688
1.89245
1.88515
1.87523
1.86429
1.85441
1.84652
1.8414
1.8387
1.83816
1.83886
1.84072
1.84318
1.84556
1.8476
1.84886
1.84877
1.84716
1.84367
1.83784
1.82972
1.82044
1.81
1.7999
1.79012
1.78197
1.77546
1.77011
1.76858
2.92634
2.8216
2.56364
2.00987
1.18496
0.660879
0.58859
0.670375
0.771005
0.864545
0.933988
0.985172
1.02413
1.05599
1.08423
1.11071
1.1359
1.16017
1.18338
1.20562
1.22674
1.24664
1.26546
1.28291
1.29945
1.31461
1.3293
1.34284
1.35645
1.36929
1.38264
1.39552
1.40909
1.42229
1.43607
1.44921
1.46255
1.47514
1.48789
1.50006
1.5125
1.52473
1.53736
1.55013
1.5633
1.57686
1.5907
1.60502
1.61946
1.63428
1.64915
1.66417
1.67926
1.69422
1.70927
1.72398
1.73872
1.75301
1.76722
1.78088
1.79434
1.80707
1.81943
1.83089
1.84205
1.85203
1.86125
1.86876
1.87499
1.87885
1.88049
1.87933
1.87683
1.87316
1.86736
1.85837
1.84765
1.83713
1.82836
1.82187
1.81783
1.81568
1.81503
1.81509
1.81537
1.81507
1.81399
1.81183
1.80754
1.80089
1.79226
1.78246
1.77191
1.7619
1.75253
1.74516
1.73904
1.7355
1.73212
1.73228
2.93105
2.83097
2.57932
2.02858
1.10792
0.49781
0.392112
0.492815
0.611812
0.707384
0.779692
0.836846
0.884941
0.927694
0.966733
1.00254
1.03573
1.06645
1.09527
1.12207
1.14741
1.17089
1.19299
1.21333
1.2324
1.24983
1.26615
1.28121
1.29541
1.30886
1.32179
1.33445
1.3468
1.35918
1.37142
1.38384
1.39602
1.40821
1.42033
1.43262
1.44504
1.45788
1.47095
1.48463
1.49848
1.51304
1.52767
1.5429
1.5582
1.57382
1.58955
1.60532
1.62125
1.63695
1.65284
1.66832
1.68393
1.69909
1.7142
1.72889
1.74332
1.7573
1.77082
1.78374
1.79606
1.80784
1.81864
1.82856
1.83699
1.84408
1.84894
1.85162
1.85129
1.84933
1.84652
1.84147
1.83321
1.82214
1.81104
1.80074
1.79273
1.78626
1.78198
1.77813
1.7752
1.77127
1.76707
1.76088
1.7534
1.74388
1.73365
1.72282
1.71275
1.70378
1.69661
1.69141
1.68785
1.68635
1.68478
1.68608
2.93536
2.83168
2.58931
2.03692
1.10422
0.480711
0.3471
0.420848
0.512535
0.584988
0.645192
0.699404
0.749943
0.797281
0.841322
0.882166
0.920008
0.955222
0.988063
1.01881
1.04753
1.07444
1.09947
1.12281
1.14429
1.16423
1.18232
1.19915
1.21426
1.22859
1.2415
1.2542
1.26584
1.27773
1.28888
1.30066
1.31212
1.32432
1.33634
1.3493
1.3623
1.37632
1.39048
1.40568
1.42092
1.43714
1.45325
1.47014
1.48689
1.50407
1.52122
1.53841
1.55571
1.57273
1.58993
1.60672
1.62358
1.64008
1.65639
1.67248
1.68811
1.70356
1.71841
1.73292
1.74677
1.76009
1.7727
1.78445
1.79518
1.80454
1.81239
1.81815
1.82138
1.82166
1.82011
1.81736
1.81267
1.80392
1.79223
1.77932
1.76704
1.75575
1.74583
1.73697
1.72837
1.71978
1.71051
1.70004
1.6889
1.67701
1.66575
1.65502
1.64619
1.63904
1.63388
1.63065
1.62883
1.62829
1.62788
1.63
2.93382
2.83472
2.58859
2.03733
1.09511
0.468477
0.338449
0.404195
0.477167
0.526955
0.568427
0.609852
0.65269
0.695579
0.737588
0.777813
0.816257
0.852664
0.887297
0.920054
0.951064
0.980258
1.00766
1.03325
1.05697
1.07884
1.09882
1.11702
1.13351
1.14842
1.16206
1.1745
1.18634
1.19736
1.20853
1.21928
1.23097
1.24256
1.25557
1.26858
1.28321
1.29785
1.31405
1.3302
1.34766
1.36497
1.38326
1.40133
1.42007
1.43849
1.45745
1.47584
1.49486
1.51298
1.53187
1.54965
1.5682
1.58562
1.60363
1.62067
1.63801
1.65452
1.67111
1.68682
1.70248
1.71708
1.7315
1.7447
1.75735
1.7685
1.7786
1.78667
1.79283
1.79587
1.79589
1.7943
1.79116
1.78544
1.77537
1.76158
1.74605
1.72972
1.71381
1.69805
1.68303
1.66768
1.65265
1.63728
1.62281
1.60921
1.59746
1.58784
1.58031
1.57533
1.57192
1.57048
1.57023
1.57086
1.5715
1.5748
2.93344
2.83708
2.59031
2.04321
1.10431
0.478843
0.350258
0.413288
0.480226
0.518605
0.546143
0.574667
0.606557
0.641085
0.676729
0.71248
0.747948
0.782644
0.816425
0.849062
0.880452
0.910431
0.938918
0.965685
0.990754
1.01395
1.03524
1.05459
1.07206
1.08763
1.10169
1.11422
1.12585
1.13661
1.14725
1.15783
1.16905
1.181
1.19402
1.20804
1.22312
1.23924
1.25611
1.27401
1.29213
1.31131
1.33011
1.3501
1.3692
1.38955
1.40874
1.42902
1.44825
1.4682
1.48743
1.50685
1.52598
1.5448
1.56367
1.58186
1.60027
1.61783
1.63543
1.6523
1.66873
1.68466
1.6997
1.71432
1.72764
1.74041
1.75143
1.76145
1.76908
1.77488
1.77658
1.77565
1.77361
1.76942
1.76186
1.74881
1.73156
1.71139
1.68974
1.66727
1.64484
1.62291
1.60198
1.58278
1.56586
1.55168
1.54054
1.53208
1.52646
1.52266
1.52094
1.52035
1.52059
1.52174
1.52257
1.52616
2.93332
2.83792
2.59107
2.04544
1.10684
0.48053
0.352423
0.41692
0.484424
0.520591
0.543517
0.566596
0.593242
0.622839
0.654164
0.686117
0.718596
0.750922
0.782978
0.814503
0.845243
0.87497
0.903459
0.930564
0.956109
0.979924
1.00182
1.02179
1.03971
1.05567
1.0698
1.08232
1.09363
1.10412
1.11434
1.12467
1.1357
1.14758
1.16079
1.17504
1.19071
1.20723
1.2249
1.2432
1.26219
1.28167
1.30133
1.32157
1.34144
1.36211
1.38189
1.40272
1.42226
1.44305
1.46229
1.48282
1.50175
1.5218
1.5404
1.55979
1.57801
1.59658
1.61424
1.63181
1.64867
1.66508
1.68079
1.69587
1.71002
1.72336
1.73539
1.74622
1.75516
1.76219
1.76579
1.76586
1.76416
1.76065
1.75439
1.7424
1.72509
1.70259
1.6769
1.64864
1.61986
1.59194
1.56617
1.54389
1.52517
1.5107
1.4996
1.49193
1.48671
1.4836
1.48211
1.48158
1.48179
1.48282
1.48339
1.48672
2.9364
2.83461
2.59509
2.04607
1.11044
0.484139
0.356129
0.42073
0.488302
0.523641
0.544937
0.5662
0.591229
0.619274
0.649187
0.679721
0.710964
0.742232
0.773429
0.804332
0.834627
0.864045
0.892422
0.919526
0.945181
0.969154
0.991248
1.0114
1.02946
1.04551
1.05961
1.07205
1.08317
1.09345
1.10345
1.1136
1.12447
1.13632
1.14952
1.16387
1.17967
1.19639
1.21425
1.23273
1.2519
1.27155
1.29137
1.31172
1.33173
1.35249
1.37241
1.39333
1.41299
1.43387
1.45321
1.47389
1.49285
1.51313
1.5317
1.55139
1.56952
1.58842
1.606
1.6239
1.64076
1.65746
1.67332
1.68857
1.70305
1.71649
1.729
1.74002
1.74961
1.75702
1.76167
1.76225
1.76068
1.75746
1.75164
1.74025
1.72313
1.69953
1.6716
1.63984
1.60717
1.57546
1.54688
1.52269
1.50311
1.48827
1.4772
1.46957
1.46439
1.46119
1.45952
1.45872
1.45861
1.45921
1.45945
1.46231
)
;

boundaryField
{
    inlet
    {
        type            calculated;
        value           uniform 3.00001;
    }
    outlet
    {
        type            calculated;
        value           nonuniform List<scalar> 
40
(
0.862855
0.967043
1.05598
1.13614
1.20371
1.26355
1.31432
1.35835
1.39575
1.43045
1.46088
1.49159
1.52149
1.55253
1.58432
1.61626
1.64764
1.67758
1.70578
1.73241
1.7573
1.77972
1.80025
1.81844
1.83412
1.84661
1.85363
1.85307
1.84645
1.8348
1.8183
1.79659
1.76858
1.73228
1.68608
1.63
1.5748
1.52616
1.48672
1.46231
)
;
    }
    bottom
    {
        type            symmetryPlane;
    }
    top
    {
        type            symmetryPlane;
    }
    obstacle
    {
        type            calculated;
        value           uniform 0;
    }
    defaultFaces
    {
        type            empty;
    }
}


// ************************************************************************* //
