/*--------------------------------*- C++ -*----------------------------------*\
  =========                 |
  \\      /  F ield         | OpenFOAM: The Open Source CFD Toolbox
   \\    /   O peration     | Website:  https://openfoam.org
    \\  /    A nd           | Version:  10
     \\/     M anipulation  |
\*---------------------------------------------------------------------------*/
FoamFile
{
    format      ascii;
    class       volScalarField;
    location    "5.5";
    object      rho;
}
// * * * * * * * * * * * * * * * * * * * * * * * * * * * * * * * * * * * * * //

dimensions      [1 -3 0 0 0 0 0];

internalField   nonuniform List<scalar> 
5250
(
1.40001
1.40002
1.40006
1.40016
1.40037
1.40097
1.40219
1.40596
1.41317
1.43492
1.47843
1.58582
1.80331
2.29062
4.25895
5.92341
5.76024
5.65003
5.66927
5.7519
5.84056
5.89359
5.93277
5.96415
5.99095
1.40001
1.40002
1.40006
1.40015
1.40038
1.40089
1.40236
1.40533
1.41419
1.43214
1.4804
1.58005
1.8003
2.27508
4.2064
5.93081
5.7617
5.64736
5.66705
5.75032
5.83909
5.89234
5.93232
5.96446
5.99217
1.40001
1.40002
1.40006
1.40014
1.40038
1.40085
1.40231
1.40507
1.41388
1.43077
1.47829
1.57403
1.78928
2.24539
4.08846
5.94754
5.76467
5.63892
5.65793
5.74053
5.82859
5.88073
5.92087
5.9527
5.98029
1.40001
1.40002
1.40006
1.40013
1.40037
1.40078
1.40221
1.4048
1.41313
1.42926
1.47455
1.56541
1.77248
2.202
3.90542
5.97401
5.771
5.62542
5.64237
5.72181
5.80849
5.85971
5.89742
5.92938
5.95811
1.40001
1.40002
1.40005
1.40014
1.4003
1.40085
1.40177
1.40514
1.41079
1.42998
1.46541
1.5598
1.74574
2.15038
3.66191
6.00532
5.78224
5.60924
5.6222
5.69636
5.78095
5.82873
5.86575
5.89493
5.92484
1.40001
1.40002
1.40005
1.40012
1.40028
1.40075
1.40169
1.40457
1.41013
1.42703
1.46063
1.54637
1.72042
2.09066
3.36947
6.02281
5.79667
5.59274
5.5994
5.66327
5.74407
5.78788
5.82028
5.84752
5.87876
1.40001
1.40002
1.40004
1.40012
1.40025
1.40071
1.40147
1.40428
1.40896
1.42493
1.45441
1.53457
1.69268
2.03341
3.0798
5.98443
5.79249
5.57074
5.57076
5.6225
5.69573
5.73333
5.75749
5.77842
5.81114
1.40001
1.40002
1.40004
1.40009
1.40026
1.40057
1.40151
1.40351
1.40893
1.42116
1.45224
1.51988
1.67266
1.98229
2.8827
5.79832
5.72201
5.53399
5.53034
5.56538
5.63118
5.6583
5.67241
5.6812
5.70927
1.40001
1.40002
1.40004
1.4001
1.40021
1.40056
1.40128
1.40332
1.40784
1.41967
1.44658
1.51101
1.64821
1.93768
2.70642
5.49208
5.59146
5.50894
5.48291
5.4955
5.54532
5.56054
5.55484
5.53979
5.54441
1.40001
1.40001
1.40003
1.40008
1.4002
1.40047
1.40119
1.40293
1.40707
1.41766
1.44187
1.49999
1.62581
1.8912
2.54343
5.10475
5.52295
5.47287
5.41707
5.41982
5.44152
5.43511
5.40592
5.33591
5.27934
1.40001
1.40001
1.40003
1.40007
1.40018
1.4004
1.40112
1.40237
1.40677
1.41437
1.43907
1.48599
1.60425
1.83919
2.39163
4.64176
5.48238
5.44152
5.34704
5.33308
5.32516
5.29409
5.20418
4.98565
4.34663
1.40001
1.40001
1.40002
1.40007
1.40014
1.4004
1.40083
1.40235
1.40505
1.41394
1.43072
1.47874
1.57305
1.78949
2.24284
4.09829
5.46514
5.41728
5.29065
5.2435
5.21238
5.14505
4.99369
4.68206
3.99515
1.40001
1.40001
1.40002
1.40005
1.40014
1.40028
1.40081
1.40168
1.40488
1.41021
1.42834
1.46172
1.55141
1.72717
2.10602
3.49094
5.45884
5.40554
5.25576
5.16305
5.1036
5.00173
4.81356
4.47598
3.92836
1.40001
1.40001
1.40002
1.40004
1.40011
1.40023
1.40066
1.40137
1.40391
1.40829
1.42291
1.44992
1.52415
1.66969
1.98058
2.86298
5.37811
5.3632
5.24872
5.09803
5.00749
4.87812
4.67544
4.37479
3.93267
1.40001
1.40001
1.40002
1.40004
1.40008
1.40021
1.40049
1.40121
1.40303
1.40712
1.4181
1.44208
1.50136
1.62715
1.89307
2.54875
4.99214
5.26359
5.19832
5.04026
4.91763
4.78534
4.57476
4.30509
3.95186
1.40001
1.40001
1.40001
1.40003
1.40007
1.40017
1.40038
1.40105
1.40222
1.40633
1.41333
1.43656
1.47969
1.59116
1.80972
2.30915
4.30297
5.15215
5.11625
5.00071
4.84499
4.70573
4.50772
4.25312
3.9546
1.40001
1.40001
1.40001
1.40003
1.40006
1.40013
1.40032
1.40075
1.40196
1.40443
1.41178
1.42639
1.46708
1.54941
1.73633
2.11081
3.56198
5.10533
5.08054
4.98346
4.79351
4.63905
4.45359
4.21864
3.95039
1.40001
1.40001
1.40001
1.40002
1.40005
1.4001
1.40026
1.40056
1.4015
1.40337
1.40877
1.42016
1.45054
1.51422
1.66109
1.94311
2.74229
4.9783
5.0656
4.98515
4.78478
4.59591
4.41171
4.19488
3.9488
1.40001
1.40001
1.40001
1.40002
1.40003
1.40008
1.40019
1.40044
1.40113
1.40255
1.40683
1.41511
1.4395
1.48815
1.60647
1.84106
2.39517
4.4916
4.97865
4.92964
4.77638
4.56739
4.37907
4.17767
3.95136
1.40001
1.40001
1.40001
1.40001
1.40003
1.40007
1.40013
1.40037
1.40076
1.40213
1.40461
1.41252
1.42771
1.47079
1.55562
1.75122
2.13929
3.69021
4.88205
4.86114
4.76696
4.55696
4.3581
4.16446
3.95687
1.40001
1.40001
1.40001
1.40001
1.40002
1.40004
1.40011
1.40023
1.40065
1.40134
1.4038
1.40803
1.42212
1.44788
1.51935
1.65789
1.94147
2.77215
4.7189
4.8373
4.76564
4.58414
4.35872
4.16117
3.96505
1.40001
1.40001
1.40001
1.40001
1.40002
1.40004
1.40007
1.40019
1.4004
1.40111
1.40242
1.40649
1.41455
1.4374
1.48403
1.59683
1.81662
2.32647
4.21076
4.76762
4.72675
4.59981
4.37666
4.16964
3.97822
1.40001
1.40001
1.40001
1.40001
1.40001
1.40003
1.40006
1.40013
1.4003
1.40079
1.40171
1.40474
1.41004
1.42755
1.4597
1.54595
1.71344
2.05935
3.35559
4.65355
4.65496
4.58917
4.41349
4.19616
4.00031
1.40001
1.40001
1.40001
1.40001
1.40001
1.40002
1.40004
1.40009
1.40021
1.40054
1.40118
1.40325
1.40685
1.41896
1.44068
1.50238
1.62137
1.86269
2.47531
4.36127
4.64235
4.58998
4.44925
4.23253
4.02916
1.40001
1.40001
1.40001
1.40001
1.40001
1.40002
1.40003
1.40007
1.40014
1.40038
1.4008
1.40223
1.40476
1.41298
1.42834
1.47223
1.55782
1.75124
2.13285
3.63034
4.55989
4.54281
4.47119
4.28825
4.06709
1.40001
1.40001
1.40001
1.40001
1.40001
1.40001
1.40002
1.40005
1.4001
1.40025
1.40055
1.40148
1.40314
1.40875
1.41853
1.44923
1.50642
1.64704
1.89129
2.634
4.33391
4.53262
4.4809
4.34828
4.12018
1.40001
1.40001
1.40001
1.40001
1.40001
1.40001
1.40002
1.40003
1.40007
1.40016
1.40038
1.40095
1.40217
1.40568
1.41259
1.43277
1.47268
1.57182
1.76039
2.17645
3.71906
4.4585
4.44371
4.37379
4.20299
1.40001
1.40001
1.40001
1.40001
1.40001
1.40001
1.40001
1.40002
1.40005
1.4001
1.40027
1.40056
1.40157
1.40328
1.40912
1.41942
1.45125
1.51056
1.6555
1.9058
2.73072
4.23528
4.42502
4.38193
4.26424
1.40001
1.40001
1.40001
1.40001
1.40001
1.40001
1.40001
1.40002
1.40003
1.40007
1.40018
1.40037
1.40099
1.40218
1.40569
1.41295
1.43237
1.47389
1.57114
1.75654
2.16967
3.65569
4.3489
4.34079
4.28683
1.40001
1.40001
1.40001
1.40001
1.40001
1.40001
1.40001
1.40001
1.40002
1.40004
1.40011
1.40023
1.40064
1.40133
1.4037
1.40781
1.42124
1.44565
1.51332
1.64056
1.88823
2.65598
4.1072
4.32251
4.29112
1.40001
1.40001
1.40001
1.40001
1.40001
1.40001
1.40001
1.40001
1.40002
1.40003
1.40006
1.40017
1.40036
1.40092
1.40213
1.40524
1.41261
1.42981
1.471
1.55991
1.73764
2.11647
3.49174
4.23497
4.26036
1.40001
1.40001
1.40001
1.40001
1.40001
1.40001
1.40001
1.40001
1.40001
1.40002
1.40005
1.40009
1.40025
1.40051
1.40141
1.40294
1.40812
1.4171
1.44537
1.49664
1.62439
1.83233
2.44787
3.96001
4.23968
1.40001
1.40001
1.40001
1.40001
1.40001
1.40001
1.40001
1.40001
1.40001
1.40001
1.40003
1.40006
1.40015
1.40031
1.40087
1.4018
1.40498
1.41047
1.4282
1.46047
1.5469
1.70174
2.03505
3.24296
4.10842
1.40001
1.40001
1.40001
1.40001
1.40001
1.40001
1.40001
1.40001
1.40001
1.40001
1.40002
1.40004
1.40008
1.40021
1.40047
1.40115
1.40279
1.40651
1.41618
1.43688
1.48815
1.59267
1.78436
2.27108
3.74819
1.40001
1.40001
1.40001
1.40001
1.40001
1.40001
1.40001
1.40001
1.40001
1.40001
1.40001
1.40003
1.40005
1.40013
1.40027
1.40074
1.40153
1.40421
1.4089
1.42384
1.45121
1.52549
1.65983
1.93324
2.87514
1.40001
1.40001
1.40001
1.40001
1.40001
1.40001
1.40001
1.40001
1.40001
1.40001
1.40001
1.40002
1.40004
1.40007
1.40018
1.40038
1.40103
1.40215
1.40585
1.41248
1.43271
1.47087
1.56656
1.73083
2.12302
1.40001
1.40001
1.40001
1.40001
1.40001
1.40001
1.40001
1.40001
1.40001
1.40001
1.40001
1.40001
1.40002
1.40005
1.40009
1.40025
1.40052
1.40138
1.40301
1.40778
1.41739
1.44313
1.49553
1.61288
1.81026
1.40001
1.40001
1.40001
1.40001
1.40001
1.40001
1.40001
1.40001
1.40001
1.40001
1.40001
1.40001
1.40001
1.40003
1.40006
1.40014
1.40031
1.40079
1.40171
1.4046
1.40963
1.42595
1.45475
1.5342
1.66991
1.40001
1.40001
1.40001
1.40001
1.40001
1.40001
1.40001
1.40001
1.40001
1.40001
1.40001
1.40001
1.40001
1.40002
1.40004
1.40008
1.40019
1.4004
1.40108
1.40225
1.40615
1.41285
1.43416
1.47231
1.57028
1.40001
1.40001
1.40001
1.40001
1.40001
1.40001
1.40001
1.40001
1.40001
1.40001
1.40001
1.40001
1.40001
1.40001
1.40002
1.40005
1.4001
1.40025
1.40053
1.40141
1.40305
1.40787
1.41746
1.44336
1.49509
1.40001
1.40001
1.40001
1.40001
1.40001
1.40001
1.40001
1.40001
1.40001
1.40001
1.40001
1.40001
1.40001
1.40001
1.40002
1.40003
1.40006
1.40013
1.40034
1.40072
1.40187
1.40417
1.41043
1.42385
1.45709
1.40001
1.40001
1.40001
1.40001
1.40001
1.40001
1.40001
1.40001
1.40001
1.40001
1.40001
1.40001
1.40001
1.40001
1.40001
1.40002
1.40004
1.40009
1.40018
1.40047
1.40098
1.40264
1.40562
1.41481
1.43197
1.40001
1.40001
1.40001
1.40001
1.40001
1.40001
1.40001
1.40001
1.40001
1.40001
1.40001
1.40001
1.40001
1.40001
1.40001
1.40001
1.40002
1.40006
1.40011
1.40031
1.40064
1.40174
1.40371
1.40984
1.42155
1.40001
1.40001
1.40001
1.40001
1.40001
1.40001
1.40001
1.40001
1.40001
1.40001
1.40001
1.40001
1.40001
1.40001
1.40001
1.40001
1.40002
1.40004
1.4001
1.40021
1.40058
1.40121
1.40342
1.40713
1.41984
1.40001
1.40001
1.40001
1.40001
1.40001
1.40001
1.40001
1.40001
1.40001
1.40001
1.40001
1.40001
1.40001
1.40001
1.40001
1.40001
1.40002
1.40004
1.40009
1.40019
1.40051
1.40108
1.4031
1.40647
1.4183
1.40001
1.40001
1.40001
1.40001
1.40001
1.40001
1.40001
1.40001
1.40001
1.40001
1.40001
1.40001
1.40001
1.40001
1.40001
1.40001
1.40002
1.40003
1.40008
1.40018
1.40047
1.40109
1.40279
1.4067
1.41665
1.40001
1.40001
1.40001
1.40001
1.40001
1.40001
1.40001
1.40001
1.40001
1.40001
1.40001
1.40001
1.40001
1.40001
1.40001
1.40001
1.40002
1.40004
1.40007
1.4002
1.40041
1.40119
1.4025
1.40718
1.41536
1.40001
1.40001
1.40001
1.40001
1.40001
1.40001
1.40001
1.40001
1.40001
1.40001
1.40001
1.40001
1.40001
1.40001
1.40001
1.40001
1.40002
1.40004
1.40007
1.4002
1.40041
1.40117
1.40251
1.40701
1.41546
1.40001
1.40001
1.40001
1.40001
1.40001
1.40001
1.40001
1.40001
1.40001
1.40001
1.40001
1.40001
1.40001
1.40001
1.40001
1.40001
1.40002
1.40004
1.40007
1.4002
1.40041
1.40115
1.40254
1.40689
1.41563
1.40001
1.40001
1.40001
1.40001
1.40001
1.40001
1.40001
1.40001
1.40001
1.40001
1.40001
1.40001
1.40001
1.40001
1.40001
1.40001
1.40002
1.40003
1.40008
1.40018
1.40043
1.40112
1.40257
1.40688
1.41551
2.01572
1.32175
1.29702
1.74489
1.73295
1.61665
1.56732
1.56101
1.55664
1.55348
1.54291
1.52632
1.51299
1.50184
1.49222
1.48202
1.47047
1.45926
1.44853
1.43806
1.42721
1.41537
1.40864
1.40688
1.40698
1.41054
1.42467
1.45306
1.49426
1.54642
1.60361
1.6636
1.72304
1.78069
1.83435
1.88332
1.92679
1.96642
2.00184
2.03344
2.0616
2.08608
2.10701
2.12572
2.14163
2.15277
2.16256
2.16805
2.17321
2.17487
2.17733
2.17373
2.17235
2.16625
2.1628
2.15478
2.14893
2.1405
2.13251
2.12396
2.11505
2.10649
2.0979
2.0897
2.08218
2.07527
2.06929
2.06442
2.06069
2.05828
2.05726
2.0577
2.05862
2.05978
2.06148
2.0641
2.06694
2.06941
2.07003
2.07025
2.07006
2.06842
2.0651
2.05876
2.05164
2.04078
2.03047
2.01765
2.00457
1.98964
1.97518
1.95935
1.94373
1.92725
1.91159
1.89558
1.88082
1.86689
1.85534
1.8477
2.49565
1.85962
1.77803
1.84187
1.74727
1.63638
1.54818
1.5092
1.5
1.50801
1.49256
1.46796
1.45591
1.44659
1.43799
1.42996
1.4203
1.40754
1.39561
1.38513
1.37333
1.36291
1.35484
1.35114
1.3504
1.35244
1.3637
1.38962
1.43053
1.48399
1.54485
1.60839
1.67317
1.73675
1.79739
1.85269
1.90363
1.94863
1.99332
2.03329
2.07096
2.10047
2.12936
2.15224
2.1746
2.18983
2.20506
2.21455
2.22393
2.22945
2.23531
2.2358
2.23575
2.23368
2.23103
2.22718
2.22198
2.21635
2.20973
2.20279
2.19565
2.18824
2.18104
2.17412
2.16764
2.16189
2.15702
2.15317
2.15054
2.14923
2.1493
2.15095
2.1531
2.15544
2.15829
2.16207
2.16601
2.16926
2.17104
2.17188
2.1729
2.17168
2.16886
2.16299
2.1557
2.14581
2.13486
2.12199
2.10864
2.09375
2.07841
2.0622
2.04596
2.02912
2.01248
1.99592
1.98035
1.96593
1.9537
1.94545
3.01641
2.39421
2.09502
2.01161
1.90277
1.79435
1.67142
1.61124
1.55347
1.51917
1.49002
1.45713
1.43534
1.42415
1.41848
1.40469
1.3884
1.37049
1.35329
1.33996
1.33173
1.32159
1.31191
1.30695
1.3049
1.30497
1.31387
1.33778
1.37937
1.43655
1.5016
1.57264
1.64394
1.71603
1.78553
1.84816
1.90747
1.95987
2.01
2.0533
2.09207
2.12559
2.15618
2.18276
2.20644
2.22571
2.24219
2.25507
2.2652
2.27376
2.28044
2.28425
2.28417
2.28357
2.28189
2.27906
2.27518
2.2701
2.26447
2.25815
2.25154
2.24478
2.23813
2.23167
2.2258
2.22049
2.21612
2.21272
2.21059
2.20962
2.21018
2.21218
2.21494
2.2177
2.22115
2.22504
2.22941
2.2325
2.23508
2.23609
2.2375
2.2364
2.23364
2.22775
2.22081
2.21107
2.20041
2.18733
2.17383
2.15845
2.14294
2.1259
2.10912
2.09137
2.07425
2.05659
2.04046
2.02499
2.01194
2.0027
3.29409
2.73497
2.35662
2.17792
2.0744
1.96165
1.84416
1.75519
1.69738
1.63411
1.57201
1.51546
1.47688
1.45284
1.43593
1.41684
1.39612
1.37386
1.35382
1.33594
1.31978
1.30572
1.29401
1.28609
1.28188
1.28091
1.28814
1.31129
1.35557
1.42039
1.49404
1.57315
1.65475
1.73398
1.80947
1.87805
1.94098
1.99736
2.04958
2.09594
2.13795
2.17495
2.20814
2.23755
2.26304
2.28523
2.30319
2.31844
2.32985
2.33974
2.34799
2.3533
2.3543
2.35361
2.35257
2.35008
2.3468
2.34208
2.33686
2.33062
2.32437
2.31752
2.31112
2.30453
2.29885
2.29342
2.28934
2.28587
2.28394
2.28276
2.28335
2.28485
2.28776
2.28997
2.29338
2.29621
2.29993
2.30189
2.3042
2.30478
2.3053
2.30308
2.29977
2.29376
2.28677
2.27722
2.26655
2.25367
2.23993
2.22443
2.20848
2.19133
2.17392
2.15585
2.13795
2.12037
2.10347
2.08779
2.07368
2.0642
3.44853
2.97404
2.59399
2.34896
2.21664
2.11491
2.01122
1.91532
1.8405
1.7797
1.71519
1.65034
1.58807
1.53579
1.49615
1.46652
1.44151
1.41782
1.39334
1.37299
1.3542
1.33512
1.31525
1.30129
1.2935
1.29341
1.30312
1.33163
1.38064
1.44912
1.52545
1.60824
1.69223
1.77611
1.85469
1.92794
1.99445
2.05579
2.11126
2.16203
2.20698
2.24733
2.28252
2.31341
2.33997
2.36247
2.38108
2.39619
2.40785
2.41709
2.42521
2.43039
2.43204
2.43
2.42803
2.42444
2.42087
2.41545
2.4102
2.40342
2.39728
2.38996
2.38379
2.3768
2.37141
2.36563
2.3619
2.35796
2.35621
2.35451
2.35499
2.35561
2.35819
2.36001
2.36279
2.36443
2.36688
2.36796
2.36913
2.36837
2.36695
2.3636
2.3592
2.3527
2.34481
2.33495
2.32348
2.31035
2.29579
2.27998
2.26295
2.24518
2.22666
2.20785
2.18903
2.17038
2.15239
2.13542
2.12018
2.10902
3.55504
3.14412
2.79601
2.53336
2.36327
2.24925
2.15215
2.06046
1.97869
1.91202
1.85013
1.78801
1.72689
1.6702
1.61613
1.56991
1.53024
1.49329
1.4628
1.43392
1.40839
1.38738
1.37206
1.36069
1.3551
1.35594
1.36746
1.40048
1.45108
1.51477
1.58885
1.66838
1.7489
1.83211
1.91312
1.98939
2.05964
2.12371
2.1816
2.23331
2.27948
2.31991
2.35579
2.38661
2.41354
2.43559
2.45432
2.46868
2.48018
2.48823
2.49576
2.50064
2.50323
2.50055
2.49762
2.49298
2.48869
2.4825
2.47673
2.46933
2.46283
2.45511
2.4488
2.44166
2.43639
2.43069
2.42709
2.4231
2.42147
2.4194
2.41964
2.41925
2.42098
2.42156
2.42337
2.42335
2.42412
2.42309
2.42244
2.41998
2.41742
2.41281
2.40797
2.40092
2.39325
2.38322
2.37244
2.35929
2.34548
2.32951
2.31315
2.29494
2.2768
2.25748
2.23861
2.21917
2.20076
2.18275
2.16664
2.15405
3.62343
3.27247
2.95554
2.69469
2.50418
2.36978
2.26666
2.17886
2.09988
2.02873
1.96748
1.90896
1.8504
1.79601
1.74323
1.69278
1.64724
1.60377
1.56371
1.52934
1.49792
1.47202
1.45357
1.44213
1.4372
1.4427
1.47089
1.51254
1.56026
1.61616
1.67947
1.74803
1.81657
1.88761
1.96482
2.04258
2.1169
2.18395
2.24371
2.29611
2.34231
2.38258
2.41779
2.44797
2.47398
2.49549
2.5136
2.52759
2.53894
2.54609
2.55293
2.55763
2.56101
2.55934
2.55606
2.55123
2.5469
2.541
2.53569
2.52879
2.52287
2.5157
2.51
2.50341
2.4989
2.49363
2.49049
2.48679
2.48525
2.48294
2.48263
2.48124
2.48165
2.48055
2.4807
2.47855
2.47742
2.47375
2.47104
2.46617
2.46185
2.45547
2.44935
2.44115
2.43279
2.42229
2.4113
2.3982
2.38448
2.3688
2.35251
2.33462
2.31645
2.29714
2.27799
2.25825
2.23931
2.22059
2.20367
2.18986
3.66858
3.36661
3.07843
2.83196
2.63025
2.48201
2.36643
2.27534
2.19889
2.12897
2.0669
2.01115
1.95766
1.90455
1.85555
1.80652
1.76092
1.71889
1.67664
1.63942
1.60726
1.58119
1.56386
1.55065
1.55113
1.57028
1.62104
1.66752
1.7086
1.75145
1.79723
1.8426
1.89542
1.94373
1.99844
2.07121
2.1477
2.22105
2.2863
2.34269
2.39095
2.43232
2.46805
2.49867
2.525
2.54688
2.56519
2.57942
2.59072
2.59814
2.60401
2.60821
2.61175
2.6117
2.60869
2.60331
2.59833
2.59201
2.58649
2.57974
2.57406
2.56725
2.56207
2.556
2.55192
2.54706
2.54439
2.54072
2.5392
2.53636
2.53545
2.53277
2.53175
2.52849
2.52646
2.52178
2.51809
2.51212
2.50682
2.49965
2.49318
2.48507
2.47753
2.46831
2.45947
2.44871
2.43812
2.42537
2.41258
2.39756
2.38234
2.36513
2.34782
2.32894
2.31024
2.29055
2.27159
2.25249
2.23509
2.22042
3.70087
3.43873
3.17634
2.94246
2.74309
2.58554
2.46111
2.36223
2.28153
2.21341
2.15222
2.0966
2.04706
1.9973
1.951
1.90562
1.8606
1.82016
1.78189
1.74652
1.72096
1.69833
1.68339
1.67418
1.68835
1.74408
1.81572
1.86182
1.8908
1.91774
1.94328
1.95632
1.98119
2.01002
2.04556
2.09107
2.15472
2.22939
2.30216
2.3659
2.42045
2.46568
2.50363
2.53502
2.56134
2.58317
2.6013
2.61575
2.62713
2.63528
2.64085
2.64456
2.64783
2.64913
2.64826
2.64371
2.63895
2.63301
2.62792
2.6218
2.6169
2.61104
2.60672
2.60177
2.5986
2.59449
2.59227
2.58895
2.58732
2.58403
2.58221
2.57812
2.57538
2.56949
2.56492
2.55747
2.55105
2.54219
2.53429
2.52439
2.51554
2.50504
2.49568
2.48479
2.4749
2.46344
2.4526
2.44014
2.42782
2.41385
2.39956
2.38368
2.36734
2.3496
2.33165
2.31258
2.29396
2.27486
2.25732
2.24197
3.72912
3.49148
3.25732
3.03481
2.84198
2.67799
2.54891
2.44187
2.3577
2.28545
2.22482
2.17047
2.12154
2.07593
2.03146
1.98975
1.94827
1.90858
1.87396
1.84482
1.8265
1.80863
1.802
1.80836
1.85329
1.96074
2.04758
2.0791
2.09784
2.11114
2.10305
2.07864
2.06751
2.08193
2.10196
2.12943
2.16697
2.21849
2.28683
2.35502
2.41792
2.47159
2.51589
2.55096
2.5794
2.60244
2.62121
2.63633
2.64861
2.65788
2.66492
2.66935
2.67267
2.67467
2.67599
2.67418
2.67071
2.66574
2.66179
2.65708
2.65348
2.64927
2.64645
2.64284
2.64083
2.63777
2.63627
2.63326
2.63161
2.62782
2.62506
2.61957
2.61453
2.60652
2.59941
2.5896
2.58073
2.56934
2.55912
2.54671
2.53585
2.52308
2.51213
2.49942
2.4885
2.47596
2.46475
2.45204
2.44001
2.42647
2.41307
2.39807
2.38305
2.3663
2.34975
2.33156
2.31411
2.29565
2.27863
2.26357
3.75567
3.5378
3.32132
3.11561
2.92745
2.76505
2.62851
2.5179
2.42656
2.35189
2.28835
2.23332
2.18527
2.14069
2.09935
2.05949
2.02305
1.98649
1.95664
1.93662
1.92166
1.91114
1.91753
1.95076
2.05736
2.21152
2.29631
2.30911
2.3184
2.31067
2.25767
2.2065
2.17221
2.15704
2.16375
2.17874
2.19907
2.22818
2.2668
2.32369
2.38719
2.44916
2.50236
2.54722
2.58189
2.60974
2.63082
2.648
2.66145
2.67199
2.68007
2.68594
2.69047
2.69271
2.69477
2.69558
2.69513
2.69163
2.68866
2.68509
2.68273
2.68018
2.6791
2.67719
2.67623
2.6741
2.67287
2.67004
2.66791
2.66335
2.65925
2.65159
2.64439
2.63419
2.62453
2.61201
2.60038
2.58621
2.57343
2.55845
2.5453
2.53031
2.51741
2.50305
2.49069
2.47719
2.46526
2.45233
2.4404
2.42735
2.4148
2.40082
2.3871
2.37165
2.3565
2.33965
2.32333
2.30601
2.28956
2.27538
3.78247
3.57917
3.37794
3.18333
3.00448
2.8434
2.70481
2.58873
2.49237
2.41359
2.34633
2.29038
2.24026
2.19625
2.15663
2.11809
2.08507
2.05263
2.03442
2.01871
2.00997
2.01114
2.0385
2.11237
2.31932
2.48915
2.53562
2.54231
2.53516
2.4878
2.40668
2.33634
2.28488
2.25014
2.23204
2.22942
2.2391
2.25397
2.27528
2.30375
2.34737
2.40294
2.46046
2.51354
2.55829
2.59497
2.62277
2.64486
2.66056
2.67344
2.68336
2.69105
2.69724
2.70182
2.70628
2.70891
2.71047
2.71176
2.71223
2.71042
2.7098
2.70913
2.70951
2.70912
2.70932
2.70834
2.70771
2.70512
2.70264
2.69707
2.69115
2.68212
2.6734
2.6613
2.64977
2.63495
2.6213
2.60474
2.58992
2.57268
2.5576
2.54061
2.52598
2.50995
2.49617
2.48138
2.46852
2.45482
2.44263
2.42944
2.41738
2.40393
2.39139
2.37705
2.36349
2.34802
2.3333
2.31722
2.30183
2.28872
3.80964
3.61923
3.42916
3.24531
3.07284
2.91608
2.77687
2.65688
2.55526
2.47127
2.40121
2.34149
2.29112
2.24583
2.20609
2.17027
2.1382
2.11458
2.10287
2.09433
2.095
2.11643
2.17911
2.34441
2.61424
2.75399
2.76119
2.75929
2.73076
2.63936
2.54491
2.46482
2.40127
2.3529
2.31842
2.29657
2.28467
2.28878
2.29719
2.30926
2.32955
2.35916
2.40617
2.45814
2.5099
2.55722
2.5957
2.62697
2.64956
2.66793
2.68071
2.69103
2.69939
2.70624
2.71213
2.7172
2.7217
2.72588
2.72904
2.73082
2.73266
2.73437
2.73641
2.73711
2.73794
2.73788
2.73762
2.73498
2.7313
2.72455
2.71735
2.70701
2.69634
2.68244
2.66875
2.65213
2.63637
2.61811
2.6013
2.58246
2.56552
2.54696
2.53059
2.51297
2.49767
2.48139
2.4674
2.45251
2.43973
2.4259
2.41388
2.40057
2.38877
2.3754
2.36315
2.34925
2.33607
2.32185
2.30765
2.29664
3.83995
3.65696
3.4782
3.3028
3.13667
2.98333
2.84453
2.72358
2.6179
2.52833
2.45351
2.39015
2.33671
2.29101
2.25081
2.21676
2.1871
2.17644
2.16834
2.16754
2.18414
2.23567
2.35445
2.6685
2.9103
2.97298
2.97234
2.95229
2.88184
2.77335
2.67317
2.58849
2.51799
2.4602
2.41325
2.3766
2.34931
2.33182
2.32333
2.32941
2.33596
2.34721
2.36776
2.4012
2.44767
2.49716
2.54446
2.58663
2.62028
2.64761
2.66756
2.6832
2.69543
2.70521
2.71423
2.72247
2.7303
2.73767
2.74431
2.75017
2.75537
2.75972
2.76342
2.76552
2.76656
2.76655
2.76613
2.76313
2.75857
2.75092
2.74237
2.73056
2.71826
2.7028
2.68747
2.66937
2.65202
2.63238
2.6141
2.59397
2.57567
2.55579
2.53807
2.51898
2.50228
2.48446
2.46912
2.45286
2.43899
2.42422
2.41162
2.39811
2.38653
2.37378
2.36256
2.34991
2.33829
2.32557
2.31275
2.30361
3.87619
3.69846
3.5254
3.35923
3.1979
3.04737
2.90994
2.78652
2.67943
2.58521
2.50596
2.43864
2.38145
2.33354
2.2931
2.25925
2.24148
2.23429
2.23325
2.24626
2.29057
2.39395
2.65379
3.00123
3.15607
3.15904
3.14835
3.10703
2.99821
2.88865
2.79057
2.70577
2.63177
2.56751
2.51144
2.4638
2.42348
2.39126
2.36753
2.35205
2.34929
2.35325
2.35802
2.3697
2.39312
2.43241
2.47931
2.52819
2.57342
2.61225
2.64308
2.66692
2.68556
2.70078
2.7139
2.72616
2.73778
2.74873
2.7587
2.76812
2.77635
2.78301
2.78883
2.79165
2.79308
2.79328
2.79303
2.78998
2.78445
2.77546
2.76538
2.75202
2.73817
2.72128
2.70452
2.68517
2.66647
2.64565
2.62598
2.60464
2.58493
2.5638
2.54466
2.52425
2.50614
2.48691
2.47021
2.45252
2.43745
2.42139
2.40809
2.39387
2.38223
2.36953
2.35901
2.34723
2.33696
2.3259
2.31443
2.30791
3.92195
3.74474
3.57532
3.41223
3.25731
3.10935
2.9726
2.84846
2.7381
2.64192
2.55763
2.48707
2.42621
2.37647
2.33495
2.30586
2.29885
2.2962
2.30591
2.34057
2.43103
2.63347
3.03559
3.2807
3.3253
3.32001
3.29188
3.21194
3.09908
2.99369
2.90033
2.8165
2.74065
2.67176
2.60929
2.55322
2.50328
2.46042
2.42399
2.39511
2.37418
2.36582
2.36291
2.3657
2.37234
2.38653
2.41596
2.45961
2.50822
2.5572
2.60087
2.63822
2.66801
2.69254
2.71214
2.72992
2.74468
2.76018
2.77322
2.78668
2.79732
2.80689
2.81489
2.81847
2.82012
2.8201
2.81921
2.81488
2.80809
2.79772
2.78627
2.77166
2.75647
2.73843
2.72043
2.70009
2.68033
2.65872
2.63818
2.61616
2.59557
2.57364
2.55344
2.53191
2.51247
2.49177
2.47357
2.45428
2.43772
2.42032
2.40591
2.39076
2.37845
2.36532
2.35472
2.34316
2.33347
2.32348
2.31291
2.30875
3.98199
3.79674
3.62907
3.46799
3.31498
3.17045
3.03454
2.90961
2.79668
2.69811
2.60986
2.53596
2.47134
2.42081
2.37765
2.36467
2.36024
2.36602
2.39419
2.46786
2.62806
3.03348
3.36568
3.46986
3.46787
3.44973
3.39623
3.29241
3.18753
3.09108
3.00312
2.92084
2.84429
2.77216
2.70516
2.64294
2.58602
2.53458
2.48883
2.44977
2.41754
2.39319
2.37843
2.37302
2.37182
2.37576
2.3859
2.40554
2.44285
2.49094
2.54133
2.59123
2.63526
2.67286
2.70395
2.72936
2.75167
2.77059
2.78861
2.80339
2.81796
2.82838
2.83766
2.8412
2.84309
2.84336
2.84206
2.83679
2.82874
2.81694
2.80389
2.7881
2.77173
2.7529
2.73397
2.713
2.6925
2.67023
2.64891
2.62602
2.60454
2.58159
2.56044
2.5378
2.5173
2.49539
2.47595
2.45527
2.43745
2.41884
2.40324
2.38704
2.37376
2.35989
2.34876
2.33701
2.32741
2.31812
2.30807
2.30603
4.04935
3.85174
3.68278
3.52448
3.3722
3.23033
3.09525
2.9714
2.85609
2.75487
2.66403
2.58572
2.52027
2.46584
2.43443
2.42847
2.43111
2.45356
2.5157
2.65679
3.00251
3.40495
3.58715
3.59057
3.5829
3.55193
3.46706
3.36551
3.27049
3.18316
3.09993
3.01968
2.94286
2.86882
2.79856
2.73205
2.66967
2.61231
2.55988
2.51369
2.47255
2.43844
2.41127
2.39162
2.38428
2.37854
2.38243
2.38918
2.40351
2.43114
2.47499
2.52807
2.5842
2.63576
2.68186
2.72019
2.75124
2.77873
2.79986
2.81875
2.8354
2.84686
2.85711
2.86077
2.86245
2.86249
2.86035
2.85375
2.84444
2.83175
2.81746
2.80076
2.78341
2.76399
2.74437
2.7229
2.70182
2.67907
2.65727
2.63388
2.61189
2.58833
2.56648
2.54309
2.52166
2.49884
2.47821
2.45666
2.43769
2.41811
2.40126
2.38393
2.36945
2.35448
2.34237
2.32986
2.31976
2.31046
2.30044
2.29968
4.1437
3.92827
3.74109
3.58382
3.43234
3.28946
3.15731
3.03087
2.91737
2.81119
2.72072
2.63799
2.57401
2.51716
2.50959
2.50713
2.52178
2.57017
2.69481
2.98313
3.42727
3.6693
3.71094
3.70485
3.68075
3.61635
3.52598
3.43765
3.35347
3.27241
3.19259
3.11415
3.03743
2.96212
2.88983
2.82033
2.75478
2.69358
2.6366
2.58448
2.53703
2.49531
2.4589
2.43005
2.40723
2.3956
2.39035
2.39283
2.39822
2.40952
2.4299
2.46731
2.52127
2.57916
2.63794
2.69081
2.73658
2.77497
2.8043
2.82865
2.84744
2.86041
2.87109
2.87395
2.87513
2.87493
2.87261
2.86475
2.8545
2.84114
2.82635
2.80903
2.79108
2.77117
2.75116
2.72951
2.70811
2.68531
2.66308
2.63953
2.61684
2.59292
2.57018
2.54634
2.524
2.50076
2.47953
2.45757
2.43786
2.41748
2.39962
2.38113
2.36545
2.34921
2.33594
2.32242
2.31148
2.30185
2.29153
2.29147
4.20094
4.00163
3.80959
3.64071
3.49636
3.34963
3.22057
3.09325
2.97867
2.87244
2.77703
2.69717
2.62927
2.59766
2.59249
2.60232
2.64168
2.74857
2.98867
3.44746
3.7385
3.81504
3.81174
3.79494
3.74826
3.66855
3.58815
3.51195
3.43597
3.36008
3.28304
3.20586
3.12929
3.05356
2.98024
2.90899
2.84144
2.77685
2.71653
2.65959
2.60784
2.55967
2.51781
2.48044
2.45046
2.42667
2.41166
2.40627
2.4085
2.41319
2.42293
2.44052
2.47038
2.51794
2.57723
2.63892
2.69739
2.74971
2.79164
2.82545
2.8498
2.86665
2.87865
2.88101
2.88216
2.88149
2.87874
2.86995
2.85921
2.84568
2.83094
2.81363
2.79552
2.77555
2.75539
2.7339
2.71237
2.68974
2.66725
2.64381
2.62073
2.59672
2.57337
2.54923
2.52643
2.503
2.4813
2.45895
2.43858
2.41755
2.3988
2.37944
2.36271
2.3455
2.3312
2.31681
2.30504
2.29494
2.28431
2.28429
4.21817
4.10246
3.89512
3.71013
3.55739
3.41457
3.28026
3.1578
3.0395
2.93531
2.83952
2.76019
2.70418
2.69605
2.69984
2.73141
2.822
3.02446
3.47824
3.80321
3.91328
3.91218
3.90049
3.86707
3.79703
3.7238
3.65491
3.58694
3.517
3.44535
3.3709
3.29574
3.21986
3.14421
3.07031
2.99804
2.92869
2.86218
2.79877
2.73902
2.68304
2.63126
2.58407
2.54193
2.50484
2.47418
2.44965
2.43277
2.42479
2.42893
2.43391
2.442
2.45666
2.4837
2.52427
2.57885
2.6393
2.69921
2.7538
2.79999
2.8348
2.85983
2.87585
2.88168
2.88283
2.88231
2.87937
2.87092
2.85989
2.84643
2.83152
2.8146
2.79672
2.77712
2.7571
2.73567
2.71431
2.6917
2.66939
2.64582
2.62266
2.59838
2.575
2.5509
2.52802
2.50457
2.48257
2.46002
2.43914
2.4177
2.39828
2.37832
2.36087
2.34299
2.32804
2.31308
2.30086
2.29051
2.27992
2.27999
4.21792
4.14688
3.98892
3.79114
3.6271
3.48083
3.34664
3.22101
3.10619
2.99886
2.91118
2.832
2.8182
2.8159
2.83946
2.91417
3.0976
3.53364
3.87635
4.01181
4.01153
4.00241
3.97611
3.9148
3.8505
3.78937
3.72935
3.66742
3.60128
3.53225
3.45913
3.38537
3.30917
3.23416
3.15938
3.08645
3.01575
2.9474
2.88179
2.81982
2.76045
2.70603
2.65461
2.60856
2.56657
2.53058
2.49972
2.47572
2.45891
2.44909
2.45257
2.45795
2.46599
2.48049
2.50241
2.53645
2.58332
2.63762
2.69478
2.74829
2.79417
2.83001
2.85497
2.87049
2.87331
2.87382
2.87273
2.86703
2.85651
2.84295
2.82821
2.81167
2.79428
2.77532
2.75567
2.73476
2.71337
2.69106
2.66849
2.6452
2.62197
2.59834
2.57508
2.55149
2.5286
2.50544
2.48328
2.46079
2.43964
2.41804
2.39825
2.37798
2.36008
2.34184
2.32644
2.31127
2.29872
2.28844
2.27846
2.27852
4.19292
4.1596
4.07076
3.87751
3.70047
3.54997
3.41304
3.28829
3.17313
3.07258
2.98658
2.9539
2.94795
2.96782
3.03734
3.208
3.62678
3.9699
4.1136
4.11348
4.10611
4.08296
4.02401
3.96602
3.9133
3.86178
3.8084
3.74984
3.68613
3.61815
3.54675
3.47351
3.39859
3.32326
3.2486
3.17445
3.10325
3.03278
2.96631
2.9014
2.84064
2.78299
2.72957
2.68034
2.63571
2.59593
2.56092
2.53209
2.50885
2.49238
2.48321
2.48311
2.48806
2.49394
2.50614
2.52357
2.54781
2.58573
2.63127
2.67998
2.72848
2.77251
2.80904
2.83495
2.85117
2.8542
2.85494
2.85307
2.84738
2.83529
2.82081
2.8046
2.78784
2.76963
2.75087
2.73067
2.71014
2.68825
2.66624
2.6433
2.62071
2.59745
2.57475
2.55143
2.52886
2.50578
2.48377
2.46134
2.44029
2.41879
2.39901
2.37886
2.36087
2.34286
2.32735
2.31263
2.30042
2.29061
2.28285
2.28324
4.14915
4.13963
4.09495
3.97976
3.79096
3.62561
3.48529
3.35836
3.24924
3.15357
3.10783
3.0986
3.11555
3.18248
3.3519
3.76413
4.09585
4.23121
4.23094
4.21892
4.18658
4.12383
4.06897
4.02493
3.9836
3.94013
3.89012
3.83364
3.77073
3.70353
3.63212
3.55961
3.48403
3.40976
3.33369
3.26045
3.18698
3.11681
3.04787
2.98266
2.91975
2.86109
2.8057
2.75458
2.70771
2.66562
2.62799
2.59626
2.56854
2.54768
2.53092
2.52161
2.51569
2.51811
2.52312
2.52779
2.53736
2.55512
2.58136
2.6145
2.65337
2.69716
2.73839
2.77521
2.80261
2.8206
2.82705
2.82757
2.8265
2.82148
2.80945
2.79478
2.7787
2.76115
2.74309
2.72402
2.70437
2.68366
2.66262
2.64087
2.61904
2.59667
2.57441
2.5518
2.52947
2.50694
2.48493
2.46288
2.44169
2.42059
2.40077
2.38119
2.36335
2.34611
2.33125
2.31741
2.30684
2.29803
2.293
2.2942
3.94116
4.11311
4.09557
4.03311
3.88322
3.70907
3.56094
3.43783
3.33349
3.27889
3.26707
3.28263
3.35114
3.53155
3.94564
4.26379
4.3756
4.37283
4.3508
4.29572
4.22256
4.16874
4.12821
4.09566
4.06077
4.02077
3.97257
3.91707
3.85496
3.78759
3.71701
3.64314
3.56889
3.49263
3.41793
3.34265
3.27006
3.19809
3.12954
3.06282
2.99995
2.93997
2.8843
2.83196
2.78469
2.74097
2.7026
2.66796
2.63848
2.61286
2.59165
2.57473
2.56133
2.5526
2.54585
2.54444
2.54494
2.54821
2.55423
2.56514
2.58931
2.62072
2.65642
2.69506
2.73054
2.76074
2.78069
2.7933
2.79396
2.79343
2.79042
2.78155
2.76712
2.75004
2.73194
2.71312
2.69384
2.6741
2.6538
2.6331
2.6119
2.59047
2.56889
2.54711
2.52565
2.50387
2.48292
2.46157
2.44152
2.42119
2.40237
2.38389
2.3669
2.35138
2.33743
2.32634
2.31714
2.31205
2.31046
2.31254
3.4306
4.02167
4.07451
4.0462
3.97154
3.80127
3.64938
3.52638
3.46364
3.45111
3.46641
3.54462
3.74673
4.16953
4.47053
4.54966
4.54211
4.50701
4.4194
4.33069
4.26782
4.22661
4.19719
4.17006
4.1388
4.10077
4.0536
3.999
3.93642
3.86993
3.79856
3.72577
3.65049
3.57524
3.4997
3.42489
3.35151
3.27944
3.21036
3.14346
3.08048
3.02038
2.96458
2.91216
2.86467
2.82055
2.78164
2.74582
2.71439
2.68554
2.65993
2.63703
2.61616
2.59837
2.58209
2.56828
2.56034
2.5515
2.54387
2.54728
2.55169
2.56063
2.58051
2.60963
2.64295
2.67772
2.70896
2.73355
2.74899
2.75547
2.75531
2.75325
2.74809
2.7347
2.71842
2.70051
2.68216
2.66318
2.64428
2.62452
2.60485
2.58432
2.5639
2.54303
2.52223
2.5014
2.4808
2.46054
2.44087
2.42187
2.40396
2.38697
2.37186
2.35802
2.34704
2.33844
2.33312
2.33192
2.33099
2.3357
2.39791
3.72352
4.03952
4.0347
4.00242
3.91589
3.76079
3.66856
3.65373
3.66716
3.75691
3.99892
4.43864
4.71971
4.75745
4.74261
4.6911
4.56527
4.45718
4.38096
4.32955
4.29785
4.27218
4.24666
4.21527
4.17666
4.1297
4.07543
4.01447
3.94862
3.87864
3.80584
3.73139
3.65567
3.58042
3.50533
3.43209
3.3605
3.29174
3.22546
3.16296
3.10329
3.04826
2.99647
2.94948
2.90575
2.86614
2.82899
2.79535
2.76305
2.73354
2.70428
2.67759
2.65074
2.62629
2.60287
2.58104
2.56521
2.54749
2.53357
2.52508
2.52797
2.53152
2.53981
2.55865
2.5866
2.61891
2.65029
2.67827
2.69743
2.71042
2.71143
2.71059
2.70734
2.69926
2.68411
2.66629
2.64823
2.62931
2.61073
2.59162
2.57277
2.55336
2.5343
2.51467
2.49573
2.47633
2.45803
2.43964
2.42276
2.40638
2.39201
2.37899
2.36857
2.36115
2.35643
2.35524
2.35456
2.35761
2.37139
1.96522
2.97529
3.85875
4.02049
4.00963
3.98122
3.90471
3.88428
3.8989
4.00103
4.29098
4.74295
5.00227
5.0007
4.97119
4.88833
4.73822
4.61019
4.51499
4.45143
4.40941
4.37901
4.35133
4.32178
4.28742
4.24745
4.20058
4.14772
4.08819
4.02382
3.95473
3.8828
3.80881
3.73399
3.65909
3.58506
3.51222
3.44169
3.37336
3.30827
3.24649
3.18828
3.13417
3.08379
3.03726
2.99384
2.95337
2.91497
2.87857
2.84295
2.80855
2.77391
2.74044
2.70621
2.67399
2.64116
2.61145
2.58246
2.55943
2.53471
2.5147
2.49938
2.49343
2.49431
2.49767
2.5062
2.52634
2.5535
2.58469
2.61337
2.63766
2.65308
2.66113
2.66081
2.65907
2.65465
2.64295
2.62746
2.6099
2.59203
2.57422
2.55639
2.53876
2.52101
2.50341
2.48594
2.46875
2.45216
2.43629
2.42163
2.40831
2.39705
2.38822
2.38227
2.37973
2.3786
2.38011
2.3845
2.39454
2.42568
1.72978
2.13172
3.40545
3.93783
4.03253
4.04588
4.06272
4.12445
4.28402
4.69022
5.11063
5.30473
5.29457
5.23875
5.09864
4.93172
4.78925
4.67835
4.59959
4.54457
4.50256
4.46569
4.43085
4.39472
4.35609
4.31382
4.26676
4.21447
4.15711
4.09423
4.02777
3.95743
3.88539
3.81189
3.73827
3.66535
3.59378
3.52433
3.4576
3.39397
3.33396
3.27748
3.22474
3.1751
3.1285
3.08431
3.04228
3.0016
2.96152
2.92182
2.88189
2.84182
2.80139
2.76086
2.72064
2.68106
2.64268
2.60613
2.57225
2.54247
2.51283
2.48685
2.46706
2.4527
2.44924
2.44968
2.45335
2.4626
2.4854
2.51264
2.54204
2.5684
2.58848
2.60162
2.60505
2.60447
2.60203
2.59604
2.58235
2.56683
2.55057
2.53385
2.51786
2.50175
2.4865
2.47109
2.45675
2.44259
2.43007
2.41851
2.40933
2.40255
2.39899
2.39795
2.39861
2.40152
2.41052
2.42961
2.44365
2.48683
1.61084
1.80536
2.38783
3.64328
4.01547
4.15174
4.32138
4.58773
5.1173
5.54867
5.65041
5.62453
5.53662
5.32343
5.13463
4.98193
4.86159
4.77312
4.70739
4.6517
4.60305
4.55653
4.51249
4.46883
4.42502
4.37962
4.33165
4.27971
4.2234
4.16272
4.0976
4.02967
3.95873
3.8873
3.81483
3.7437
3.67359
3.60606
3.54127
3.47958
3.42131
3.36617
3.31447
3.2652
3.21878
3.17358
3.12944
3.08545
3.04107
2.99631
2.95059
2.90425
2.85734
2.81018
2.76345
2.71708
2.67223
2.62855
2.58734
2.54902
2.51427
2.48077
2.45088
2.42617
2.40807
2.39555
2.3942
2.39479
2.39894
2.41143
2.43499
2.46317
2.49036
2.51455
2.53067
2.54176
2.54207
2.54162
2.53905
2.53182
2.51882
2.50484
2.49034
2.47662
2.46333
2.45122
2.43973
2.42985
2.42123
2.41499
2.4112
2.41093
2.4115
2.41419
2.42172
2.4368
2.45556
2.48406
2.50225
2.55007
1.52716
1.66937
1.95127
2.90037
3.85945
4.32109
4.8176
5.56749
6.02639
6.04054
5.99447
5.84754
5.58978
5.36711
5.19483
5.06091
4.96549
4.88866
4.82206
4.758
4.69759
4.63957
4.5848
4.53338
4.48339
4.435
4.38474
4.33381
4.27828
4.22076
4.15811
4.09379
4.02587
3.95758
3.88798
3.81968
3.75217
3.68727
3.62468
3.56517
3.50899
3.45531
3.40449
3.35508
3.30683
3.25891
3.21057
3.16179
3.11159
3.06088
3.00857
2.95626
2.90297
2.85025
2.79743
2.7458
2.69506
2.64605
2.59896
2.55402
2.51268
2.47398
2.43759
2.40385
2.37618
2.3532
2.33689
2.32934
2.32813
2.3295
2.33571
2.35326
2.37782
2.40582
2.43167
2.45317
2.4668
2.47487
2.47555
2.47546
2.47286
2.46538
2.45466
2.44389
2.43338
2.4242
2.41652
2.41115
2.40816
2.40883
2.41027
2.41364
2.42176
2.435
2.45475
2.47967
2.50647
2.53979
2.56058
2.60606
1.47936
1.56899
1.74948
2.16628
3.38364
4.63112
5.93871
6.48021
6.47175
6.36968
6.10802
5.82937
5.58923
5.40316
5.26078
5.15996
5.07962
5.00534
4.931
4.85756
4.78455
4.71605
4.65045
4.59089
4.53346
4.48101
4.42762
4.37656
4.32167
4.26686
4.20694
4.14668
4.08214
4.01813
3.95206
3.88769
3.82374
3.76216
3.70278
3.64567
3.59095
3.5377
3.48592
3.43437
3.38277
3.33047
3.27671
3.22217
3.16557
3.10873
3.05004
2.99201
2.93267
2.87494
2.81655
2.76063
2.70462
2.6518
2.59936
2.55075
2.50301
2.46015
2.4187
2.38083
2.34493
2.31524
2.28894
2.2704
2.25643
2.25415
2.25383
2.25666
2.26665
2.28876
2.31559
2.34294
2.36722
2.38585
2.39808
2.40542
2.40693
2.40789
2.40694
2.40216
2.39612
2.39126
2.38838
2.38981
2.39231
2.39671
2.40542
2.41809
2.43797
2.46256
2.49192
2.52348
2.55463
2.58773
2.60745
2.64552
1.45462
1.51955
1.67255
1.9588
2.77615
4.92432
6.65124
6.70236
6.6172
6.30467
6.00155
5.75834
5.57676
5.43579
5.33522
5.25078
5.16954
5.08795
5.00366
4.92103
4.83856
4.76207
4.68792
4.62155
4.55748
4.50015
4.44369
4.39113
4.33741
4.28457
4.22958
4.17327
4.11522
4.05561
3.99607
3.93584
3.87738
3.81891
3.7631
3.70716
3.65348
3.59879
3.54498
3.48939
3.43324
3.37504
3.31567
3.25444
3.19245
3.12909
3.06594
3.00203
2.93931
2.87657
2.81562
2.75542
2.69726
2.64057
2.58599
2.53354
2.48329
2.43584
2.39118
2.34969
2.3099
2.27444
2.24231
2.21563
2.19377
2.1783
2.17244
2.171
2.17263
2.17895
2.19658
2.22188
2.25013
2.27686
2.29971
2.31721
2.32955
2.33797
2.34392
2.34701
2.34961
2.3524
2.35599
2.36148
2.37134
2.3839
2.40249
2.42745
2.45763
2.49043
2.52547
2.55924
2.58976
2.61803
2.63341
2.66213
1.44276
1.50764
1.63613
1.9026
2.64278
4.99615
6.32713
6.34198
6.20552
5.95415
5.74876
5.60696
5.49781
5.41716
5.33902
5.25906
5.17448
5.08796
4.99967
4.91248
4.82734
4.74506
4.66796
4.59429
4.5275
4.46322
4.40628
4.34968
4.29898
4.2461
4.19708
4.14425
4.09397
4.03976
3.98827
3.93373
3.88205
3.8281
3.77647
3.7225
3.66959
3.61404
3.55794
3.49925
3.43885
3.37664
3.31237
3.2474
3.18088
3.11455
3.0478
2.9817
2.91652
2.85202
2.78952
2.72776
2.6685
2.61032
2.55479
2.50067
2.44938
2.39979
2.35334
2.30924
2.26822
2.22901
2.19405
2.16196
2.13513
2.1124
2.09641
2.08774
2.08656
2.08731
2.09251
2.10579
2.12989
2.15837
2.18736
2.2138
2.23627
2.25432
2.26914
2.2813
2.2925
2.30334
2.31706
2.33103
2.34848
2.37239
2.40175
2.4359
2.47213
2.50967
2.5442
2.57635
2.60068
2.62297
2.63187
2.65278
1.43947
1.50098
1.62066
1.89236
2.55142
4.96413
5.94086
5.90116
5.72041
5.57279
5.4803
5.41209
5.35799
5.29957
5.23226
5.15587
5.07534
4.99091
4.9068
4.82095
4.73809
4.65527
4.57708
4.50109
4.43141
4.3651
4.30515
4.249
4.19741
4.14856
4.1018
4.05647
4.01099
3.96616
3.91994
3.87431
3.82756
3.78052
3.73186
3.68182
3.62928
3.57483
3.51703
3.45769
3.3947
3.33114
3.26467
3.19847
3.13086
3.0638
2.99699
2.93072
2.86607
2.80183
2.7401
2.67879
2.62025
2.56258
2.50744
2.4538
2.40242
2.353
2.30587
2.26108
2.21902
2.17921
2.14188
2.10805
2.07726
2.05104
2.02892
2.01295
2.00347
2.00245
2.0034
2.00757
2.0189
2.04193
2.07123
2.10182
2.13246
2.15949
2.18489
2.20659
2.22852
2.2492
2.27287
2.2972
2.32701
2.35991
2.39723
2.43561
2.47413
2.50951
2.54027
2.56549
2.58356
2.59849
2.60322
2.61851
1.44018
1.49576
1.61791
1.87916
2.52301
4.92949
5.84087
5.74916
5.52637
5.40127
5.33015
5.2786
5.22553
5.16478
5.09575
5.02123
4.94285
4.86262
4.78073
4.69836
4.61547
4.53418
4.45453
4.37894
4.30657
4.24041
4.17777
4.12227
4.06928
4.02335
3.97778
3.93827
3.89696
3.86012
3.81954
3.78155
3.73901
3.69776
3.65118
3.60457
3.5523
3.49933
3.44097
3.38234
3.31904
3.25646
3.19035
3.1257
3.05914
2.99398
2.92885
2.86449
2.80179
2.7394
2.67952
2.62004
2.56306
2.50712
2.45312
2.40098
2.35033
2.30204
2.25532
2.21104
2.16882
2.12908
2.09156
2.05666
2.02475
1.99595
1.97111
1.95046
1.93499
1.92644
1.92585
1.92657
1.93117
1.94148
1.96524
1.99483
2.02824
2.06235
2.09594
2.12869
2.16032
2.19343
2.22645
2.26257
2.30169
2.34169
2.38292
2.42122
2.45666
2.48617
2.50955
2.52722
2.53901
2.54739
2.55032
2.56078
1.44175
1.49216
1.61948
1.8726
2.51274
4.93347
5.79646
5.68936
5.45558
5.32283
5.24705
5.18588
5.12302
5.0532
4.98127
4.90471
4.82715
4.74637
4.66526
4.58271
4.50054
4.41894
4.33933
4.26269
4.18975
4.12155
4.05837
4.00085
3.94897
3.90224
3.86072
3.8223
3.78798
3.75335
3.72153
3.68554
3.65081
3.60933
3.56883
3.52033
3.47278
3.41743
3.36332
3.30268
3.24356
3.17984
3.11788
3.05318
2.99044
2.92613
2.86442
2.80131
2.74184
2.68054
2.62382
2.56505
2.51113
2.45563
2.40447
2.35272
2.30456
2.25668
2.21201
2.16801
2.12725
2.08741
2.05076
2.01536
1.98333
1.95314
1.92675
1.90321
1.88438
1.86975
1.86346
1.86313
1.86432
1.86942
1.88167
1.90623
1.93842
1.97538
2.01582
2.05715
2.1002
2.14292
2.18794
2.23292
2.27875
2.32221
2.36251
2.39777
2.42647
2.4501
2.46672
2.47977
2.4887
2.49532
2.49859
2.5084
1.44107
1.49193
1.61781
1.87018
2.50769
4.90649
5.77963
5.67491
5.43386
5.29645
5.21799
5.15299
5.07999
5.00298
4.92312
4.84105
4.75923
4.67577
4.59176
4.50704
4.42281
4.33955
4.25862
4.17999
4.1058
4.03617
3.97214
3.91409
3.86255
3.81643
3.77672
3.74065
3.70903
3.67829
3.64916
3.6178
3.58482
3.5475
3.50687
3.46176
3.41285
3.36064
3.30459
3.24745
3.1863
3.12672
3.06264
3.00268
2.93782
2.87857
2.8148
2.75664
2.69545
2.63869
2.58097
2.52595
2.47193
2.41908
2.36872
2.31862
2.27169
2.2249
2.18098
2.13797
2.09693
2.05793
2.02028
1.98547
1.95179
1.92163
1.89294
1.86844
1.84624
1.82968
1.81593
1.81476
1.8147
1.81651
1.82361
1.8395
1.86867
1.90601
1.95032
1.99948
2.05214
2.10647
2.16132
2.2149
2.26502
2.30981
2.34821
2.37894
2.40371
2.42141
2.43523
2.44538
2.45172
2.4574
2.46032
2.46937
1.44055
1.49221
1.61662
1.86929
2.50325
4.89539
5.77445
5.66889
5.42205
5.28434
5.20859
5.1447
5.07054
4.98837
4.90443
4.81743
4.73316
4.64668
4.55997
4.47333
4.38712
4.30207
4.21897
4.13926
4.0639
3.99368
3.92896
3.87091
3.8191
3.77388
3.73455
3.70011
3.66965
3.64119
3.61367
3.58462
3.55341
3.51768
3.47852
3.43359
3.38565
3.33254
3.27747
3.21905
3.15921
3.09834
3.03592
2.97502
2.91181
2.85243
2.78969
2.73258
2.67138
2.61687
2.55809
2.50612
2.45036
2.40075
2.34847
2.30118
2.25263
2.20774
2.1629
2.12066
2.07948
2.04042
2.00298
1.96766
1.93409
1.90308
1.87408
1.84827
1.82503
1.80639
1.79052
1.78474
1.78441
1.78548
1.79061
1.80145
1.82715
1.86262
1.90879
1.96287
2.02326
2.08646
2.14872
2.20744
2.25864
2.30242
2.33668
2.36373
2.38349
2.39806
2.40875
2.41682
2.42158
2.42622
2.42851
2.43636
1.44063
1.492
1.61592
1.86884
2.50172
4.8849
5.77134
5.66684
5.41813
5.28052
5.20711
5.14514
5.07196
4.98809
4.9032
4.81413
4.72882
4.64135
4.55358
4.46617
4.37898
4.2926
4.20869
4.12817
4.05227
3.9815
3.9164
3.85804
3.80614
3.76102
3.72184
3.68803
3.65815
3.63062
3.60399
3.57592
3.54549
3.51067
3.47179
3.4271
3.37895
3.32563
3.27018
3.21135
3.15127
3.09015
3.02768
2.96663
2.90351
2.8441
2.78156
2.72452
2.6635
2.60912
2.55039
2.49872
2.44279
2.39371
2.34099
2.29439
2.24518
2.20097
2.15545
2.11373
2.07204
2.03317
1.99548
1.95993
1.92641
1.89477
1.86581
1.83908
1.8156
1.79561
1.77928
1.77042
1.76992
1.77063
1.77478
1.78365
1.80693
1.84098
1.88778
1.9444
2.00939
2.07743
2.14386
2.20435
2.25556
2.29737
2.32913
2.35333
2.37061
2.38302
2.39199
2.39866
2.40246
2.4061
2.40792
2.41452
)
;

boundaryField
{
    inlet
    {
        type            calculated;
        value           uniform 1.40001;
    }
    outlet
    {
        type            calculated;
        value           nonuniform List<scalar> 
40
(
1.8431
1.94059
1.99767
2.05899
2.10366
2.14854
2.1842
2.21463
2.23604
2.25748
2.26911
2.28221
2.28987
2.29655
2.30056
2.30113
2.29823
2.29181
2.28366
2.27668
2.27263
2.27144
2.27644
2.28763
2.30607
2.32931
2.365
2.41908
2.47998
2.54295
2.59871
2.63804
2.65462
2.64534
2.61122
2.55369
2.50147
2.46258
2.42968
2.40792
)
;
    }
    bottom
    {
        type            symmetryPlane;
    }
    top
    {
        type            symmetryPlane;
    }
    obstacle
    {
        type            calculated;
        value           nonuniform List<scalar> 
110
(
5.99095
5.99217
5.98029
5.95811
5.92484
5.87876
5.81114
5.70927
5.54441
5.27934
2.01572
1.32175
1.29702
1.74489
1.73295
1.61665
1.56732
1.56101
1.55664
1.55348
1.54291
1.52632
1.51299
1.50184
1.49222
1.48202
1.47047
1.45926
1.44853
1.43806
1.42721
1.41537
1.40864
1.40688
1.40698
1.41054
1.42467
1.45306
1.49426
1.54642
1.60361
1.6636
1.72304
1.78069
1.83435
1.88332
1.92679
1.96642
2.00184
2.03344
2.0616
2.08608
2.10701
2.12572
2.14163
2.15277
2.16256
2.16805
2.17321
2.17487
2.17733
2.17373
2.17235
2.16625
2.1628
2.15478
2.14893
2.1405
2.13251
2.12396
2.11505
2.10649
2.0979
2.0897
2.08218
2.07527
2.06929
2.06442
2.06069
2.05828
2.05726
2.0577
2.05862
2.05978
2.06148
2.0641
2.06694
2.06941
2.07003
2.07025
2.07006
2.06842
2.0651
2.05876
2.05164
2.04078
2.03047
2.01765
2.00457
1.98964
1.97518
1.95935
1.94373
1.92725
1.91159
1.89558
1.88082
1.86689
1.85534
1.8477
)
;
    }
    defaultFaces
    {
        type            empty;
    }
}


// ************************************************************************* //
