/*--------------------------------*- C++ -*----------------------------------*\
  =========                 |
  \\      /  F ield         | OpenFOAM: The Open Source CFD Toolbox
   \\    /   O peration     | Website:  https://openfoam.org
    \\  /    A nd           | Version:  10
     \\/     M anipulation  |
\*---------------------------------------------------------------------------*/
FoamFile
{
    format      ascii;
    class       volScalarField;
    location    "7";
    object      Ma;
}
// * * * * * * * * * * * * * * * * * * * * * * * * * * * * * * * * * * * * * //

dimensions      [0 0 0 0 0 0 0];

internalField   nonuniform List<scalar> 
5250
(
2.99999
2.99997
2.99989
2.99972
2.9993
2.99825
2.99575
2.98919
2.97429
2.93404
2.83985
2.59777
2.06206
1.12389
0.469498
0.303307
0.332292
0.336344
0.304067
0.250943
0.200805
0.159759
0.119192
0.074334
0.0408252
3
2.99996
2.9999
2.99972
2.99934
2.99821
2.99596
2.98903
2.97515
2.9342
2.84285
2.60213
2.07287
1.13833
0.47775
0.303801
0.333813
0.338679
0.306704
0.254415
0.205528
0.1659
0.127521
0.0878066
0.0638029
3
2.99996
2.99991
2.99972
2.99937
2.99824
2.99605
2.98948
2.97543
2.93683
2.84633
2.61377
2.09527
1.17099
0.496799
0.306458
0.338838
0.345786
0.31488
0.264756
0.21878
0.182543
0.149027
0.117609
0.101678
3
2.99997
2.9999
2.99975
2.99935
2.99841
2.99606
2.9902
2.9762
2.93992
2.85272
2.6311
2.12997
1.22289
0.526342
0.311006
0.347288
0.3576
0.32839
0.281363
0.239117
0.207155
0.179076
0.154525
0.143075
3
2.99997
2.9999
2.99978
2.99936
2.99859
2.99613
2.99119
2.97683
2.94508
2.85981
2.65529
2.17677
1.29584
0.56609
0.318386
0.359525
0.374084
0.346839
0.303466
0.265148
0.237545
0.214562
0.195448
0.186981
3
2.99997
2.99992
2.99977
2.99946
2.9986
2.99661
2.9916
2.9791
2.94888
2.87199
2.68204
2.23786
1.39254
0.616893
0.331234
0.376909
0.39589
0.370651
0.330978
0.296729
0.273428
0.255487
0.241431
0.236132
3
2.99998
2.99992
2.99981
2.99949
2.99878
2.9969
2.99241
2.98138
2.95338
2.88559
2.71355
2.30938
1.51374
0.679764
0.354818
0.402525
0.424659
0.400949
0.364843
0.334218
0.315283
0.302501
0.294289
0.293956
3
2.99998
2.99994
2.99982
2.99956
2.99887
2.99735
2.99302
2.98403
2.9578
2.9006
2.74638
2.38984
1.66
0.755666
0.395257
0.440624
0.462103
0.439295
0.406406
0.378875
0.364045
0.357131
0.356583
0.366376
3
2.99998
2.99994
2.99985
2.99959
2.99906
2.99746
2.99433
2.98457
2.96512
2.90817
2.77943
2.45378
1.78279
0.829682
0.431473
0.475011
0.494636
0.478282
0.451414
0.429193
0.419683
0.420102
0.432709
0.464578
3
2.99999
2.99995
2.99987
2.99964
2.99916
2.99775
2.99494
2.98629
2.96892
2.91818
2.80358
2.5097
1.88824
0.92551
0.487076
0.499829
0.51474
0.512461
0.495187
0.481874
0.479783
0.493392
0.532844
0.632126
3
2.99999
2.99996
2.99987
2.99971
2.99918
2.99822
2.99502
2.98905
2.97038
2.93115
2.82248
2.56786
1.99614
1.0541
0.560005
0.51588
0.532601
0.541259
0.535553
0.532811
0.54216
0.575604
0.653442
0.812394
3
2.99999
2.99996
2.9999
2.99972
2.99937
2.99825
2.99618
2.98938
2.9763
2.93707
2.84987
2.62012
2.11269
1.21091
0.646406
0.532257
0.550454
0.56727
0.572478
0.580189
0.602497
0.652714
0.749956
0.910524
3
2.99999
2.99997
2.99991
2.99979
2.9994
2.99869
2.99638
2.99184
2.97843
2.94918
2.87013
2.68157
2.23562
1.40188
0.749157
0.557906
0.574628
0.59498
0.608241
0.624694
0.657189
0.715465
0.810547
0.944528
3
3
2.99998
2.99993
2.99982
2.99954
2.99886
2.99714
2.99317
2.98245
2.95853
2.89399
2.7414
2.37034
1.63346
0.870435
0.604557
0.612778
0.629818
0.647025
0.667647
0.703909
0.762573
0.848094
0.959949
3
3
2.99998
2.99995
2.99985
2.99965
2.99904
2.99781
2.99429
2.9865
2.966
2.91733
2.79393
2.49964
1.87605
1.00743
0.667834
0.658367
0.671437
0.689635
0.710367
0.74529
0.799955
0.875309
0.971597
3.00001
3
2.99999
2.99996
2.99988
2.99972
2.99921
2.99829
2.99521
2.9895
2.97169
2.93438
2.83145
2.59135
2.05073
1.16638
0.742316
0.694204
0.708176
0.726707
0.749458
0.782456
0.832266
0.898581
0.981949
3.00001
3
2.99999
2.99997
2.99991
2.99977
2.99939
2.9986
2.99624
2.9916
2.97726
2.94808
2.86496
2.67298
2.21874
1.39363
0.852651
0.726437
0.737349
0.756202
0.782271
0.815126
0.860622
0.91961
0.99188
3.00001
3
3
2.99998
2.99993
2.99982
2.99953
2.99891
2.99711
2.99348
2.98244
2.96019
2.89569
2.74976
2.38849
1.67462
0.990114
0.774176
0.769809
0.784873
0.812475
0.845432
0.886921
0.939236
1.00238
3.00001
3
3
2.99998
2.99995
2.99987
2.99965
2.99915
2.99793
2.99482
2.9877
2.96856
2.9255
2.81217
2.5469
1.97224
1.15856
0.842355
0.809879
0.820917
0.845036
0.876024
0.912806
0.958668
1.01385
3.00001
3
3
2.99999
2.99997
2.99989
2.99976
2.99933
2.99849
2.99599
2.99077
2.97624
2.94343
2.85766
2.65287
2.1842
1.37108
0.931816
0.845734
0.853836
0.874493
0.90369
0.937607
0.97826
1.02649
3.00001
3.00001
3
2.99999
2.99998
2.99993
2.99982
2.99951
2.99888
2.997
2.99334
2.98191
2.9593
2.89339
2.74478
2.37962
1.66694
1.0675
0.893298
0.886641
0.900594
0.92766
0.961567
0.998358
1.04076
3.00001
3.00001
3
3
2.99998
2.99995
2.99987
2.99965
2.99921
2.99784
2.99531
2.9871
2.9714
2.92486
2.82248
2.56212
2.01163
1.25013
0.964097
0.924874
0.932458
0.954991
0.986122
1.01942
1.05648
3.00001
3.00001
3
3
2.99999
2.99997
2.99991
2.99976
2.99942
2.9985
2.99654
2.99087
2.97936
2.94571
2.87292
2.67971
2.25413
1.48844
1.05926
0.962716
0.963766
0.981184
1.00939
1.04053
1.07375
3.00001
3.00001
3.00001
3
3
2.99998
2.99994
2.99983
2.99961
2.99892
2.99764
2.99349
2.98573
2.96194
2.91183
2.77607
2.46877
1.82798
1.20976
1.01716
0.997824
1.00854
1.03191
1.06158
1.09222
3.00001
3.00001
3.00001
3
3
2.99999
2.99996
2.99988
2.99973
2.99927
2.99836
2.99556
2.99031
2.97375
2.94076
2.8474
2.63704
2.15626
1.41946
1.09671
1.03542
1.03872
1.05621
1.08236
1.11143
3.00001
3.00001
3.00001
3.00001
3
2.99999
2.99997
2.99993
2.99981
2.99951
2.99886
2.99701
2.9933
2.98213
2.95966
2.89539
2.75139
2.40044
1.72692
1.22407
1.08185
1.06952
1.07945
1.10207
1.13055
3.00001
3.00001
3.00001
3.00001
3
3
2.99998
2.99996
2.99987
2.9997
2.9992
2.99814
2.99536
2.9888
2.97284
2.93312
2.83808
2.6082
2.10486
1.419
1.15431
1.10669
1.10846
1.12469
1.14895
3.00001
3.00001
3.00001
3.00001
3
3
2.99999
2.99997
2.99991
2.99981
2.99947
2.99879
2.99687
2.99268
2.9818
2.95591
2.89222
2.73685
2.37698
1.7041
1.2671
1.14856
1.13717
1.14538
1.16529
3.00001
3.00001
3.00001
3.00001
3.00001
3
3
2.99998
2.99995
2.99987
2.99967
2.99922
2.998
2.99543
2.98807
2.97308
2.93038
2.83733
2.60212
2.10003
1.45437
1.21402
1.17154
1.17142
1.18568
3.00001
3.00001
3.00001
3.00001
3.00001
3
3
2.99999
2.99997
2.99991
2.99981
2.99946
2.9988
2.99684
2.99275
2.98168
2.95637
2.89249
2.73973
2.38378
1.72932
1.3187
1.20981
1.19773
1.20472
3.00001
3.00001
3.00001
3.00001
3.00001
3.00001
3
3
2.99998
2.99995
2.99988
2.99967
2.99925
2.99799
2.99565
2.98818
2.97409
2.93227
2.84274
2.61513
2.12997
1.50786
1.27401
1.23124
1.22943
3.00001
3.00001
3.00001
3.00001
3.00001
3.00001
3.00001
3
2.99999
2.99997
2.99992
2.99981
2.99948
2.99888
2.9969
2.99333
2.98212
2.95965
2.89696
2.75644
2.41757
1.79379
1.38145
1.26889
1.25405
3.00001
3.00001
3.00001
3.00001
3.00001
3.00001
3.00001
3
3
2.99999
2.99996
2.99988
2.99971
2.99925
2.99829
2.99551
2.99005
2.97378
2.94085
2.85002
2.64827
2.18899
1.58142
1.33828
1.28901
3.00001
3.00001
3.00001
3.00001
3.00001
3.00001
3.00001
3.00001
3
2.99999
2.99997
2.99993
2.99981
2.99958
2.99885
2.99752
2.99327
2.98528
2.96141
2.91131
2.77846
2.48238
1.89836
1.46041
1.32883
3.00001
3.00001
3.00001
3.00001
3.00001
3.00001
3.00001
3.00001
3
3
2.99999
2.99996
2.9999
2.99972
2.99939
2.99833
2.99641
2.99035
2.97861
2.94496
2.87195
2.68663
2.27956
1.67986
1.40872
3.00001
3.00001
3.00001
3.00001
3.00001
3.00001
3.00001
3.00001
3.00001
3
3
2.99998
2.99994
2.99985
2.9996
2.99912
2.99762
2.99488
2.98623
2.96973
2.92191
2.81897
2.56266
2.04939
1.55797
3.00001
3.00001
3.00001
3.00001
3.00001
3.00001
3.00001
3.00001
3.00001
3
3
2.99999
2.99997
2.99991
2.99978
2.99944
2.99869
2.99677
2.99223
2.98154
2.95429
2.89244
2.73711
2.39004
1.80531
3.00001
3.00001
3.00001
3.00001
3.00001
3.00001
3.00001
3.00001
3.00001
3.00001
3
3
2.99998
2.99995
2.99987
2.99969
2.9992
2.99814
2.99545
2.9891
2.97398
2.93651
2.8493
2.64025
2.19092
3.00001
3.00001
3.00001
3.00001
3.00001
3.00001
3.00001
3.00001
3.00001
3.00001
3.00001
3
2.99999
2.99997
2.99992
2.99981
2.9995
2.99889
2.99706
2.99365
2.98292
2.9626
2.90354
2.77738
2.4701
3.00001
3.00001
3.00001
3.00001
3.00001
3.00001
3.00001
3.00001
3.00001
3.00001
3.00001
3
3
2.99998
2.99995
2.99986
2.99968
2.99917
2.99805
2.99517
2.98823
2.97157
2.92933
2.82908
2.5842
3.00001
3.00001
3.00001
3.00001
3.00001
3.00001
3.00001
3.00001
3.00001
3.00001
3.00001
3
3
2.99999
2.99996
2.9999
2.99973
2.99936
2.99828
2.99612
2.98948
2.97609
2.93669
2.84807
2.61527
3.00001
3.00001
3.00001
3.00001
3.00001
3.00001
3.00001
3.00001
3.00001
3.00001
3.00001
3
3
2.99999
2.99997
2.9999
2.99977
2.99934
2.99857
2.99595
2.99091
2.97541
2.94172
2.84857
2.62407
3.00001
3.00001
3.00001
3.00001
3.00001
3.00001
3.00001
3.00001
3.00001
3.00001
3.00001
3.00001
3
2.99999
2.99997
2.99991
2.99978
2.99937
2.99862
2.99602
2.99129
2.97558
2.94345
2.85026
2.62921
3.00001
3.00001
3.00001
3.00001
3.00001
3.00001
3.00001
3.00001
3.00001
3.00001
3.00001
3
3
2.99999
2.99997
2.99991
2.99978
2.99941
2.99854
2.99633
2.99074
2.97711
2.94177
2.85391
2.62882
3.00001
3.00001
3.00001
3.00001
3.00001
3.00001
3.00001
3.00001
3.00001
3.00001
3.00001
3.00001
3
2.99999
2.99997
2.99992
2.99977
2.99942
2.99858
2.9963
2.99118
2.97659
2.94403
2.85369
2.6344
3.00001
3.00001
3.00001
3.00001
3.00001
3.00001
3.00001
3.00001
3.00001
3.00001
3.00001
3.00001
3
2.99999
2.99997
2.99991
2.9998
2.9994
2.99868
2.99624
2.99148
2.97689
2.94485
2.85588
2.63934
3.00001
3.00001
3.00001
3.00001
3.00001
3.00001
3.00001
3.00001
3.00001
3.00001
3.00001
3.00001
3
2.99999
2.99997
2.99992
2.99977
2.99948
2.99851
2.99675
2.99067
2.97906
2.94294
2.86162
2.64116
3.00001
3.00001
3.00001
3.00001
3.00001
3.00001
3.00001
3.00001
3.00001
3.00001
3.00001
3.00001
3
2.99999
2.99997
2.99992
2.9998
2.99942
2.99873
2.99633
2.9919
2.97729
2.94705
2.85937
2.64922
3.00001
3.00001
3.00001
3.00001
3.00001
3.00001
3.00001
3.00001
3.00001
3.00001
3.00001
3.00001
3
2.99999
2.99997
2.99992
2.99979
2.99946
2.99868
2.99652
2.99176
2.97789
2.9472
2.86131
2.65187
3.00001
3.00001
3.00001
3.00001
3.00001
3.00001
3.00001
3.00001
3.00001
3.00001
3.00001
3.00001
3
2.99999
2.99997
2.99993
2.99978
2.99951
2.99856
2.99687
2.99106
2.9796
2.9449
2.86536
2.65044
1.01654
0.873778
0.420159
0.281618
0.236365
0.36954
0.413693
0.438082
0.467869
0.506938
0.544819
0.578097
0.610009
0.642916
0.676206
0.707221
0.735022
0.760751
0.787042
0.807345
0.817009
0.820296
0.816716
0.801008
0.769835
0.726772
0.676113
0.62275
0.569307
0.517424
0.467631
0.420041
0.375535
0.333508
0.293969
0.256387
0.220388
0.184842
0.150838
0.11816
0.0868851
0.05703
0.0301248
0.0181783
0.0392952
0.0639057
0.0897847
0.114474
0.138053
0.160132
0.18222
0.204812
0.227075
0.248527
0.269277
0.289435
0.309158
0.328426
0.347327
0.365833
0.383994
0.401819
0.419327
0.436563
0.453506
0.470213
0.486646
0.502881
0.51887
0.534686
0.550271
0.565708
0.580921
0.59602
0.610906
0.6257
0.640287
0.65479
0.669093
0.683316
0.697351
0.711289
0.725066
0.738705
0.752226
0.765557
0.778807
0.791842
0.804768
0.8175
0.830005
0.84235
0.854291
0.866002
0.877097
0.887639
0.897169
0.905419
0.911675
0.916189
1.00278
0.902358
0.674149
0.41452
0.335338
0.203624
0.0841969
0.102848
0.185618
0.25819
0.307466
0.342204
0.374474
0.410578
0.448571
0.484549
0.516174
0.54494
0.573061
0.597407
0.609625
0.611878
0.60583
0.585789
0.551065
0.503332
0.449626
0.394945
0.341662
0.291163
0.243686
0.198929
0.15825
0.12078
0.0872054
0.0589562
0.043142
0.0496863
0.0706247
0.0954654
0.121366
0.146872
0.171777
0.195354
0.217938
0.240394
0.262694
0.284558
0.305586
0.325563
0.345312
0.365434
0.385442
0.404688
0.423308
0.441466
0.459246
0.476693
0.493788
0.510581
0.527048
0.543259
0.559173
0.574866
0.590293
0.605522
0.620517
0.63534
0.649952
0.664414
0.678691
0.692822
0.7068
0.720626
0.734335
0.747873
0.76134
0.774605
0.787854
0.800844
0.813891
0.826593
0.839448
0.851852
0.864503
0.876613
0.889024
0.900859
0.912967
0.924524
0.936251
0.94744
0.95867
0.969263
0.979737
0.989285
0.998438
1.00593
1.01194
1.0157
1.01381
0.992889
0.901038
0.779125
0.679992
0.569856
0.457881
0.351623
0.260191
0.178711
0.107642
0.0612521
0.10015
0.15016
0.195862
0.236069
0.270669
0.299948
0.327132
0.353058
0.368216
0.367781
0.355841
0.33508
0.299731
0.250781
0.20232
0.157426
0.119896
0.0946038
0.0863955
0.0957602
0.115373
0.139758
0.165837
0.191886
0.217333
0.241478
0.265039
0.288272
0.311061
0.33316
0.354569
0.37506
0.394864
0.414202
0.433298
0.452048
0.470166
0.487415
0.50431
0.52154
0.538904
0.555697
0.571929
0.587744
0.603259
0.618509
0.633537
0.648286
0.662848
0.677106
0.691242
0.705073
0.718852
0.732308
0.74578
0.758886
0.772087
0.784871
0.797838
0.810333
0.8231
0.835336
0.847931
0.85994
0.872376
0.884179
0.896457
0.90806
0.92017
0.931579
0.943515
0.954735
0.966491
0.97754
0.989073
0.999993
1.01122
1.02201
1.03285
1.04343
1.05383
1.06404
1.07387
1.0833
1.09186
1.09945
1.10508
1.10908
1.0375
1.05977
1.03449
0.97494
0.906252
0.826777
0.741495
0.656635
0.577057
0.50129
0.426193
0.354212
0.288215
0.230213
0.176569
0.128074
0.0855108
0.0555895
0.0562404
0.0757223
0.100931
0.108933
0.0807361
0.0695644
0.0791134
0.116832
0.150527
0.184885
0.21844
0.249137
0.27703
0.302436
0.326698
0.350293
0.373214
0.395173
0.41638
0.436535
0.456123
0.475186
0.493864
0.511961
0.52957
0.546509
0.563022
0.579079
0.594996
0.610592
0.625862
0.640238
0.654323
0.668509
0.683251
0.69756
0.711573
0.725019
0.738457
0.751471
0.764595
0.777261
0.790088
0.802435
0.814996
0.827058
0.83937
0.851179
0.863263
0.874854
0.886728
0.898131
0.909798
0.921039
0.932502
0.943607
0.954871
0.965857
0.976927
0.987803
0.998682
1.00944
1.02012
1.03075
1.04122
1.05173
1.06198
1.07237
1.08238
1.09268
1.10245
1.11263
1.1222
1.13226
1.14164
1.15133
1.16021
1.16904
1.1769
1.18399
1.18932
1.19281
1.0525
1.09848
1.10707
1.08673
1.04865
0.999214
0.940625
0.878764
0.817506
0.756212
0.69449
0.631804
0.573033
0.518854
0.467344
0.41774
0.369471
0.3235
0.280733
0.243961
0.214895
0.202323
0.218452
0.252046
0.298382
0.34596
0.388124
0.423343
0.452677
0.477251
0.49852
0.5175
0.535122
0.552185
0.568731
0.584875
0.600467
0.615603
0.630332
0.644808
0.65896
0.67283
0.68633
0.699478
0.712309
0.7249
0.737396
0.749775
0.762005
0.773613
0.784876
0.796137
0.80806
0.819968
0.831693
0.842962
0.854179
0.865129
0.876143
0.886956
0.897841
0.908542
0.919295
0.92989
0.940513
0.951019
0.961522
0.971956
0.982349
0.992719
1.00302
1.01334
1.02358
1.03384
1.04405
1.05424
1.06443
1.07452
1.0847
1.09467
1.10482
1.11467
1.12475
1.13447
1.14445
1.15407
1.16394
1.17351
1.18336
1.1929
1.20264
1.21197
1.22141
1.23034
1.23932
1.24752
1.25551
1.26221
1.26777
1.27099
1.06061
1.11672
1.14659
1.15104
1.13833
1.11225
1.0772
1.03558
0.991963
0.94676
0.899902
0.852682
0.804908
0.758685
0.713391
0.668977
0.624618
0.581123
0.540177
0.504373
0.476976
0.466076
0.473569
0.49925
0.536554
0.579355
0.618817
0.650771
0.674038
0.690849
0.703636
0.714352
0.724348
0.734208
0.744275
0.754212
0.764145
0.773726
0.783298
0.792676
0.802195
0.811566
0.821012
0.830273
0.839586
0.84875
0.858064
0.867341
0.876786
0.885785
0.894502
0.903141
0.912475
0.922136
0.931877
0.941289
0.950728
0.959942
0.969316
0.978521
0.987924
0.997146
1.00659
1.01582
1.02529
1.03453
1.04402
1.05326
1.06275
1.07199
1.08148
1.09072
1.1002
1.10944
1.1189
1.12813
1.13754
1.14675
1.15611
1.16528
1.17457
1.18369
1.19288
1.20199
1.21111
1.22034
1.22945
1.23878
1.24772
1.25704
1.26578
1.27504
1.28352
1.29255
1.30065
1.30916
1.31648
1.32375
1.32902
1.33292
1.06502
1.12501
1.16599
1.18805
1.19316
1.18599
1.16888
1.14496
1.11657
1.08602
1.05324
1.01907
0.983612
0.947316
0.910565
0.872767
0.833451
0.792537
0.75227
0.715357
0.68688
0.669254
0.669618
0.691915
0.730402
0.774221
0.813883
0.84682
0.869521
0.881283
0.885388
0.886594
0.886994
0.888586
0.891206
0.894862
0.899087
0.903648
0.908467
0.913476
0.91878
0.924252
0.930069
0.936023
0.942285
0.94862
0.955267
0.962012
0.969193
0.976151
0.982955
0.989621
0.996934
1.00475
1.01298
1.02103
1.02918
1.03718
1.04534
1.05342
1.06165
1.06987
1.07821
1.08658
1.095
1.10352
1.11201
1.12064
1.12918
1.13792
1.1465
1.15533
1.164
1.17292
1.1817
1.19067
1.19954
1.20853
1.21743
1.22642
1.23531
1.24429
1.25318
1.26226
1.27113
1.28018
1.28892
1.2979
1.3065
1.31537
1.32384
1.33251
1.34082
1.34917
1.35719
1.36498
1.37236
1.37897
1.38451
1.38776
1.0686
1.1282
1.17496
1.20704
1.22557
1.23192
1.22921
1.2193
1.20442
1.18601
1.16521
1.14219
1.11698
1.0908
1.06207
1.03132
0.99615
0.957134
0.917753
0.880695
0.845405
0.817076
0.813519
0.836536
0.875808
0.921731
0.964273
0.997402
1.02147
1.03539
1.03695
1.03102
1.0224
1.01536
1.01064
1.0085
1.00798
1.00871
1.01014
1.01204
1.01445
1.01715
1.02038
1.02394
1.02797
1.03229
1.037
1.04199
1.04742
1.05295
1.05837
1.06367
1.06933
1.07561
1.08242
1.08931
1.09628
1.10328
1.11035
1.11752
1.12474
1.13211
1.13951
1.14708
1.15464
1.16239
1.17014
1.17803
1.18597
1.19398
1.2021
1.21021
1.21848
1.22669
1.23509
1.24339
1.25187
1.26023
1.26875
1.27716
1.28577
1.29427
1.30289
1.31138
1.31998
1.32847
1.33704
1.34553
1.35405
1.36253
1.37095
1.37938
1.38765
1.39591
1.4039
1.41178
1.41918
1.42609
1.43179
1.43545
1.07339
1.13012
1.17877
1.21667
1.24349
1.26001
1.26787
1.26871
1.26453
1.25659
1.24525
1.23202
1.21564
1.19738
1.17592
1.14943
1.11664
1.07966
1.04176
0.998702
0.949451
0.916594
0.917251
0.941946
0.980668
1.02758
1.07435
1.10968
1.13451
1.15148
1.15914
1.1565
1.14561
1.13174
1.11941
1.1101
1.10375
1.09996
1.09787
1.0969
1.0967
1.09706
1.09798
1.09926
1.10111
1.10327
1.10605
1.10916
1.11288
1.11687
1.12101
1.12492
1.12911
1.13388
1.13938
1.14517
1.15119
1.15728
1.16351
1.1698
1.17626
1.1828
1.18956
1.19637
1.20342
1.21047
1.21776
1.22502
1.23252
1.23998
1.24767
1.25532
1.26318
1.27102
1.27905
1.28702
1.29518
1.30326
1.31158
1.31975
1.32809
1.33627
1.3446
1.35284
1.36111
1.36943
1.37761
1.38598
1.39406
1.40243
1.41041
1.41873
1.4266
1.43477
1.44246
1.45031
1.45756
1.46455
1.47032
1.47412
1.07952
1.1323
1.18043
1.22074
1.25286
1.27605
1.29176
1.30086
1.30472
1.30481
1.3015
1.29566
1.28675
1.27441
1.25754
1.23271
1.2014
1.16719
1.12429
1.06768
1.00897
0.981981
0.988862
1.01434
1.05392
1.10373
1.15246
1.19051
1.21605
1.23316
1.24469
1.24863
1.24487
1.23298
1.21639
1.20017
1.18627
1.17606
1.16868
1.16388
1.16071
1.15883
1.15772
1.15721
1.15733
1.15795
1.1591
1.16079
1.16302
1.16578
1.16888
1.17191
1.17511
1.17865
1.18299
1.18781
1.19302
1.19836
1.20393
1.20958
1.21544
1.22141
1.22756
1.23388
1.24034
1.247
1.25375
1.26072
1.26773
1.27497
1.28227
1.28974
1.2973
1.30498
1.31276
1.32061
1.32861
1.33662
1.34466
1.35275
1.3608
1.369
1.37704
1.38532
1.39335
1.40168
1.40969
1.41804
1.42603
1.43435
1.44229
1.45054
1.4584
1.46652
1.47421
1.48204
1.48932
1.49638
1.50229
1.50621
1.08782
1.13596
1.18207
1.22296
1.25723
1.28508
1.30574
1.32115
1.33106
1.33753
1.34008
1.33994
1.33624
1.32796
1.31152
1.28785
1.25871
1.22055
1.16662
1.09296
1.0367
1.02383
1.03708
1.06382
1.10646
1.15748
1.20459
1.24304
1.2716
1.29071
1.30341
1.31202
1.31488
1.31167
1.30149
1.28527
1.26701
1.25016
1.23634
1.22605
1.21889
1.2142
1.21114
1.20922
1.20804
1.20749
1.20745
1.20794
1.20898
1.21057
1.21275
1.2152
1.21762
1.2203
1.22359
1.22765
1.23212
1.23692
1.24189
1.24715
1.25249
1.25811
1.26379
1.26977
1.27581
1.28214
1.28854
1.29519
1.30194
1.30887
1.31593
1.3231
1.33044
1.33782
1.34541
1.353
1.36073
1.36841
1.37623
1.38402
1.39192
1.39981
1.40777
1.41574
1.42373
1.43174
1.43974
1.44778
1.45576
1.46381
1.47175
1.47977
1.48762
1.49554
1.50324
1.51092
1.51826
1.52525
1.5313
1.5352
1.09819
1.14178
1.18468
1.22484
1.25984
1.2897
1.31396
1.33307
1.34769
1.35839
1.36565
1.36906
1.36838
1.36014
1.3432
1.32002
1.28868
1.24017
1.16527
1.08751
1.05143
1.05138
1.06792
1.09986
1.14531
1.19394
1.23743
1.27417
1.30394
1.32705
1.34315
1.35415
1.36165
1.36433
1.36236
1.35496
1.3409
1.32224
1.3034
1.2867
1.27352
1.26393
1.25737
1.25303
1.25023
1.24844
1.2474
1.24689
1.24698
1.24762
1.24887
1.25066
1.25273
1.25481
1.25728
1.2604
1.26428
1.26846
1.273
1.27771
1.28272
1.28788
1.29332
1.29889
1.30472
1.31068
1.31689
1.32322
1.32979
1.33645
1.34337
1.35033
1.35758
1.36484
1.37232
1.37972
1.38732
1.39486
1.40256
1.41026
1.41802
1.42587
1.43367
1.44164
1.44945
1.45752
1.46533
1.47344
1.48122
1.48933
1.49708
1.50514
1.51283
1.52078
1.52835
1.53609
1.54336
1.55047
1.55656
1.56066
1.11046
1.1499
1.1893
1.22724
1.26213
1.2926
1.3187
1.34041
1.35784
1.3715
1.38154
1.38684
1.3856
1.37497
1.35696
1.33139
1.28974
1.2203
1.13294
1.07414
1.0604
1.06886
1.09015
1.12729
1.1731
1.21669
1.25553
1.28984
1.31935
1.34463
1.36485
1.38064
1.39124
1.39818
1.4019
1.40191
1.39723
1.38622
1.36961
1.35028
1.33207
1.31651
1.30457
1.29589
1.29013
1.28646
1.28418
1.28286
1.28219
1.2821
1.2826
1.28369
1.28523
1.28693
1.28872
1.29099
1.29395
1.29763
1.30165
1.30602
1.31061
1.31551
1.32056
1.3259
1.33138
1.33713
1.34301
1.34913
1.3554
1.36188
1.36852
1.37535
1.38234
1.38941
1.39659
1.40385
1.4112
1.41865
1.42614
1.43377
1.44137
1.44913
1.45682
1.46468
1.47243
1.48036
1.48815
1.49611
1.50391
1.51187
1.51964
1.52757
1.53527
1.54311
1.55066
1.5583
1.56553
1.57258
1.5787
1.58277
1.12491
1.15998
1.19599
1.23122
1.26451
1.29501
1.32155
1.34456
1.36374
1.3786
1.3896
1.39386
1.38844
1.37519
1.35443
1.3192
1.25733
1.16755
1.0928
1.06571
1.06794
1.08075
1.10852
1.1483
1.19006
1.22841
1.26311
1.29491
1.32366
1.34981
1.3726
1.39229
1.40809
1.41986
1.42733
1.43192
1.4335
1.43154
1.42427
1.41083
1.39289
1.3743
1.35684
1.3425
1.33169
1.32431
1.31961
1.31675
1.31519
1.31444
1.31438
1.31486
1.3159
1.31733
1.31881
1.32049
1.32264
1.3256
1.3292
1.33324
1.33757
1.34222
1.34709
1.35218
1.35747
1.36295
1.36865
1.37451
1.38064
1.3869
1.39346
1.4001
1.40695
1.41383
1.4209
1.428
1.43525
1.44257
1.44997
1.45747
1.46499
1.47264
1.48024
1.488
1.49565
1.50349
1.51117
1.51903
1.52671
1.53456
1.54222
1.55003
1.55762
1.56534
1.5728
1.58034
1.58751
1.59449
1.6006
1.60468
1.14112
1.17231
1.20458
1.23718
1.26825
1.29764
1.32409
1.34722
1.36687
1.38185
1.39093
1.38993
1.37988
1.36345
1.33322
1.27803
1.19007
1.1071
1.06837
1.06329
1.07144
1.09187
1.12483
1.16253
1.19849
1.23198
1.26331
1.29299
1.32104
1.34746
1.37182
1.39396
1.41333
1.42977
1.4428
1.45188
1.45726
1.4607
1.4611
1.45744
1.44817
1.43294
1.41464
1.39616
1.37988
1.36685
1.35761
1.35145
1.34787
1.34591
1.34517
1.3451
1.34561
1.34663
1.34786
1.34916
1.35064
1.35275
1.35563
1.3592
1.36315
1.36746
1.37202
1.37684
1.38187
1.38711
1.39255
1.3982
1.40408
1.41019
1.41652
1.42295
1.42956
1.43626
1.44313
1.45008
1.45717
1.46434
1.4716
1.47897
1.48636
1.4939
1.50139
1.50905
1.51661
1.52436
1.53197
1.53976
1.54736
1.55515
1.56272
1.57047
1.57795
1.58561
1.59295
1.60041
1.60746
1.61435
1.62037
1.62443
1.15781
1.18565
1.21451
1.2442
1.27329
1.30095
1.32655
1.34886
1.36734
1.38045
1.38328
1.37642
1.36236
1.33635
1.28643
1.20211
1.11518
1.06789
1.05723
1.06219
1.07688
1.10399
1.13741
1.17005
1.20091
1.23056
1.2594
1.28751
1.31486
1.34121
1.36633
1.38986
1.41159
1.43117
1.44829
1.46263
1.4736
1.48066
1.48514
1.48775
1.48744
1.48206
1.47052
1.45438
1.43608
1.41849
1.40345
1.39192
1.384
1.37919
1.37661
1.37559
1.37547
1.37607
1.37707
1.37833
1.37953
1.38107
1.3832
1.38616
1.38968
1.39362
1.39787
1.40241
1.40719
1.41218
1.41742
1.42285
1.42857
1.43446
1.44058
1.44679
1.45323
1.45973
1.46646
1.47324
1.4802
1.48724
1.49438
1.50163
1.5089
1.51633
1.52368
1.53122
1.53863
1.54625
1.55368
1.56132
1.56876
1.57638
1.58379
1.59135
1.59869
1.60615
1.61333
1.6206
1.62748
1.6342
1.64007
1.64404
1.17431
1.19994
1.22595
1.25286
1.27977
1.30549
1.32953
1.35001
1.36557
1.37185
1.36747
1.35497
1.33174
1.28624
1.20651
1.1181
1.06509
1.05047
1.05313
1.06334
1.08517
1.11496
1.14452
1.17261
1.19983
1.22682
1.25374
1.28062
1.30725
1.33335
1.35881
1.38309
1.40638
1.42792
1.44795
1.4658
1.48127
1.49398
1.50297
1.50899
1.51343
1.51526
1.51376
1.50646
1.49349
1.4765
1.45863
1.44184
1.42815
1.41809
1.4116
1.4079
1.4063
1.40597
1.40659
1.40765
1.40874
1.40995
1.41145
1.41367
1.41657
1.41999
1.42381
1.42799
1.43248
1.43722
1.44223
1.44746
1.453
1.45865
1.46456
1.47055
1.47679
1.4831
1.48963
1.49624
1.503
1.50988
1.51684
1.52395
1.53104
1.53833
1.54552
1.55292
1.56017
1.56763
1.57493
1.58241
1.58972
1.59718
1.60446
1.61187
1.61906
1.62635
1.63338
1.64046
1.64715
1.65364
1.6593
1.66312
1.19073
1.21488
1.23879
1.26302
1.28747
1.31093
1.33215
1.3494
1.35833
1.35581
1.34425
1.32287
1.28068
1.20523
1.11745
1.06091
1.043
1.04409
1.0515
1.06969
1.09609
1.12287
1.14811
1.17269
1.1972
1.22233
1.24778
1.27373
1.29971
1.32556
1.35101
1.37579
1.39983
1.42274
1.44453
1.4648
1.48333
1.49994
1.51399
1.52507
1.53297
1.53884
1.54297
1.54414
1.54128
1.5323
1.5177
1.50026
1.48244
1.46667
1.45422
1.44552
1.44026
1.43769
1.43692
1.43746
1.43847
1.43954
1.44073
1.44241
1.44471
1.4476
1.45093
1.45467
1.45878
1.4632
1.46797
1.47301
1.47832
1.48373
1.4894
1.49514
1.50115
1.50722
1.51354
1.51995
1.52652
1.53323
1.54001
1.54696
1.5539
1.56103
1.56808
1.57531
1.58242
1.5897
1.59683
1.6041
1.61123
1.61848
1.62557
1.63275
1.63974
1.6468
1.65361
1.66043
1.66684
1.67304
1.67838
1.682
1.20717
1.23031
1.25263
1.27479
1.29666
1.31707
1.33436
1.34459
1.34319
1.332
1.31179
1.27207
1.20012
1.11386
1.05568
1.03543
1.03506
1.0415
1.05812
1.08214
1.10606
1.12853
1.15018
1.17223
1.19491
1.21867
1.24312
1.26828
1.2936
1.3191
1.34433
1.36934
1.39373
1.41754
1.44037
1.4622
1.4827
1.50185
1.51917
1.53452
1.54734
1.55716
1.56477
1.57051
1.57384
1.57415
1.56966
1.55883
1.54299
1.52527
1.5078
1.49278
1.48152
1.47411
1.47011
1.46857
1.46881
1.46975
1.47073
1.47197
1.47369
1.47605
1.47886
1.48209
1.48573
1.48975
1.49421
1.49894
1.50398
1.50913
1.51458
1.52009
1.52589
1.53177
1.5379
1.54411
1.5505
1.55701
1.56358
1.57032
1.57704
1.58396
1.5908
1.59784
1.60476
1.61186
1.61882
1.62592
1.63288
1.63993
1.64682
1.65378
1.66053
1.66732
1.67383
1.68031
1.68635
1.69214
1.69699
1.70032
1.22268
1.24586
1.2672
1.28721
1.30603
1.32233
1.33281
1.33165
1.32022
1.30044
1.26181
1.19199
1.10772
1.04942
1.02831
1.0271
1.03323
1.04927
1.07201
1.09409
1.11401
1.13313
1.1525
1.1729
1.19444
1.21719
1.24083
1.26514
1.28986
1.31484
1.3398
1.36471
1.38913
1.41327
1.43648
1.45929
1.4809
1.50182
1.52126
1.53956
1.55586
1.57023
1.5818
1.59104
1.59839
1.60363
1.60597
1.60521
1.59886
1.58608
1.56938
1.55097
1.53409
1.52006
1.51011
1.50407
1.5012
1.50072
1.5014
1.50235
1.50355
1.50538
1.50777
1.51055
1.5137
1.51723
1.52129
1.52564
1.53039
1.53527
1.54049
1.54576
1.55135
1.55698
1.56288
1.56886
1.57503
1.58133
1.58771
1.59425
1.60077
1.6075
1.61412
1.62096
1.62766
1.63456
1.64129
1.64817
1.6549
1.66171
1.66837
1.67503
1.68152
1.68796
1.69411
1.70015
1.70568
1.71089
1.71502
1.71788
1.24122
1.26059
1.28189
1.29978
1.31491
1.3244
1.32273
1.31054
1.29035
1.2516
1.18218
1.09913
1.04168
1.02092
1.01978
1.02597
1.04228
1.06473
1.08548
1.10388
1.1209
1.13809
1.15618
1.17563
1.19633
1.21822
1.24103
1.26455
1.28863
1.31297
1.33756
1.36198
1.38636
1.41031
1.43397
1.45708
1.47953
1.50137
1.52218
1.54222
1.5608
1.57811
1.59357
1.60676
1.61742
1.62632
1.63336
1.63791
1.63921
1.63696
1.62853
1.61395
1.59626
1.57778
1.56139
1.54849
1.53981
1.53505
1.53339
1.53356
1.53434
1.5355
1.53731
1.5397
1.54246
1.54559
1.54919
1.55309
1.55741
1.56193
1.56682
1.57183
1.57715
1.58255
1.58821
1.59398
1.59992
1.60601
1.61216
1.61852
1.62482
1.63136
1.63777
1.6444
1.65089
1.65753
1.66406
1.67067
1.67719
1.68369
1.6901
1.69643
1.7026
1.70862
1.71434
1.7198
1.72467
1.72905
1.73215
1.73434
1.25963
1.27515
1.29443
1.31025
1.31973
1.31726
1.30383
1.28252
1.24252
1.1715
1.08839
1.03225
1.01292
1.0127
1.01969
1.03706
1.05971
1.07995
1.0971
1.11265
1.12801
1.14423
1.16164
1.18043
1.20048
1.22161
1.24371
1.26647
1.28987
1.31354
1.33757
1.36151
1.38561
1.40932
1.43303
1.45613
1.47907
1.50125
1.5231
1.54387
1.56415
1.58313
1.6011
1.61738
1.63205
1.6441
1.65434
1.66286
1.66911
1.67244
1.67279
1.66876
1.6579
1.64203
1.62343
1.60528
1.58931
1.57776
1.57041
1.56689
1.56619
1.56675
1.56763
1.56916
1.57159
1.57444
1.57769
1.5811
1.58498
1.58904
1.59358
1.59826
1.60332
1.60849
1.61392
1.61948
1.62517
1.63105
1.63694
1.64306
1.64911
1.65539
1.66157
1.66797
1.67425
1.68069
1.687
1.69339
1.69966
1.7059
1.71199
1.71797
1.7237
1.72921
1.73427
1.73893
1.74275
1.7459
1.74773
1.74934
1.28365
1.2905
1.30404
1.31676
1.31548
1.30075
1.27753
1.23497
1.16057
1.07634
1.02189
1.0039
1.005
1.01431
1.03324
1.05643
1.07662
1.09327
1.10783
1.12184
1.13646
1.15216
1.16923
1.1875
1.20703
1.22746
1.24887
1.27085
1.29352
1.31647
1.33982
1.36318
1.38678
1.41011
1.43364
1.45659
1.4797
1.50195
1.52429
1.54557
1.5668
1.58677
1.60639
1.62453
1.64182
1.65714
1.67089
1.68198
1.69196
1.69989
1.70511
1.70701
1.70622
1.70016
1.68742
1.67001
1.6507
1.63263
1.61769
1.60732
1.60127
1.59903
1.59897
1.59954
1.60083
1.60316
1.60618
1.6094
1.61292
1.61661
1.62073
1.62502
1.62973
1.63454
1.63971
1.64495
1.65046
1.65604
1.66178
1.66764
1.67351
1.67959
1.68555
1.69173
1.69775
1.70392
1.70994
1.71601
1.72196
1.72783
1.73354
1.73903
1.74425
1.74904
1.75328
1.75677
1.7592
1.76098
1.76158
1.76241
1.30705
1.30545
1.31179
1.31377
1.30075
1.27467
1.22825
1.14897
1.06215
1.00952
0.993212
0.995876
1.0088
1.03074
1.05445
1.07464
1.09104
1.10491
1.11815
1.13158
1.14616
1.16171
1.17864
1.19653
1.21556
1.23538
1.25607
1.27739
1.29925
1.32161
1.34415
1.36713
1.38995
1.41316
1.436
1.45905
1.48165
1.50422
1.52633
1.54819
1.5695
1.5904
1.61061
1.63015
1.64876
1.66639
1.68253
1.69731
1.70968
1.72056
1.72985
1.73686
1.74093
1.74153
1.73895
1.73046
1.71569
1.69692
1.6773
1.65945
1.64574
1.63663
1.63208
1.63083
1.63113
1.63202
1.63407
1.63691
1.64028
1.64377
1.64766
1.65163
1.656
1.66055
1.66537
1.67046
1.67559
1.68108
1.6864
1.69217
1.69765
1.70357
1.70924
1.71521
1.72099
1.7269
1.73269
1.73841
1.74406
1.74947
1.75475
1.75959
1.76408
1.76784
1.77076
1.77263
1.77356
1.77355
1.77227
1.77228
1.34021
1.32364
1.31588
1.30186
1.27271
1.21931
1.13454
1.04587
0.996247
0.98193
0.986052
1.00272
1.02833
1.05313
1.07353
1.08978
1.10352
1.11624
1.12913
1.14276
1.15741
1.17305
1.18975
1.20737
1.22592
1.24525
1.26531
1.28602
1.30717
1.32885
1.3507
1.37298
1.39524
1.41783
1.4402
1.46287
1.48507
1.50759
1.52937
1.55151
1.57266
1.59418
1.61449
1.63503
1.65424
1.67328
1.69094
1.70784
1.72297
1.73676
1.74804
1.75856
1.76672
1.77256
1.7744
1.77406
1.76951
1.75823
1.74133
1.72145
1.70173
1.68461
1.67222
1.66454
1.66154
1.66121
1.66167
1.66319
1.66604
1.66944
1.67325
1.67707
1.6811
1.68538
1.68983
1.69467
1.69955
1.70484
1.71008
1.71563
1.72111
1.7268
1.73242
1.73812
1.74377
1.74936
1.75492
1.76025
1.76549
1.77037
1.77493
1.77897
1.78222
1.7846
1.78567
1.78594
1.78481
1.78243
1.77848
1.77674
1.3835
1.33995
1.31213
1.27232
1.20519
1.1128
1.02755
0.983073
0.972043
0.977844
0.998546
1.02741
1.0532
1.07383
1.08989
1.10327
1.11558
1.12806
1.14111
1.15516
1.17007
1.18594
1.20253
1.22002
1.23813
1.25704
1.27648
1.29655
1.31708
1.33798
1.35929
1.38074
1.40253
1.42433
1.44631
1.46826
1.49021
1.51208
1.53386
1.55541
1.57684
1.59787
1.61872
1.63902
1.65899
1.67821
1.69695
1.71471
1.73171
1.74726
1.76151
1.77363
1.78451
1.79375
1.80101
1.80461
1.80497
1.80281
1.79583
1.78223
1.76322
1.74249
1.72279
1.70699
1.69606
1.69038
1.68864
1.68888
1.68997
1.6924
1.69606
1.69986
1.70405
1.70816
1.71262
1.71709
1.72195
1.72687
1.7321
1.73736
1.74278
1.74822
1.75373
1.7592
1.76469
1.77
1.77525
1.78022
1.78493
1.78921
1.79285
1.79573
1.79727
1.79781
1.79712
1.79512
1.79184
1.7857
1.77536
1.76979
1.46791
1.35371
1.28467
1.19618
1.08468
0.997402
0.961279
0.958137
0.968845
0.994629
1.0262
1.05311
1.07419
1.09011
1.10313
1.11518
1.12747
1.14048
1.15434
1.169
1.18436
1.20038
1.21687
1.23399
1.25164
1.26995
1.28881
1.30828
1.32824
1.34863
1.36928
1.39015
1.41125
1.43243
1.4538
1.47508
1.4965
1.51777
1.53902
1.5601
1.58102
1.60168
1.62229
1.6424
1.6624
1.68176
1.70082
1.71906
1.73667
1.75339
1.76897
1.78341
1.79604
1.80713
1.81703
1.82497
1.83031
1.83169
1.83062
1.82628
1.81642
1.80007
1.77969
1.75849
1.73958
1.72559
1.71672
1.7133
1.71289
1.71368
1.71577
1.7191
1.72345
1.72779
1.7324
1.73694
1.74175
1.7466
1.7517
1.75692
1.76225
1.76768
1.77308
1.77848
1.78381
1.78896
1.79388
1.7984
1.80244
1.80573
1.808
1.80898
1.80866
1.80729
1.8047
1.79954
1.79139
1.77845
1.75956
1.74904
1.6363
1.37173
1.21237
1.05871
0.957983
0.927226
0.932919
0.955911
0.990163
1.02326
1.05131
1.07302
1.08895
1.10171
1.11362
1.12589
1.13903
1.15297
1.1677
1.18296
1.19878
1.21498
1.23158
1.24856
1.26607
1.28411
1.30267
1.32166
1.34096
1.36057
1.38036
1.40036
1.42043
1.44081
1.46122
1.48182
1.50237
1.52297
1.54356
1.56403
1.58451
1.60471
1.62481
1.64447
1.66407
1.68307
1.70185
1.72
1.73763
1.75468
1.77075
1.78622
1.80021
1.81319
1.82423
1.83438
1.84286
1.84946
1.85192
1.8514
1.84866
1.84206
1.82941
1.81062
1.78925
1.76815
1.75097
1.73926
1.73349
1.73194
1.73276
1.73453
1.73764
1.74224
1.74704
1.75219
1.75715
1.76232
1.76733
1.77266
1.77792
1.78339
1.78873
1.79408
1.79917
1.80405
1.80854
1.81238
1.81552
1.8173
1.81777
1.81696
1.81506
1.81127
1.80483
1.79327
1.77684
1.75665
1.73199
1.71931
1.91026
1.35731
1.05401
0.899349
0.87475
0.891382
0.930434
0.976582
1.01339
1.04279
1.06531
1.08172
1.09451
1.10659
1.11919
1.13276
1.14721
1.16231
1.17788
1.19386
1.2102
1.22691
1.24393
1.26121
1.27866
1.29634
1.31425
1.33243
1.35091
1.36971
1.38881
1.40826
1.42784
1.44755
1.46725
1.48706
1.50686
1.52665
1.54641
1.566
1.58563
1.60492
1.62426
1.64316
1.66202
1.68039
1.69855
1.71626
1.73346
1.75037
1.76637
1.7821
1.79663
1.81057
1.82306
1.83431
1.84414
1.85313
1.86
1.86409
1.8645
1.86231
1.85755
1.84863
1.83288
1.81234
1.79029
1.77086
1.75625
1.74818
1.74519
1.74578
1.74756
1.75067
1.75531
1.76075
1.76644
1.772
1.77764
1.78311
1.78867
1.79414
1.79957
1.80481
1.80976
1.81418
1.818
1.82078
1.8223
1.82217
1.82116
1.81869
1.81376
1.80446
1.79079
1.77119
1.74786
1.72361
1.69867
1.68762
2.06018
1.30821
0.81892
0.708749
0.764279
0.835507
0.910279
0.96607
1.00472
1.03241
1.0526
1.06819
1.08274
1.09764
1.11321
1.12945
1.1461
1.16306
1.18015
1.19739
1.21474
1.23223
1.24985
1.2676
1.28538
1.3032
1.3211
1.33909
1.3572
1.37543
1.39377
1.41225
1.4308
1.44949
1.4682
1.487
1.50581
1.52458
1.54339
1.56203
1.58072
1.59914
1.6175
1.6356
1.65351
1.67114
1.68849
1.70552
1.72217
1.73846
1.75423
1.76957
1.78428
1.79826
1.81164
1.82365
1.835
1.84459
1.85393
1.86118
1.86668
1.86808
1.8667
1.86329
1.85654
1.84424
1.82582
1.80395
1.78288
1.76609
1.75597
1.75137
1.7514
1.75376
1.75701
1.76186
1.76796
1.77447
1.78092
1.78722
1.79332
1.79918
1.80488
1.81006
1.81483
1.81858
1.82125
1.82236
1.82219
1.82076
1.81717
1.80996
1.79886
1.78132
1.75968
1.73459
1.70928
1.6871
1.66818
1.66129
2.09911
1.24464
0.60188
0.499398
0.611781
0.73825
0.835086
0.898552
0.942053
0.973664
0.998462
1.02068
1.04192
1.06278
1.08321
1.10344
1.12334
1.143
1.16236
1.18152
1.20047
1.21929
1.23802
1.25667
1.27535
1.29379
1.31217
1.33038
1.34861
1.36672
1.38487
1.40293
1.42107
1.43912
1.45732
1.47536
1.49359
1.51158
1.52972
1.54763
1.56548
1.58326
1.60068
1.61823
1.63513
1.65231
1.66867
1.68532
1.7011
1.71711
1.73217
1.74746
1.7616
1.77599
1.78906
1.80218
1.81398
1.82522
1.83516
1.84467
1.85246
1.85877
1.86137
1.8612
1.85826
1.85323
1.84434
1.82879
1.8077
1.78657
1.76832
1.75654
1.75066
1.75018
1.75267
1.75678
1.76185
1.76847
1.77563
1.78272
1.78952
1.79585
1.80175
1.80668
1.81079
1.81329
1.81459
1.81466
1.81277
1.80781
1.7992
1.78442
1.76486
1.74073
1.71513
1.69059
1.6699
1.65492
1.64435
1.64168
2.09755
1.18467
0.472948
0.318645
0.469762
0.617436
0.715655
0.782989
0.832632
0.872308
0.907098
0.939001
0.968588
0.996375
1.02262
1.0477
1.07169
1.09489
1.11725
1.13885
1.15983
1.18032
1.20058
1.2206
1.24051
1.26032
1.27984
1.29905
1.31802
1.33674
1.35528
1.37364
1.39194
1.41007
1.42829
1.44629
1.46445
1.48234
1.50031
1.51805
1.5357
1.55322
1.57042
1.58757
1.60428
1.62092
1.63712
1.65318
1.66884
1.68424
1.69934
1.71398
1.72842
1.74238
1.75599
1.76927
1.78184
1.79397
1.80525
1.81539
1.82527
1.83341
1.84003
1.84412
1.84478
1.84266
1.83914
1.83259
1.82102
1.80288
1.78231
1.76328
1.75047
1.74351
1.74237
1.74481
1.74985
1.75564
1.76228
1.76974
1.77725
1.78388
1.78984
1.79395
1.79701
1.79866
1.79845
1.79565
1.78947
1.77787
1.76093
1.7385
1.71341
1.68783
1.66531
1.6473
1.63491
1.62777
1.62355
1.62368
2.10384
1.18165
0.46232
0.261147
0.390021
0.514203
0.59806
0.659893
0.711615
0.75795
0.800208
0.838927
0.874371
0.907201
0.937824
0.966808
0.994355
1.02063
1.04583
1.06995
1.09336
1.11596
1.13816
1.15983
1.18126
1.20231
1.22317
1.2436
1.26355
1.28325
1.3026
1.32193
1.34102
1.36021
1.37916
1.39824
1.41697
1.43584
1.45425
1.47278
1.49071
1.50875
1.52608
1.54347
1.56024
1.57684
1.59317
1.60892
1.62482
1.6398
1.65523
1.66957
1.68454
1.69827
1.71287
1.72587
1.73983
1.75195
1.76492
1.7756
1.78716
1.79611
1.80603
1.81272
1.81862
1.82086
1.82059
1.81848
1.81441
1.8063
1.79175
1.77257
1.75398
1.74068
1.73257
1.73071
1.73223
1.73722
1.74307
1.74986
1.75643
1.76306
1.76782
1.77172
1.77352
1.77302
1.76933
1.76117
1.74702
1.72728
1.70307
1.67753
1.65315
1.63308
1.61791
1.60842
1.60281
1.60084
1.59963
1.60086
2.10677
1.17954
0.45896
0.255712
0.363711
0.461457
0.522636
0.570251
0.615767
0.660158
0.702528
0.742151
0.77912
0.813822
0.846559
0.877648
0.907224
0.935369
0.962353
0.988126
1.01311
1.03716
1.06068
1.08353
1.106
1.12805
1.14982
1.17141
1.19278
1.214
1.2351
1.25607
1.27694
1.29761
1.31812
1.33836
1.35837
1.37804
1.3974
1.41637
1.43499
1.45317
1.471
1.48838
1.50546
1.52211
1.53855
1.55459
1.57053
1.58617
1.60166
1.61712
1.63204
1.64736
1.66165
1.67641
1.69006
1.7039
1.71714
1.72969
1.74189
1.7532
1.76459
1.77513
1.78456
1.79335
1.79824
1.80177
1.80164
1.79937
1.79398
1.7828
1.76516
1.74655
1.73117
1.72158
1.71731
1.71725
1.72035
1.72488
1.73006
1.73453
1.73758
1.73842
1.73749
1.73281
1.72246
1.70598
1.68378
1.65888
1.63344
1.61115
1.59326
1.58105
1.5733
1.56945
1.56778
1.56749
1.56708
1.56879
2.11368
1.19121
0.467027
0.263758
0.365911
0.451513
0.495786
0.527866
0.560975
0.59685
0.633133
0.669102
0.703521
0.736861
0.768559
0.799097
0.828206
0.856205
0.883099
0.909104
0.934311
0.958939
0.98298
1.00674
1.03004
1.05331
1.07619
1.09917
1.1218
1.14444
1.16675
1.18892
1.21081
1.2324
1.2537
1.27458
1.29513
1.31519
1.33491
1.35414
1.37306
1.39156
1.40988
1.4278
1.44571
1.46323
1.48082
1.498
1.51524
1.53201
1.54871
1.56497
1.58102
1.59671
1.612
1.62717
1.64203
1.65687
1.67156
1.68631
1.70135
1.71592
1.73065
1.74452
1.7577
1.76968
1.77944
1.78722
1.79126
1.79203
1.79109
1.78687
1.77731
1.76034
1.74105
1.72217
1.70994
1.70162
1.69916
1.6983
1.69943
1.69969
1.69856
1.69512
1.6877
1.6748
1.65554
1.63189
1.60611
1.58176
1.56113
1.54582
1.53547
1.52943
1.52621
1.52495
1.52445
1.52445
1.52418
1.526
2.12316
1.20646
0.474999
0.268864
0.372728
0.457364
0.494586
0.516384
0.539966
0.56764
0.597609
0.628161
0.658648
0.688427
0.717429
0.745265
0.772301
0.798247
0.823685
0.848347
0.872737
0.896683
0.920511
0.944106
0.967656
0.991042
1.01437
1.03753
1.06057
1.08338
1.10593
1.12819
1.15014
1.17177
1.19307
1.21409
1.23479
1.25526
1.27547
1.29551
1.31536
1.33504
1.35456
1.37387
1.39298
1.41179
1.43028
1.44842
1.46617
1.48367
1.50081
1.51793
1.5347
1.55162
1.56837
1.58557
1.60256
1.61993
1.637
1.65429
1.67129
1.68802
1.70431
1.72004
1.73499
1.74899
1.76124
1.7719
1.7793
1.78322
1.78334
1.78196
1.77774
1.76808
1.75046
1.7286
1.70779
1.6908
1.67855
1.6704
1.66418
1.65811
1.65036
1.63903
1.62223
1.6007
1.57568
1.55018
1.52695
1.50834
1.4948
1.48606
1.48085
1.47812
1.4768
1.47632
1.47631
1.47642
1.47635
1.4783
2.13437
1.22136
0.479948
0.269469
0.377897
0.464891
0.50015
0.517126
0.535481
0.558639
0.584781
0.611983
0.639241
0.666187
0.69266
0.71831
0.7432
0.767135
0.790509
0.813341
0.83604
0.858573
0.881255
0.903837
0.926627
0.9492
0.971916
0.994315
1.01674
1.03885
1.06084
1.08259
1.10419
1.12565
1.14702
1.16829
1.18953
1.21067
1.23175
1.2527
1.27351
1.2941
1.31444
1.33448
1.35416
1.37356
1.39262
1.41147
1.43005
1.44848
1.46678
1.48497
1.50323
1.52146
1.53984
1.55818
1.57659
1.59487
1.61312
1.63104
1.64879
1.66594
1.68275
1.69872
1.71417
1.72845
1.7418
1.75343
1.76336
1.77047
1.77358
1.77337
1.77197
1.76757
1.75712
1.73872
1.71473
1.69024
1.66794
1.64911
1.63233
1.61626
1.59822
1.5764
1.55104
1.52415
1.49834
1.47633
1.45926
1.44737
1.43962
1.435
1.43225
1.43075
1.42992
1.42961
1.42966
1.42982
1.42987
1.43188
2.1409
1.23378
0.482417
0.267482
0.381001
0.470982
0.505923
0.520493
0.536144
0.55707
0.581439
0.607188
0.633078
0.658622
0.683775
0.708364
0.732175
0.755077
0.777178
0.798774
0.820194
0.84161
0.863238
0.884886
0.906752
0.928445
0.950254
0.971821
0.993435
1.01488
1.03629
1.05768
1.07899
1.10041
1.12176
1.14327
1.16471
1.18625
1.20769
1.22911
1.25033
1.2714
1.29218
1.3127
1.33287
1.35274
1.37229
1.39153
1.41062
1.42939
1.44823
1.46673
1.48551
1.50394
1.52269
1.54113
1.55975
1.57816
1.59642
1.6146
1.63224
1.64988
1.66659
1.68328
1.6988
1.71402
1.72802
1.74097
1.75262
1.76195
1.76895
1.77128
1.77089
1.76896
1.76364
1.75167
1.73023
1.70241
1.67142
1.64053
1.60993
1.5799
1.5488
1.51716
1.48631
1.45893
1.43661
1.42017
1.40885
1.40164
1.39705
1.39423
1.39234
1.39118
1.39042
1.39011
1.39009
1.39029
1.39039
1.39243
2.14695
1.24227
0.482991
0.264884
0.382683
0.475048
0.510121
0.52333
0.537413
0.557168
0.580762
0.605923
0.631388
0.656479
0.681149
0.70536
0.728851
0.751493
0.773132
0.79433
0.815138
0.836225
0.857292
0.878723
0.900053
0.921493
0.942776
0.96402
0.985199
1.00633
1.0275
1.04868
1.0699
1.0912
1.11253
1.13399
1.15546
1.17702
1.19855
1.22007
1.24143
1.26268
1.2836
1.30433
1.32459
1.34466
1.36422
1.38367
1.40267
1.42165
1.44036
1.45905
1.47774
1.49625
1.51504
1.53342
1.55224
1.57042
1.58904
1.60688
1.62495
1.64231
1.65942
1.67611
1.69185
1.70759
1.72162
1.73578
1.74763
1.759
1.76731
1.77287
1.77351
1.77269
1.76956
1.76187
1.74533
1.71868
1.68321
1.64205
1.59743
1.55249
1.50926
1.4707
1.43855
1.41408
1.39656
1.38484
1.3771
1.37213
1.36872
1.36643
1.36475
1.36368
1.36297
1.36271
1.36271
1.3629
1.36298
1.36502
2.15134
1.24646
0.482885
0.263276
0.383568
0.477175
0.512384
0.52493
0.538226
0.55741
0.580663
0.605608
0.630919
0.655893
0.680419
0.704508
0.727932
0.750536
0.772082
0.793179
0.813824
0.83485
0.855794
0.877243
0.898467
0.91992
0.941078
0.96228
0.983356
1.00444
1.02556
1.0467
1.06792
1.0892
1.11053
1.13195
1.1534
1.17494
1.19646
1.21798
1.23937
1.26064
1.28159
1.30236
1.32263
1.34274
1.36226
1.38174
1.40066
1.41968
1.43826
1.45702
1.47555
1.49415
1.51281
1.53124
1.55
1.56816
1.5868
1.60456
1.62278
1.63995
1.65738
1.6738
1.68999
1.70552
1.71999
1.73424
1.74654
1.75846
1.7676
1.77469
1.77651
1.776
1.77366
1.76766
1.75429
1.73035
1.69362
1.64631
1.5918
1.53625
1.48546
1.4441
1.4131
1.39162
1.37724
1.36799
1.36181
1.3577
1.3547
1.35259
1.35099
1.34996
1.34926
1.34901
1.34903
1.34923
1.34934
1.35141
)
;

boundaryField
{
    inlet
    {
        type            calculated;
        value           uniform 3.00001;
    }
    outlet
    {
        type            calculated;
        value           nonuniform List<scalar> 
40
(
0.916189
1.0157
1.10908
1.19281
1.27099
1.33292
1.38776
1.43545
1.47412
1.50621
1.5352
1.56066
1.58277
1.60468
1.62443
1.64404
1.66312
1.682
1.70032
1.71788
1.73434
1.74934
1.76241
1.77228
1.77674
1.76979
1.74904
1.71931
1.68762
1.66129
1.64168
1.62368
1.60086
1.56879
1.526
1.4783
1.43188
1.39243
1.36502
1.35141
)
;
    }
    bottom
    {
        type            symmetryPlane;
    }
    top
    {
        type            symmetryPlane;
    }
    obstacle
    {
        type            calculated;
        value           uniform 0;
    }
    defaultFaces
    {
        type            empty;
    }
}


// ************************************************************************* //
