/*--------------------------------*- C++ -*----------------------------------*\
  =========                 |
  \\      /  F ield         | OpenFOAM: The Open Source CFD Toolbox
   \\    /   O peration     | Website:  https://openfoam.org
    \\  /    A nd           | Version:  10
     \\/     M anipulation  |
\*---------------------------------------------------------------------------*/
FoamFile
{
    format      ascii;
    class       volScalarField;
    location    "7";
    object      rho;
}
// * * * * * * * * * * * * * * * * * * * * * * * * * * * * * * * * * * * * * //

dimensions      [1 -3 0 0 0 0 0];

internalField   nonuniform List<scalar> 
5250
(
1.40001
1.40003
1.40006
1.40019
1.4004
1.40115
1.40248
1.40686
1.41518
1.44003
1.48956
1.61123
1.8544
2.43621
4.78253
5.80177
5.71696
5.65724
5.67631
5.75488
5.84148
5.89388
5.9355
5.96297
5.99015
1.40001
1.40003
1.40007
1.40018
1.40041
1.40109
1.40256
1.4065
1.4156
1.43839
1.49002
1.60708
1.85062
2.42083
4.73638
5.80484
5.71718
5.65421
5.67369
5.75282
5.8395
5.89214
5.93458
5.9629
5.99109
1.40001
1.40002
1.40007
1.40016
1.40045
1.40096
1.40274
1.40579
1.41626
1.43548
1.49025
1.59909
1.84217
2.38914
4.633
5.81253
5.71696
5.64471
5.66381
5.74194
5.82808
5.87995
5.92137
5.95074
5.9795
1.40001
1.40003
1.40006
1.40018
1.40037
1.40107
1.40224
1.40639
1.41371
1.43724
1.4819
1.59632
1.82182
2.34551
4.4691
5.82784
5.71803
5.62917
5.64706
5.72246
5.80611
5.85708
5.89809
5.92455
5.95463
1.40001
1.40002
1.40006
1.40016
1.40036
1.40099
1.40211
1.40604
1.41282
1.43511
1.47723
1.58536
1.80017
2.28627
4.24384
5.85248
5.72162
5.60895
5.62313
5.69707
5.77665
5.82528
5.86478
5.89035
5.92054
1.40001
1.40002
1.40006
1.40013
1.40038
1.40078
1.40228
1.40477
1.41353
1.42923
1.47603
1.56692
1.77712
2.21379
3.95445
5.8856
5.72928
5.58431
5.59515
5.66019
5.73905
5.78024
5.81809
5.84069
5.87239
1.40001
1.40002
1.40005
1.40014
1.40029
1.40084
1.40174
1.40503
1.41062
1.4295
1.46414
1.55768
1.74014
2.13985
3.60824
5.92077
5.74345
5.55982
5.56439
5.61801
5.69004
5.7259
5.75387
5.77328
5.80384
1.40001
1.40002
1.40004
1.40012
1.40026
1.40073
1.40162
1.40429
1.40986
1.42538
1.45832
1.5398
1.707
2.06304
3.21777
5.92795
5.75533
5.53721
5.53204
5.56884
5.63057
5.65365
5.67121
5.67592
5.70288
1.40001
1.40002
1.40004
1.4001
1.40026
1.40059
1.40153
1.40365
1.40904
1.42201
1.45302
1.52345
1.67818
1.9961
2.92957
5.80239
5.71381
5.50496
5.49223
5.50741
5.55639
5.56346
5.55866
5.54078
5.54278
1.40001
1.40001
1.40004
1.40009
1.40023
1.40053
1.40136
1.40323
1.40809
1.41951
1.44759
1.51062
1.65144
1.94055
2.71853
5.49566
5.57225
5.48107
5.43482
5.43525
5.46037
5.4487
5.41639
5.34553
5.28427
1.40001
1.40001
1.40003
1.40008
1.4002
1.40047
1.40122
1.40277
1.40744
1.41657
1.44336
1.4972
1.62644
1.88712
2.53595
5.06732
5.4883
5.4388
5.36393
5.35576
5.34777
5.31584
5.22565
5.01107
4.39694
1.40001
1.40001
1.40003
1.40007
1.40017
1.40042
1.401
1.40261
1.40592
1.41568
1.43559
1.48808
1.59721
1.83475
2.37003
4.565
5.44129
5.40285
5.29948
5.26748
5.23721
5.17068
5.02437
4.72568
4.06963
1.40001
1.40001
1.40003
1.40006
1.40015
1.40034
1.40092
1.40199
1.40561
1.41197
1.43265
1.47197
1.57314
1.77447
2.21872
3.98698
5.42481
5.37946
5.25018
5.18104
5.13092
5.0344
4.84713
4.53271
4.02758
1.40001
1.40001
1.40002
1.40006
1.40011
1.40032
1.40067
1.40186
1.40407
1.411
1.42466
1.46288
1.54025
1.71852
2.07472
3.34672
5.40184
5.36167
5.22605
5.10687
5.02795
4.91141
4.71965
4.42791
4.03526
1.40001
1.40001
1.40002
1.40005
1.40009
1.40025
1.40054
1.40152
1.4032
1.40904
1.41934
1.45149
1.5128
1.66247
1.95267
2.76822
5.25586
5.30799
5.21652
5.05203
4.94353
4.81443
4.62828
4.36488
4.04054
1.40001
1.40001
1.40002
1.40003
1.40008
1.40019
1.40046
1.40117
1.40269
1.40712
1.416
1.44146
1.49328
1.61712
1.86658
2.47081
4.77964
5.20912
5.15385
5.00427
4.87328
4.73552
4.56007
4.32122
4.03858
1.40001
1.40001
1.40001
1.40003
1.40007
1.40015
1.40039
1.40088
1.40227
1.40541
1.41335
1.43229
1.47682
1.57591
1.78708
2.24147
4.06413
5.1149
5.08696
4.97371
4.81865
4.67165
4.50219
4.28702
4.0339
1.40001
1.40001
1.40001
1.40002
1.40006
1.40011
1.40031
1.40068
1.40177
1.40417
1.41039
1.42496
1.46035
1.5385
1.71034
2.05364
3.28816
5.04607
5.04125
4.96568
4.796
4.62538
4.4574
4.25963
4.03219
1.40001
1.40001
1.40001
1.40002
1.40004
1.4001
1.4002
1.40058
1.40121
1.40339
1.40732
1.41975
1.44378
1.50836
1.63693
1.9075
2.60342
4.81419
5.02645
4.95652
4.78859
4.59654
4.42442
4.23851
4.03138
1.40001
1.40001
1.40001
1.40002
1.40003
1.40007
1.40018
1.40038
1.40106
1.40223
1.40633
1.41335
1.43638
1.47921
1.58977
1.80444
2.29418
4.18646
4.93502
4.89922
4.78158
4.58175
4.40403
4.22463
4.03142
1.40001
1.40001
1.40001
1.40001
1.40002
1.40006
1.40012
1.40031
1.40071
1.40181
1.40436
1.41056
1.42593
1.46122
1.54222
1.71505
2.06108
3.34969
4.83492
4.83825
4.77061
4.59819
4.39942
4.21832
4.03583
1.40001
1.40001
1.40001
1.40001
1.40002
1.40004
1.40009
1.40022
1.40053
1.40126
1.4032
1.40736
1.41891
1.44324
1.5041
1.63139
1.88448
2.54023
4.56965
4.83015
4.77067
4.62115
4.4057
4.22083
4.04276
1.40001
1.40001
1.40001
1.40001
1.40001
1.40003
1.40006
1.40017
1.40036
1.40096
1.40215
1.40561
1.41299
1.43242
1.47505
1.57415
1.77582
2.20927
3.88537
4.75331
4.72734
4.63599
4.43179
4.23381
4.05682
1.40001
1.40001
1.40001
1.40001
1.40001
1.40002
1.40005
1.40012
1.40027
1.40064
1.4016
1.40374
1.40961
1.42189
1.45497
1.52354
1.67909
1.97231
2.9665
4.58176
4.69118
4.63157
4.46998
4.26248
4.07955
1.40001
1.40001
1.40001
1.40001
1.40001
1.40002
1.40003
1.40008
1.40018
1.40046
1.40108
1.40261
1.40653
1.4152
1.43779
1.48676
1.59866
1.8169
2.33158
4.12528
4.64752
4.61135
4.50392
4.2991
4.10988
1.40001
1.40001
1.40001
1.40001
1.40001
1.40001
1.40002
1.40006
1.40012
1.40032
1.40072
1.40185
1.40432
1.4107
1.42553
1.46117
1.5398
1.70912
2.03669
3.26348
4.51203
4.56393
4.51129
4.35858
4.14643
1.40001
1.40001
1.40001
1.40001
1.40001
1.40001
1.40002
1.40004
1.40008
1.40022
1.40046
1.40129
1.40268
1.40751
1.41585
1.44253
1.49147
1.6159
1.83261
2.40033
4.17133
4.54107
4.50411
4.40136
4.19875
1.40001
1.40001
1.40001
1.40001
1.40001
1.40001
1.40001
1.40003
1.40006
1.40015
1.40031
1.40085
1.40178
1.40502
1.41047
1.42871
1.46158
1.55063
1.71691
2.0654
3.36588
4.42557
4.46579
4.417
4.28028
1.40001
1.40001
1.40001
1.40001
1.40001
1.40001
1.40001
1.40002
1.40004
1.40009
1.40023
1.40049
1.40129
1.40288
1.40741
1.417
1.44207
1.49533
1.61686
1.83292
2.40735
4.11669
4.44869
4.41845
4.33379
1.40001
1.40001
1.40001
1.40001
1.40001
1.40001
1.40001
1.40001
1.40003
1.40006
1.40015
1.40031
1.40086
1.40179
1.40504
1.41046
1.42875
1.46133
1.55011
1.71356
2.05907
3.34562
4.3298
4.38896
4.34728
1.40001
1.40001
1.40001
1.40001
1.40001
1.40001
1.40001
1.40001
1.40002
1.40004
1.40009
1.40022
1.4005
1.4012
1.40298
1.40688
1.41741
1.43942
1.49509
1.60814
1.81994
2.36742
4.00694
4.36294
4.34177
1.40001
1.40001
1.40001
1.40001
1.40001
1.40001
1.40001
1.40001
1.40001
1.40003
1.40006
1.40013
1.40032
1.40079
1.40177
1.40469
1.41017
1.427
1.4588
1.54205
1.69842
2.02052
3.20531
4.21607
4.31711
1.40001
1.40001
1.40001
1.40001
1.40001
1.40001
1.40001
1.40001
1.40001
1.40002
1.40004
1.40009
1.40019
1.40049
1.4011
1.40278
1.40653
1.41585
1.43747
1.48757
1.59518
1.79206
2.28894
3.83635
4.27503
1.40001
1.40001
1.40001
1.40001
1.40001
1.40001
1.40001
1.40001
1.40001
1.40001
1.40003
1.40005
1.40013
1.40029
1.40069
1.40173
1.40389
1.41016
1.42228
1.45676
1.52377
1.67578
1.95133
2.94689
4.07855
1.40001
1.40001
1.40001
1.40001
1.40001
1.40001
1.40001
1.40001
1.40001
1.40001
1.40002
1.40004
1.40008
1.40018
1.40043
1.40098
1.40252
1.4056
1.41458
1.43211
1.4794
1.57269
1.75597
2.17939
3.59636
1.40001
1.40001
1.40001
1.40001
1.40001
1.40001
1.40001
1.40001
1.40001
1.40001
1.40001
1.40002
1.40005
1.40011
1.40026
1.40061
1.40142
1.40355
1.40806
1.4204
1.44581
1.50908
1.63353
1.8646
2.58639
1.40001
1.40001
1.40001
1.40001
1.40001
1.40001
1.40001
1.40001
1.40001
1.40001
1.40001
1.40002
1.40003
1.40006
1.40016
1.40033
1.40092
1.40191
1.40524
1.41111
1.42951
1.46347
1.55296
1.70811
2.06092
1.40001
1.40001
1.40001
1.40001
1.40001
1.40001
1.40001
1.40001
1.40001
1.40001
1.40001
1.40001
1.40002
1.40004
1.40009
1.40023
1.40047
1.4013
1.4027
1.4074
1.4156
1.44112
1.48777
1.60372
1.79354
1.40001
1.40001
1.40001
1.40001
1.40001
1.40001
1.40001
1.40001
1.40001
1.40001
1.40001
1.40001
1.40001
1.40003
1.40006
1.40013
1.40032
1.40075
1.40179
1.40441
1.4101
1.42534
1.45689
1.53444
1.68508
1.40001
1.40001
1.40001
1.40001
1.40001
1.40001
1.40001
1.40001
1.40001
1.40001
1.40001
1.40001
1.40001
1.40002
1.40004
1.40009
1.40024
1.40049
1.40138
1.40287
1.40806
1.41715
1.44595
1.50024
1.63856
1.40001
1.40001
1.40001
1.40001
1.40001
1.40001
1.40001
1.40001
1.40001
1.40001
1.40001
1.40001
1.40001
1.40002
1.40004
1.40007
1.40019
1.40042
1.40109
1.40258
1.40652
1.41573
1.43883
1.49184
1.6142
1.40001
1.40001
1.40001
1.40001
1.40001
1.40001
1.40001
1.40001
1.40001
1.40001
1.40001
1.40001
1.40001
1.40002
1.40003
1.40007
1.40017
1.40039
1.40104
1.40232
1.40645
1.41423
1.43841
1.4867
1.60807
1.40001
1.40001
1.40001
1.40001
1.40001
1.40001
1.40001
1.40001
1.40001
1.40001
1.40001
1.40001
1.40001
1.40002
1.40003
1.40007
1.40016
1.40038
1.40098
1.40229
1.40616
1.41413
1.43709
1.48574
1.60356
1.40001
1.40001
1.40001
1.40001
1.40001
1.40001
1.40001
1.40001
1.40001
1.40001
1.40001
1.40001
1.40001
1.40001
1.40003
1.40006
1.40017
1.40035
1.40102
1.40215
1.40628
1.41361
1.43744
1.48398
1.60365
1.40001
1.40001
1.40001
1.40001
1.40001
1.40001
1.40001
1.40001
1.40001
1.40001
1.40001
1.40001
1.40001
1.40002
1.40003
1.40007
1.40014
1.4004
1.40086
1.40245
1.40545
1.41496
1.43423
1.48722
1.59708
1.40001
1.40001
1.40001
1.40001
1.40001
1.40001
1.40001
1.40001
1.40001
1.40001
1.40001
1.40001
1.40001
1.40001
1.40003
1.40006
1.40015
1.40035
1.40096
1.40213
1.40605
1.41333
1.43636
1.48245
1.59919
1.40001
1.40001
1.40001
1.40001
1.40001
1.40001
1.40001
1.40001
1.40001
1.40001
1.40001
1.40001
1.40001
1.40001
1.40003
1.40006
1.40015
1.40037
1.40087
1.40232
1.40538
1.41438
1.43369
1.48431
1.59463
1.40001
1.40001
1.40001
1.40001
1.40001
1.40001
1.40001
1.40001
1.40001
1.40001
1.40001
1.40001
1.40001
1.40001
1.40003
1.40006
1.40014
1.40035
1.40091
1.40213
1.40573
1.41328
1.43485
1.48156
1.59452
1.40001
1.40001
1.40001
1.40001
1.40001
1.40001
1.40001
1.40001
1.40001
1.40001
1.40001
1.40001
1.40001
1.40001
1.40003
1.40006
1.40013
1.40038
1.40081
1.40229
1.4052
1.41411
1.43284
1.48328
1.59092
1.40001
1.40001
1.40001
1.40001
1.40001
1.40001
1.40001
1.40001
1.40001
1.40001
1.40001
1.40001
1.40001
1.40001
1.40003
1.40006
1.40014
1.40036
1.40083
1.40228
1.40513
1.4142
1.4324
1.48323
1.59043
2.18428
1.598
1.94977
2.03987
1.8477
1.81836
1.80631
1.79089
1.75966
1.72644
1.69797
1.67111
1.64218
1.61051
1.58047
1.55288
1.52918
1.50395
1.47789
1.46734
1.46391
1.46355
1.47297
1.50115
1.54419
1.60058
1.66232
1.72615
1.7887
1.84945
1.90686
1.9593
2.01013
2.05323
2.09333
2.13054
2.16312
2.19527
2.22398
2.25018
2.27325
2.29324
2.31044
2.32563
2.34047
2.35191
2.36124
2.36681
2.37255
2.37452
2.37729
2.37638
2.37445
2.371
2.3672
2.36175
2.35567
2.34832
2.34058
2.33187
2.32248
2.31234
2.30148
2.29024
2.27827
2.26599
2.25294
2.23971
2.22581
2.21177
2.19705
2.18223
2.1667
2.1512
2.13502
2.11894
2.10219
2.08557
2.06835
2.05129
2.03376
2.01634
1.99867
1.98093
1.96326
1.94532
1.92771
1.9098
1.89219
1.87458
1.85697
1.83986
1.82248
1.80601
1.78942
1.77388
1.75893
1.74539
1.73389
1.72608
2.68634
2.20436
2.22694
2.05151
1.88999
1.80561
1.78303
1.75885
1.70319
1.65597
1.62236
1.59315
1.56464
1.53121
1.49815
1.469
1.44256
1.42032
1.39698
1.3836
1.37832
1.37683
1.38433
1.40951
1.45155
1.50923
1.57625
1.64601
1.71404
1.77965
1.84316
1.90135
1.95512
2.0049
2.05147
2.09393
2.13353
2.17084
2.20705
2.23846
2.26781
2.29266
2.31742
2.33927
2.35954
2.37731
2.39141
2.40286
2.41233
2.41993
2.42639
2.42992
2.43161
2.43184
2.43104
2.42901
2.4257
2.42138
2.41584
2.40953
2.40211
2.39411
2.38506
2.37554
2.3651
2.35422
2.34256
2.33052
2.31777
2.30469
2.29101
2.27695
2.26241
2.24739
2.23208
2.21615
2.20019
2.18344
2.16697
2.14947
2.13268
2.1145
2.09754
2.07878
2.06171
2.04256
2.02534
2.00607
1.98864
1.9695
1.95193
1.9331
1.91568
1.89732
1.88058
1.86305
1.84796
1.83248
1.82049
1.81064
3.18921
2.65408
2.46191
2.2834
2.09914
1.96289
1.86909
1.79235
1.71639
1.65456
1.61437
1.58846
1.55307
1.50489
1.46161
1.42349
1.39533
1.37207
1.35281
1.33829
1.33014
1.32683
1.33294
1.35514
1.39686
1.4551
1.52414
1.59944
1.67629
1.74996
1.82147
1.88941
1.95319
2.01146
2.0674
2.1168
2.16284
2.20578
2.24549
2.28143
2.31458
2.34395
2.37101
2.39475
2.41652
2.43493
2.45088
2.46388
2.47456
2.48396
2.49182
2.49703
2.49918
2.50018
2.50006
2.49866
2.49598
2.49198
2.48702
2.48074
2.47382
2.46539
2.45672
2.44648
2.4364
2.42462
2.41336
2.40012
2.3878
2.37323
2.36001
2.34426
2.33028
2.3135
2.29887
2.28124
2.26603
2.24769
2.23196
2.21307
2.19689
2.17761
2.16109
2.14159
2.12485
2.10533
2.08832
2.06912
2.05169
2.03303
2.01527
1.99722
1.97944
1.96211
1.94499
1.92882
1.91302
1.89891
1.88588
1.8774
3.45216
2.94504
2.65663
2.45856
2.29404
2.15291
2.04602
1.94813
1.84492
1.7505
1.66868
1.61798
1.57146
1.51761
1.46493
1.42362
1.39312
1.37119
1.35193
1.3338
1.3161
1.30511
1.30591
1.33074
1.37436
1.44086
1.52116
1.60961
1.69866
1.78251
1.86237
1.93811
2.00818
2.07247
2.13255
2.18704
2.23882
2.28599
2.33044
2.37046
2.40729
2.44003
2.47018
2.49668
2.52112
2.54175
2.56009
2.57444
2.58684
2.59635
2.60543
2.61109
2.61431
2.6142
2.61426
2.61189
2.60996
2.60501
2.60062
2.59306
2.58652
2.57688
2.56858
2.55715
2.54722
2.53421
2.52278
2.50843
2.49563
2.48012
2.46599
2.44947
2.43406
2.41668
2.40005
2.38194
2.3642
2.34549
2.3268
2.30758
2.28811
2.26852
2.24841
2.22863
2.20798
2.1882
2.16712
2.14755
2.12626
2.10693
2.08574
2.06691
2.04626
2.02781
2.00806
1.99032
1.97234
1.95633
1.94158
1.93082
3.59043
3.15726
2.84001
2.62709
2.46066
2.32291
2.20405
2.10339
2.0043
1.90614
1.81742
1.72948
1.65137
1.58527
1.52501
1.472
1.42807
1.39627
1.37053
1.34959
1.33402
1.329
1.33683
1.36406
1.41687
1.48643
1.56802
1.65551
1.74477
1.83166
1.91514
1.9947
2.06878
2.13824
2.20234
2.26246
2.31792
2.36967
2.41726
2.46091
2.49987
2.53491
2.5659
2.5934
2.61756
2.63838
2.65617
2.67045
2.682
2.69106
2.69929
2.70471
2.70762
2.7061
2.70419
2.70035
2.6963
2.69008
2.68351
2.675
2.66627
2.65592
2.64538
2.63348
2.62132
2.60812
2.59452
2.58019
2.5653
2.54998
2.534
2.51778
2.50093
2.48387
2.46632
2.44841
2.43034
2.41162
2.39318
2.37376
2.35509
2.33512
2.31623
2.2959
2.2768
2.25634
2.237
2.21653
2.1972
2.17691
2.15756
2.13726
2.11812
2.09809
2.07946
2.06006
2.04252
2.02473
2.00954
1.99673
3.67783
3.30744
3.00658
2.77872
2.60777
2.46614
2.34947
2.24221
2.14561
2.05075
1.96059
1.87717
1.79281
1.71428
1.64074
1.57628
1.51964
1.47307
1.43683
1.41215
1.39864
1.39791
1.40821
1.43854
1.49302
1.56016
1.63779
1.71969
1.80868
1.89985
1.99003
2.07616
2.15686
2.23067
2.29891
2.36063
2.4178
2.46895
2.51607
2.55766
2.59569
2.62866
2.65845
2.68389
2.7067
2.72555
2.74194
2.75442
2.76457
2.77148
2.77795
2.78213
2.78445
2.7818
2.7783
2.77286
2.76739
2.75994
2.75241
2.74279
2.73321
2.72164
2.7104
2.69726
2.68462
2.67009
2.65618
2.64042
2.62536
2.60852
2.59238
2.57458
2.55742
2.53871
2.52055
2.50101
2.48194
2.46168
2.44186
2.42107
2.40067
2.37957
2.35871
2.33752
2.31631
2.29548
2.27418
2.25382
2.23226
2.2124
2.19077
2.17137
2.14994
2.13117
2.11038
2.09249
2.07298
2.05675
2.03988
2.0282
3.73356
3.41879
3.13844
2.91478
2.73602
2.5929
2.47314
2.36808
2.27062
2.17908
2.09054
2.0061
1.92573
1.84781
1.77382
1.706
1.64696
1.59757
1.56164
1.53653
1.52594
1.52695
1.54911
1.58857
1.63721
1.69378
1.75654
1.82862
1.89578
1.97579
2.06251
2.15115
2.23389
2.31
2.37699
2.43704
2.49093
2.53973
2.58409
2.62384
2.65958
2.69078
2.71874
2.74277
2.76423
2.78198
2.79737
2.80906
2.8188
2.82456
2.83061
2.83469
2.8377
2.83604
2.83251
2.82689
2.82121
2.81384
2.80614
2.79675
2.7868
2.77548
2.76354
2.75069
2.7371
2.72304
2.70801
2.69287
2.67652
2.6604
2.64291
2.62592
2.60757
2.58975
2.57078
2.55215
2.53265
2.5133
2.4933
2.47339
2.45293
2.4326
2.41176
2.39144
2.37025
2.34974
2.3281
2.30744
2.28548
2.26464
2.24263
2.22167
2.19992
2.17899
2.15787
2.13732
2.11737
2.09807
2.08051
2.06521
3.7712
3.49855
3.24341
3.02536
2.84808
2.70109
2.57961
2.47451
2.37919
2.28893
2.20334
2.12158
2.04268
1.96968
1.89768
1.83421
1.77818
1.73612
1.70917
1.68988
1.68483
1.70282
1.74639
1.78162
1.81669
1.85352
1.8879
1.92674
1.97515
2.02337
2.08491
2.16713
2.25322
2.33759
2.4123
2.4783
2.53529
2.58601
2.63138
2.6719
2.70874
2.74117
2.77048
2.79595
2.81861
2.83783
2.85427
2.86744
2.878
2.88492
2.89082
2.89543
2.89864
2.89865
2.89511
2.88957
2.88299
2.8753
2.86666
2.85713
2.84638
2.83491
2.82209
2.80881
2.79426
2.77944
2.7636
2.74748
2.73068
2.71335
2.69571
2.67726
2.65879
2.63937
2.6201
2.59985
2.57985
2.55894
2.53834
2.51696
2.49606
2.47457
2.45347
2.43178
2.41044
2.38863
2.36709
2.34531
2.32366
2.30205
2.28039
2.25904
2.23752
2.21654
2.19541
2.17502
2.15474
2.13561
2.1174
2.10189
3.80103
3.55922
3.32701
3.11972
2.94379
2.79648
2.6728
2.56618
2.47172
2.38467
2.30042
2.2228
2.14611
2.07574
2.00981
1.95034
1.90607
1.8785
1.859
1.85061
1.86906
1.93036
1.97713
1.99628
2.01863
2.03293
2.0315
2.03475
2.05784
2.08714
2.12907
2.18361
2.25728
2.34642
2.43277
2.5107
2.57776
2.63508
2.684
2.72635
2.76364
2.79652
2.82591
2.85111
2.87345
2.89183
2.90797
2.92048
2.93076
2.93733
2.9419
2.94507
2.94756
2.94785
2.9446
2.93906
2.93217
2.92384
2.91459
2.90412
2.89295
2.88055
2.86767
2.8535
2.83906
2.8233
2.80748
2.79039
2.77336
2.75518
2.73706
2.71796
2.69889
2.67892
2.65906
2.63832
2.61784
2.59647
2.5757
2.55403
2.53293
2.51102
2.48947
2.46743
2.44536
2.42335
2.4008
2.37891
2.35603
2.33429
2.31132
2.28979
2.26705
2.24579
2.2236
2.20285
2.18166
2.16203
2.143
2.12657
3.82278
3.60541
3.39333
3.19664
3.02631
2.87882
2.75439
2.647
2.55203
2.46623
2.38491
2.30958
2.23745
2.17021
2.11038
2.06145
2.03551
2.017
2.00785
2.02597
2.10281
2.18526
2.21656
2.22869
2.23388
2.2169
2.17557
2.14689
2.14152
2.15799
2.18232
2.21788
2.26402
2.32451
2.40382
2.48771
2.56579
2.63498
2.69184
2.7394
2.77859
2.81226
2.84114
2.86613
2.88824
2.90738
2.92362
2.93685
2.94725
2.95467
2.95907
2.96191
2.96429
2.9649
2.96322
2.95781
2.95104
2.94249
2.93316
2.92247
2.91105
2.89856
2.88523
2.87113
2.85607
2.84054
2.82403
2.8073
2.78964
2.77186
2.75328
2.73449
2.71512
2.69535
2.67526
2.65471
2.63417
2.61334
2.5924
2.57137
2.5499
2.52869
2.50668
2.48532
2.46289
2.44141
2.41872
2.39717
2.37437
2.35278
2.33002
2.30849
2.28593
2.26458
2.24243
2.22149
2.20013
2.18015
2.16075
2.14357
3.84361
3.64354
3.44806
3.26331
3.09625
2.95243
2.82581
2.71905
2.62301
2.53889
2.45928
2.38646
2.31854
2.25776
2.20486
2.17964
2.16104
2.15357
2.17399
2.24465
2.37831
2.45173
2.45958
2.4611
2.44511
2.3829
2.31851
2.26992
2.24148
2.23507
2.24736
2.26609
2.29514
2.33064
2.37964
2.4445
2.52397
2.60281
2.67419
2.73505
2.78491
2.82543
2.85825
2.88563
2.90877
2.92881
2.9459
2.96011
2.97152
2.98005
2.98582
2.98861
2.99081
2.99223
2.99194
2.98828
2.98171
2.97384
2.9644
2.95419
2.94253
2.93037
2.91678
2.90286
2.88761
2.87213
2.85553
2.83869
2.82098
2.80285
2.78414
2.76479
2.74512
2.72464
2.70422
2.68317
2.66228
2.64083
2.61954
2.59777
2.57607
2.55401
2.53195
2.50968
2.48732
2.46491
2.44233
2.41988
2.39719
2.3748
2.35209
2.32985
2.3073
2.2853
2.2631
2.24153
2.22002
2.19933
2.17967
2.16146
3.86357
3.67787
3.49381
3.32086
3.15934
3.0167
2.89129
2.78222
2.68683
2.60204
2.52555
2.45488
2.39212
2.33828
2.30842
2.29217
2.28785
2.30336
2.36811
2.53668
2.67044
2.69795
2.6995
2.68213
2.62453
2.53644
2.45932
2.39925
2.35644
2.3311
2.31974
2.32665
2.33822
2.35591
2.38576
2.42105
2.47037
2.53909
2.61423
2.68706
2.7518
2.80533
2.84783
2.88108
2.90747
2.92889
2.94678
2.96156
2.97394
2.98379
2.99111
2.99549
2.99801
2.99972
3.00059
2.99907
2.99403
2.98646
2.97767
2.96724
2.95604
2.94355
2.93048
2.91632
2.90164
2.88597
2.86988
2.85281
2.83546
2.81712
2.79862
2.77907
2.75956
2.73917
2.71905
2.69808
2.6774
2.65598
2.63471
2.613
2.59119
2.56933
2.54702
2.52509
2.50237
2.4804
2.4574
2.43539
2.41224
2.39021
2.36707
2.34509
2.32214
2.30033
2.27777
2.25635
2.2345
2.21392
2.19393
2.17558
3.8834
3.71054
3.53654
3.37054
3.21685
3.07616
2.95159
2.84228
2.74585
2.66108
2.58657
2.51993
2.46311
2.42928
2.41481
2.41128
2.42801
2.48816
2.65353
2.84961
2.92869
2.92921
2.91649
2.87154
2.77228
2.67676
2.59533
2.53017
2.47802
2.43977
2.41149
2.39629
2.38919
2.39689
2.40794
2.42638
2.45191
2.48772
2.54274
2.61173
2.68531
2.75293
2.81126
2.85772
2.89389
2.9215
2.94271
2.95963
2.97316
2.98422
2.99295
2.99929
3.00277
3.00454
3.00551
3.00537
3.00251
2.99628
2.98784
2.97818
2.96697
2.95495
2.9417
2.9279
2.91304
2.89771
2.8814
2.86461
2.84693
2.8287
2.8097
2.79017
2.77024
2.74995
2.7294
2.70855
2.68744
2.66618
2.64456
2.62298
2.60093
2.57911
2.55673
2.53471
2.5121
2.48992
2.46717
2.4449
2.42208
2.39982
2.37699
2.35483
2.33211
2.31015
2.28769
2.2661
2.24423
2.22339
2.20329
2.18441
3.9069
3.74023
3.57625
3.41712
3.26783
3.13207
3.00776
2.89852
2.80232
2.71651
2.64491
2.58287
2.54186
2.53081
2.52677
2.5442
2.60391
2.75606
2.99157
3.13493
3.13716
3.13079
3.09989
3.01251
2.90392
2.80813
2.72695
2.65933
2.60129
2.55347
2.51295
2.48196
2.45874
2.44471
2.4413
2.44831
2.4582
2.47548
2.50123
2.54114
2.60242
2.67021
2.73885
2.8018
2.85408
2.89518
2.92603
2.94857
2.96551
2.97839
2.98869
2.99651
3.00207
3.00495
3.00635
3.00705
3.00626
3.00283
2.99587
2.98717
2.97688
2.96547
2.95289
2.93939
2.92503
2.90978
2.89388
2.87703
2.8597
2.84131
2.82264
2.80311
2.78353
2.76323
2.74292
2.72202
2.70106
2.67972
2.65818
2.6365
2.61447
2.59256
2.57014
2.54804
2.52533
2.50308
2.48018
2.45782
2.43483
2.41242
2.38946
2.36712
2.34431
2.32219
2.29968
2.27796
2.25606
2.23507
2.21494
2.19576
3.93569
3.77327
3.61542
3.46439
3.31879
3.18555
3.06353
2.95397
2.8584
2.77489
2.70602
2.65377
2.64326
2.64006
2.65565
2.71224
2.85342
3.1151
3.29797
3.33402
3.32795
3.30056
3.22888
3.12215
3.02088
2.93193
2.85389
2.785
2.7231
2.66796
2.61866
2.57615
2.53996
2.51122
2.49066
2.47739
2.47855
2.48493
2.49437
2.51191
2.5408
2.58456
2.64722
2.71442
2.78056
2.83865
2.88614
2.9215
2.94753
2.96578
2.97929
2.98886
2.99572
3.00029
3.0019
3.00287
3.00285
3.00166
2.99724
2.98969
2.98012
2.96928
2.95709
2.94393
2.92976
2.91475
2.8989
2.8822
2.86474
2.84646
2.82775
2.80837
2.78877
2.76855
2.7482
2.72733
2.70633
2.685
2.66343
2.64177
2.61974
2.59786
2.57548
2.55345
2.53082
2.50867
2.48589
2.46368
2.44082
2.41861
2.39575
2.37362
2.35088
2.32895
2.30649
2.28491
2.26306
2.24215
2.22207
2.20281
3.96842
3.80842
3.65528
3.50932
3.36919
3.23783
3.11812
3.00917
2.91444
2.83643
2.77316
2.75641
2.75176
2.76747
2.82015
2.95242
3.22677
3.44115
3.50906
3.50436
3.48221
3.42541
3.32218
3.22132
3.13098
3.05
2.97583
2.9065
2.84155
2.78077
2.72469
2.67347
2.62791
2.58826
2.55518
2.529
2.5113
2.50155
2.50626
2.51054
2.51981
2.53737
2.57073
2.62182
2.68501
2.75211
2.8151
2.86878
2.91083
2.94172
2.96299
2.97748
2.98685
2.9932
2.99651
2.99797
2.99864
2.99874
2.99706
2.99211
2.98404
2.9743
2.963
2.95041
2.93666
2.92185
2.90622
2.88956
2.87225
2.85407
2.83559
2.81631
2.79689
2.77672
2.75651
2.73568
2.7148
2.69353
2.67204
2.65044
2.62841
2.60657
2.58411
2.56207
2.53931
2.51711
2.49417
2.47186
2.44887
2.42653
2.40359
2.38132
2.35856
2.33652
2.31409
2.29249
2.2707
2.24985
2.22989
2.21068
4.01169
3.85124
3.70004
3.55702
3.42077
3.29167
3.17444
3.06802
2.97778
2.90418
2.87439
2.86865
2.88237
2.93094
3.05601
3.33348
3.57114
3.66554
3.66271
3.64629
3.60144
3.50563
3.4082
3.31966
3.23923
3.16416
3.09191
3.02195
2.95442
2.88962
2.82885
2.77137
2.71955
2.67165
2.62999
2.59351
2.56328
2.54014
2.5241
2.52053
2.5224
2.52629
2.53673
2.55688
2.5973
2.65275
2.71759
2.78336
2.84393
2.89352
2.93067
2.95606
2.97267
2.98262
2.98848
2.99101
2.9919
2.99242
2.9918
2.98945
2.98333
2.97507
2.96491
2.95317
2.94
2.92559
2.91019
2.89366
2.87658
2.85859
2.84034
2.82121
2.80196
2.78191
2.76176
2.741
2.72007
2.69886
2.67729
2.65576
2.63366
2.61187
2.58936
2.56733
2.54457
2.52235
2.49947
2.47714
2.45426
2.43194
2.40917
2.38697
2.36441
2.3425
2.32029
2.29886
2.27734
2.25672
2.23705
2.21814
4.07167
3.89966
3.74847
3.60633
3.47247
3.34637
3.23109
3.13098
3.04768
3.00397
2.99631
3.00666
3.05012
3.16724
3.4435
3.69551
3.81087
3.80927
3.79589
3.75963
3.67308
3.5795
3.49412
3.41748
3.34412
3.27301
3.20128
3.13091
3.06149
2.99436
2.93007
2.86891
2.81198
2.75871
2.71032
2.66629
2.6271
2.59367
2.56582
2.54535
2.535
2.53085
2.53292
2.53751
2.55011
2.57515
2.62065
2.67976
2.74613
2.81105
2.86762
2.91213
2.94373
2.96418
2.97595
2.98224
2.98394
2.98478
2.98485
2.98401
2.98054
2.97409
2.96552
2.95502
2.94281
2.929
2.91402
2.89782
2.88106
2.86325
2.84517
2.8261
2.80692
2.7869
2.76679
2.74609
2.72519
2.70403
2.6825
2.66102
2.639
2.61725
2.59486
2.57284
2.55017
2.5279
2.50507
2.48266
2.45982
2.43742
2.4147
2.39251
2.37007
2.34828
2.32629
2.30512
2.28393
2.26375
2.24451
2.22635
4.14213
3.95782
3.80084
3.65941
3.52763
3.40471
3.2955
3.20256
3.14517
3.13507
3.14204
3.1819
3.29203
3.56298
3.82177
3.95141
3.95312
3.94239
3.90818
3.82564
3.73627
3.65694
3.58455
3.51619
3.44668
3.37684
3.30538
3.23471
3.16398
3.09549
3.02876
2.96544
2.90484
2.84819
2.79462
2.74503
2.69912
2.65791
2.62113
2.58994
2.56533
2.54767
2.54203
2.53485
2.53857
2.54454
2.55931
2.58997
2.64206
2.70381
2.77008
2.83275
2.88546
2.92469
2.9511
2.96648
2.97419
2.97578
2.9763
2.97607
2.97416
2.9693
2.96219
2.95312
2.94214
2.92931
2.91509
2.8994
2.88299
2.86543
2.8476
2.82876
2.80984
2.79004
2.77016
2.74963
2.72887
2.70775
2.68624
2.6647
2.64264
2.62083
2.59842
2.5764
2.55379
2.53161
2.50891
2.48665
2.46396
2.44172
2.41917
2.39713
2.37489
2.3533
2.33161
2.3108
2.29009
2.27061
2.25199
2.2352
4.23222
4.02981
3.85922
3.71398
3.58396
3.46757
3.36759
3.29829
3.28516
3.2889
3.325
3.43112
3.69857
3.9616
4.09724
4.10243
4.09114
4.05578
3.97089
3.88392
3.80807
3.74163
3.67751
3.613
3.5458
3.47687
3.40626
3.33515
3.26423
3.19471
3.12668
3.06155
2.9981
2.93837
2.88019
2.82666
2.77522
2.72871
2.68507
2.64682
2.6125
2.58433
2.56165
2.54884
2.54114
2.53684
2.54045
2.54905
2.56679
2.60326
2.65891
2.72317
2.78993
2.84982
2.89823
2.93225
2.9528
2.96327
2.96546
2.96601
2.96519
2.96249
2.95654
2.94852
2.93878
2.92713
2.91405
2.89926
2.88363
2.86658
2.84919
2.8306
2.81188
2.79218
2.77238
2.75193
2.73126
2.71028
2.68889
2.6675
2.64551
2.62382
2.60143
2.57952
2.55691
2.53484
2.51217
2.49001
2.46744
2.44532
2.42301
2.40112
2.37924
2.35792
2.33672
2.31645
2.29647
2.27807
2.2604
2.2459
4.27303
4.11189
3.92954
3.7762
3.64935
3.541
3.46158
3.44545
3.44624
3.47959
3.58471
3.85587
4.121
4.25617
4.25837
4.24564
4.20714
4.11647
4.02861
3.95471
3.89043
3.83125
3.77101
3.7085
3.64254
3.57416
3.50387
3.43271
3.36194
3.29157
3.22316
3.15567
3.09086
3.02773
2.96758
2.9101
2.85534
2.80422
2.75559
2.71148
2.67025
2.63403
2.60235
2.57614
2.55718
2.54689
2.53706
2.53484
2.53888
2.54968
2.57145
2.61637
2.67354
2.73962
2.80532
2.86173
2.90457
2.93264
2.94783
2.95257
2.95285
2.95198
2.9487
2.94163
2.93273
2.92207
2.91011
2.89641
2.88166
2.86533
2.84839
2.83015
2.81161
2.79213
2.77247
2.75223
2.7317
2.71095
2.68968
2.66857
2.64673
2.6253
2.60306
2.5813
2.55888
2.53687
2.51446
2.49235
2.47011
2.4481
2.42617
2.40455
2.38319
2.36237
2.34197
2.3226
2.30385
2.28715
2.27107
2.26026
4.28334
4.19067
4.00526
3.84798
3.72406
3.63335
3.61374
3.61264
3.6461
3.75348
4.03473
4.30233
4.43586
4.43052
4.41242
4.36499
4.26545
4.17372
4.09847
4.03604
3.97912
3.9227
3.86368
3.80166
3.73635
3.66833
3.59879
3.5279
3.45738
3.3866
3.31745
3.24867
3.18254
3.11722
3.05527
2.99448
2.93736
2.88186
2.83046
2.78062
2.73533
2.6924
2.65409
2.61935
2.59033
2.5656
2.55072
2.5383
2.52882
2.53013
2.53507
2.54765
2.57294
2.62459
2.68464
2.75177
2.81436
2.86702
2.90407
2.92611
2.93589
2.93621
2.93524
2.93182
2.92448
2.9145
2.90322
2.89015
2.87635
2.86082
2.84471
2.82705
2.80902
2.78995
2.77059
2.7507
2.73036
2.70992
2.68882
2.66789
2.64624
2.62492
2.60294
2.5814
2.55928
2.53762
2.51553
2.49384
2.47197
2.45043
2.42899
2.40793
2.38721
2.3672
2.34777
2.32979
2.31274
2.29859
2.28556
2.27804
4.26388
4.21958
4.10533
3.94151
3.81853
3.79292
3.78836
3.82193
3.9358
4.24102
4.51418
4.63623
4.62856
4.59988
4.53041
4.42368
4.32529
4.2466
4.18329
4.12734
4.07326
4.01681
3.95766
3.89473
3.82952
3.76124
3.69216
3.62123
3.55075
3.47955
3.40962
3.3398
3.2723
3.20527
3.14163
3.07844
3.01945
2.96067
2.90656
2.85287
2.80408
2.75614
2.71314
2.67189
2.63584
2.60256
2.57542
2.55367
2.5392
2.52618
2.51783
2.5206
2.52802
2.54341
2.57509
2.62829
2.69127
2.75775
2.81767
2.86492
2.89558
2.91209
2.91457
2.91388
2.91105
2.90449
2.8939
2.88136
2.86808
2.85333
2.83791
2.82094
2.80354
2.78485
2.766
2.74626
2.72649
2.70615
2.68567
2.665
2.64389
2.623
2.60139
2.58024
2.55842
2.53705
2.51529
2.49392
2.4725
2.45142
2.43066
2.41032
2.39069
2.37191
2.35432
2.33849
2.32464
2.31459
2.30406
2.30089
4.25019
4.22994
4.17719
4.04649
3.98791
3.97735
4.01042
4.1343
4.46736
4.74984
4.85812
4.84827
4.80884
4.71312
4.59138
4.48492
4.4009
4.33311
4.27646
4.22196
4.16833
4.11045
4.05058
3.98653
3.92084
3.85244
3.78315
3.71266
3.64164
3.5709
3.49965
3.43033
3.36053
3.29389
3.22717
3.16379
3.10116
3.04155
2.98347
2.92822
2.87492
2.82452
2.77643
2.73135
2.68904
2.65035
2.61466
2.5843
2.55732
2.53943
2.52218
2.50965
2.50375
2.50666
2.5156
2.53418
2.57394
2.62845
2.69346
2.75793
2.81379
2.85436
2.87866
2.88785
2.88736
2.88507
2.87991
2.86842
2.85617
2.84185
2.82711
2.81091
2.79436
2.77673
2.75845
2.73975
2.72009
2.70076
2.68011
2.66031
2.63912
2.61891
2.59758
2.577
2.55573
2.53488
2.51382
2.49295
2.47239
2.45196
2.4323
2.41301
2.39499
2.37805
2.36302
2.35098
2.34143
2.33407
2.32969
2.33126
4.17624
4.24782
4.22752
4.19764
4.1836
4.22062
4.36423
4.73045
5.02392
5.11045
5.09372
5.03779
4.91058
4.77201
4.65535
4.56486
4.49414
4.43392
4.37848
4.32316
4.26615
4.20616
4.14367
4.07853
4.0118
3.94337
3.87384
3.80358
3.73221
3.66122
3.5894
3.51906
3.44845
3.38025
3.31214
3.24725
3.18238
3.1215
3.06033
3.00381
2.94671
2.89475
2.84213
2.7947
2.74725
2.70444
2.66292
2.62574
2.59099
2.5616
2.53659
2.51811
2.49993
2.48695
2.48557
2.48934
2.49894
2.51914
2.56583
2.62281
2.68791
2.7495
2.80004
2.83306
2.85238
2.85298
2.85169
2.84774
2.83919
2.82569
2.81111
2.79543
2.77934
2.7627
2.74515
2.72753
2.70876
2.69026
2.6707
2.6515
2.63154
2.61184
2.59167
2.57164
2.55141
2.53116
2.51112
2.49099
2.47144
2.45213
2.43368
2.41633
2.40028
2.38667
2.37619
2.36846
2.36368
2.36263
2.36435
2.37708
3.91635
4.23422
4.30167
4.34585
4.45032
4.69762
5.06221
5.33425
5.39087
5.36515
5.29066
5.12227
4.96837
4.84051
4.74178
4.66511
4.60035
4.5414
4.48276
4.4241
4.36322
4.30122
4.2366
4.17096
4.10302
4.03453
3.9643
3.8936
3.82209
3.75003
3.67841
3.60643
3.53585
3.46555
3.39703
3.32965
3.26405
3.20018
3.13825
3.07808
3.02028
2.96397
2.91023
2.85802
2.80851
2.76053
2.71543
2.67219
2.63238
2.59484
2.56168
2.53183
2.50984
2.48685
2.47035
2.45728
2.45833
2.46306
2.47486
2.5012
2.54998
2.60993
2.6736
2.73128
2.77496
2.80174
2.81125
2.81052
2.80779
2.80131
2.78849
2.77387
2.75875
2.74244
2.72636
2.70929
2.69228
2.67433
2.65636
2.63773
2.61903
2.59998
2.58095
2.56174
2.54272
2.52351
2.50467
2.48596
2.46786
2.45055
2.43423
2.42002
2.40742
2.40016
2.3934
2.39191
2.39258
2.39689
2.40989
2.45274
3.26693
4.11364
4.40773
4.62193
4.98071
5.44948
5.71667
5.70794
5.66356
5.54664
5.35021
5.17583
5.0356
4.92905
4.84635
4.77726
4.71436
4.65304
4.59133
4.52855
4.46436
4.39899
4.33151
4.26298
4.19286
4.12231
4.05093
3.97961
3.90797
3.83632
3.76432
3.69236
3.62095
3.54992
3.48036
3.41143
3.34449
3.27858
3.21462
3.15225
3.09174
3.03272
2.97633
2.9211
2.86867
2.81734
2.76878
2.72151
2.67669
2.63409
2.59386
2.55714
2.52329
2.49537
2.47072
2.44772
2.43042
2.42201
2.42314
2.4286
2.44286
2.47593
2.5274
2.58882
2.65024
2.70355
2.73864
2.75896
2.76102
2.75991
2.75608
2.74627
2.73249
2.71677
2.70139
2.68534
2.66955
2.65306
2.6365
2.61952
2.60221
2.58477
2.56706
2.54941
2.53182
2.51436
2.49723
2.48051
2.46467
2.45003
2.43708
2.42766
2.42116
2.4187
2.41825
2.42026
2.43117
2.45495
2.48311
2.56645
2.31207
3.76838
4.59121
5.19739
5.85567
6.13866
6.11901
6.02238
5.80242
5.58709
5.39689
5.24159
5.12658
5.04027
4.96775
4.9005
4.83472
4.76801
4.70111
4.63317
4.56521
4.49617
4.42632
4.35569
4.28473
4.21343
4.14197
4.07006
3.9973
3.92412
3.85024
3.77638
3.70241
3.62999
3.5581
3.48815
3.41904
3.35166
3.28595
3.22166
3.15959
3.09883
3.04023
2.9824
2.92708
2.87243
2.8202
2.76913
2.71993
2.67292
2.62724
2.58495
2.54412
2.50764
2.47441
2.44641
2.4191
2.39791
2.37875
2.37811
2.37903
2.38476
2.4021
2.44275
2.49772
2.55944
2.61837
2.66332
2.69088
2.70242
2.70245
2.70064
2.69479
2.68252
2.66854
2.6542
2.63911
2.62457
2.60924
2.59433
2.57868
2.56328
2.54734
2.53161
2.51574
2.50037
2.4856
2.47169
2.45939
2.44893
2.44238
2.43981
2.43908
2.4404
2.4485
2.46481
2.49595
2.55052
2.59572
2.70621
1.99038
2.85672
4.88418
6.2652
6.58581
6.54496
6.38302
6.05329
5.80532
5.60431
5.44598
5.3228
5.23412
5.15961
5.08868
5.01767
4.94555
4.87265
4.79956
4.72702
4.65521
4.58418
4.51334
4.44178
4.36909
4.29541
4.22065
4.14539
4.07005
3.99503
3.92055
3.84721
3.7742
3.7019
3.62985
3.55888
3.48885
3.42015
3.35284
3.28652
3.22224
3.1586
3.09744
3.03681
2.97857
2.92098
2.86537
2.81107
2.75807
2.7074
2.65737
2.61056
2.56451
2.52201
2.4815
2.44487
2.41283
2.38266
2.35497
2.33436
2.32181
2.32074
2.32252
2.3326
2.35606
2.40314
2.46094
2.52221
2.57364
2.61025
2.63089
2.63564
2.63574
2.63364
2.62655
2.61414
2.60118
2.5877
2.57473
2.56135
2.54826
2.53489
2.52157
2.50822
2.49511
2.48251
2.47105
2.46143
2.4535
2.45155
2.45144
2.45317
2.45948
2.4726
2.50006
2.54299
2.59917
2.67642
2.7371
2.84452
1.89809
2.62157
4.77465
6.74373
6.77863
6.62391
6.26318
5.96298
5.74938
5.60209
5.48517
5.40296
5.33134
5.26085
5.18795
5.11301
5.03641
4.95998
4.88392
4.80884
4.73448
4.66082
4.58741
4.51403
4.4402
4.36583
4.29085
4.21525
4.13939
4.06336
3.98738
3.91187
3.83663
3.76245
3.6888
3.61639
3.54494
3.47451
3.40568
3.3376
3.27145
3.20602
3.14237
3.07976
3.01856
2.95868
2.90006
2.84288
2.78695
2.73266
2.67958
2.62846
2.57883
2.53106
2.48602
2.44252
2.40327
2.36728
2.33472
2.30391
2.27978
2.2597
2.25555
2.25487
2.25837
2.27139
2.30481
2.35594
2.41663
2.47289
2.51786
2.54538
2.56049
2.56271
2.56355
2.5619
2.55408
2.54402
2.53297
2.52207
2.51151
2.50111
2.49115
2.48113
2.47211
2.46383
2.45733
2.45432
2.45505
2.45706
2.46253
2.47376
2.4971
2.53244
2.58704
2.65588
2.73196
2.81445
2.87274
2.95105
1.87199
2.58979
4.71781
6.45376
6.45108
6.23949
5.9532
5.76736
5.65433
5.56441
5.50476
5.4465
5.3822
5.31277
5.23817
5.16207
5.08468
5.00769
4.93068
4.85446
4.77854
4.70312
4.62812
4.55314
4.47858
4.40354
4.3287
4.25295
4.17735
4.10101
4.02511
3.9489
3.87363
3.79841
3.72473
3.65116
3.57959
3.50808
3.43861
3.36959
3.30197
3.23573
3.16981
3.10637
3.04231
2.98144
2.9196
2.86108
2.80176
2.7457
2.68896
2.63574
2.58176
2.53175
2.48136
2.43513
2.38977
2.34841
2.31028
2.27543
2.24245
2.2146
2.19241
2.17923
2.17685
2.17747
2.18524
2.20556
2.25015
2.30714
2.36496
2.41592
2.45245
2.47558
2.48532
2.48948
2.49135
2.48996
2.48281
2.47503
2.46701
2.45937
2.45283
2.4468
2.44309
2.4409
2.44315
2.44664
2.45267
2.46384
2.4848
2.51476
2.56509
2.62954
2.70667
2.78868
2.86399
2.92878
2.96711
3.00869
1.85425
2.53535
4.71293
6.10293
6.0176
5.77247
5.63995
5.58234
5.53524
5.504
5.46509
5.41455
5.35372
5.28765
5.21813
5.14755
5.075
5.00197
4.92718
4.85085
4.77373
4.69633
4.62044
4.54524
4.47111
4.39734
4.32383
4.2498
4.17538
4.10032
4.02504
3.9495
3.87467
3.79991
3.72683
3.65382
3.58294
3.51213
3.44321
3.37476
3.30746
3.24127
3.17541
3.11113
3.04686
2.98425
2.92185
2.86098
2.80072
2.74168
2.6839
2.62694
2.5719
2.51796
2.4659
2.41605
2.36778
2.32236
2.2796
2.23949
2.20331
2.16803
2.13768
2.11367
2.09426
2.09021
2.08945
2.09354
2.10824
2.14235
2.19517
2.25492
2.31191
2.35579
2.3867
2.40581
2.41324
2.41935
2.42292
2.42204
2.41821
2.41367
2.41158
2.41036
2.41457
2.41917
2.42649
2.43874
2.45752
2.48452
2.52913
2.58982
2.66543
2.74841
2.83086
2.90162
2.95501
2.992
3.00619
3.02453
1.84771
2.50555
4.68758
5.99082
5.80265
5.56406
5.47632
5.44885
5.43561
5.41036
5.36962
5.31844
5.25902
5.1961
5.1302
5.06353
4.99501
4.92418
4.85185
4.777
4.70252
4.62676
4.55263
4.47851
4.40573
4.33278
4.26028
4.18761
4.11412
4.04102
3.96753
3.89555
3.82374
3.75408
3.68452
3.61717
3.54947
3.48388
3.41742
3.35298
3.28714
3.2233
3.15782
3.09425
3.02966
2.96619
2.90339
2.84026
2.77965
2.71774
2.65947
2.59973
2.5443
2.48731
2.43553
2.38168
2.3336
2.28365
2.23984
2.19433
2.15637
2.11604
2.08331
2.05084
2.02666
2.00727
1.99997
2.00027
2.00463
2.01732
2.04478
2.09441
2.15351
2.21395
2.26297
2.30224
2.3262
2.34352
2.35076
2.35855
2.36313
2.36561
2.37073
2.37715
2.38516
2.3981
2.4154
2.44193
2.48004
2.53634
2.60783
2.69147
2.77706
2.85622
2.91854
2.96367
2.98951
3.00388
3.00508
3.01327
1.84339
2.49938
4.68375
5.95546
5.73268
5.48638
5.39225
5.36346
5.34293
5.30673
5.25972
5.20485
5.14615
5.08561
5.02298
4.95841
4.89092
4.81977
4.74681
4.67085
4.59535
4.51836
4.44302
4.36741
4.29348
4.21999
4.14784
4.07766
4.00935
3.94295
3.87822
3.81476
3.75238
3.69037
3.62878
3.56694
3.50498
3.44241
3.37941
3.31563
3.25138
3.18642
3.12125
3.05567
2.9904
2.92508
2.86076
2.79676
2.73436
2.67283
2.61285
2.55475
2.4971
2.44287
2.38782
2.3366
2.28484
2.23647
2.18971
2.14472
2.1031
2.0638
2.02852
1.99643
1.96869
1.94862
1.93165
1.9268
1.93029
1.93554
1.94718
1.97064
2.01655
2.07303
2.13159
2.18535
2.22737
2.25827
2.27872
2.29324
2.30516
2.31425
2.32618
2.34322
2.3609
2.38415
2.41716
2.4669
2.5339
2.61504
2.70202
2.78701
2.85836
2.91295
2.94797
2.96848
2.9773
2.98012
2.97929
2.98278
1.84344
2.4915
4.65192
5.94468
5.70782
5.44891
5.34638
5.31352
5.27836
5.23525
5.17925
5.12575
5.06535
5.00616
4.93973
4.8715
4.79758
4.72143
4.64278
4.56375
4.48487
4.40783
4.33206
4.25975
4.18871
4.12186
4.05561
3.99337
3.93173
3.87291
3.81414
3.75634
3.69814
3.63934
3.57975
3.51867
3.4566
3.39284
3.32825
3.26235
3.19621
3.12941
3.06329
2.997
2.93236
2.86783
2.8054
2.74317
2.68309
2.62318
2.56502
2.50739
2.4512
2.39607
2.34201
2.29003
2.23967
2.19187
2.14648
2.10425
2.06607
2.03034
1.99919
1.96939
1.943
1.92015
1.9005
1.88717
1.87974
1.88378
1.88914
1.89852
1.9175
1.9543
2.00896
2.06506
2.12097
2.16464
2.20132
2.2265
2.24786
2.26536
2.28982
2.31424
2.34446
2.38592
2.44419
2.51787
2.60224
2.6894
2.76836
2.83241
2.87779
2.90673
2.92217
2.9296
2.93145
2.93171
2.93107
2.93431
1.83618
2.48908
4.61144
5.95385
5.70778
5.43244
5.32257
5.28719
5.25254
5.20351
5.1474
5.08798
5.0288
4.96422
4.89511
4.81753
4.73758
4.65257
4.56991
4.48662
4.40793
4.33152
4.25994
4.19137
4.12679
4.06439
4.00435
3.94518
3.88686
3.8286
3.77014
3.71087
3.65054
3.58903
3.52623
3.4624
3.3976
3.33236
3.26678
3.20137
3.13628
3.07164
3.00772
2.94431
2.88168
2.8194
2.75768
2.69642
2.63568
2.57605
2.51736
2.46073
2.40524
2.35248
2.30149
2.25418
2.20847
2.16629
2.12565
2.08807
2.05241
2.01892
1.98767
1.95834
1.93079
1.90567
1.88243
1.86329
1.84712
1.83699
1.83845
1.84098
1.84752
1.86189
1.89149
1.94048
1.99767
2.05407
2.10413
2.1468
2.18246
2.21613
2.25145
2.29086
2.34349
2.41013
2.4889
2.57491
2.65836
2.73102
2.78687
2.82593
2.85023
2.86435
2.87171
2.87553
2.87715
2.87747
2.87749
2.881
1.83415
2.48486
4.57131
5.97458
5.71815
5.42533
5.30862
5.27496
5.24214
5.19451
5.13924
5.08017
5.01701
4.94953
4.87777
4.79872
4.71517
4.6263
4.53806
4.45113
4.36985
4.29316
4.22324
4.15657
4.09504
4.03389
3.97547
3.91522
3.85583
3.79449
3.73284
3.67
3.60664
3.54275
3.47872
3.41455
3.35067
3.28685
3.22346
3.16015
3.0971
3.03411
2.97114
2.90828
2.84541
2.7831
2.72132
2.66072
2.60129
2.54348
2.48751
2.43339
2.38181
2.33234
2.28549
2.24067
2.19817
2.15742
2.1187
2.08121
2.04561
2.0109
1.97809
1.94621
1.91615
1.88719
1.86062
1.83593
1.81476
1.79741
1.78547
1.78568
1.78757
1.79309
1.80562
1.83397
1.88287
1.94252
2.00468
2.06489
2.12025
2.17597
2.22979
2.29448
2.36964
2.45409
2.54072
2.62112
2.68744
2.73727
2.77108
2.793
2.8064
2.81503
2.8204
2.82394
2.82582
2.82646
2.82676
2.83013
1.83002
2.48374
4.53609
5.99753
5.73011
5.42311
5.29926
5.26634
5.23729
5.19261
5.13885
5.08161
5.01885
4.94945
4.87579
4.7976
4.71393
4.62487
4.53327
4.44342
4.35892
4.28081
4.21007
4.14345
4.08165
4.02002
3.96033
3.89882
3.83739
3.77444
3.71094
3.64714
3.58272
3.51902
3.45486
3.39176
3.32843
3.26594
3.20332
3.14113
3.07875
3.01653
2.95412
2.89191
2.82978
2.76815
2.70724
2.64721
2.5888
2.53154
2.47685
2.42328
2.37295
2.32361
2.27754
2.23252
2.1901
2.14909
2.10965
2.07203
2.03502
2.00028
1.96554
1.93341
1.90132
1.87173
1.8431
1.81663
1.79299
1.77176
1.75545
1.74534
1.74579
1.74816
1.75468
1.76927
1.80024
1.85294
1.91829
1.99206
2.06933
2.14961
2.23363
2.32367
2.41664
2.50672
2.58527
2.64795
2.69333
2.72455
2.74487
2.75861
2.76783
2.77471
2.77938
2.78281
2.78465
2.78521
2.78543
2.78842
1.82964
2.4821
4.51121
6.01695
5.74001
5.42206
5.29308
5.25996
5.23382
5.19229
5.14078
5.08434
5.023
4.95351
4.87871
4.8006
4.71756
4.62963
4.53647
4.44577
4.35813
4.28005
4.20704
4.14156
4.07784
4.01686
3.95535
3.89368
3.83135
3.76811
3.70462
3.64066
3.57664
3.51286
3.44908
3.38601
3.32299
3.26067
3.19841
3.1366
3.07463
3.01298
2.95087
2.88927
2.82716
2.7661
2.70486
2.64538
2.58638
2.52969
2.47434
2.42125
2.37047
2.3213
2.27521
2.22984
2.18788
2.14591
2.10721
2.06823
2.03192
1.99577
1.96122
1.92807
1.89522
1.8653
1.83471
1.80831
1.78151
1.7596
1.73937
1.72414
1.71945
1.72044
1.72411
1.73307
1.75149
1.79307
1.85439
1.9354
2.03201
2.13976
2.25287
2.36407
2.46426
2.54761
2.61062
2.65572
2.68606
2.70689
2.72111
2.73184
2.73974
2.74611
2.75061
2.75406
2.75581
2.75655
2.75676
2.75976
1.82843
2.48185
4.49861
6.02768
5.74612
5.42198
5.29005
5.25697
5.23265
5.19304
5.14284
5.0869
5.02581
4.95662
4.88141
4.80299
4.72029
4.63292
4.53945
4.44825
4.35938
4.28114
4.20731
4.14239
4.07801
4.01748
3.95525
3.89374
3.83096
3.76779
3.70436
3.64051
3.57675
3.51308
3.44948
3.38642
3.32348
3.26117
3.199
3.13729
3.07548
3.01399
2.95203
2.89056
2.82846
2.76746
2.70601
2.64658
2.58715
2.53057
2.47464
2.42177
2.37037
2.32144
2.27484
2.22956
2.18731
2.1452
2.10643
2.06702
2.03089
1.99393
1.95985
1.92551
1.89317
1.86208
1.83162
1.80432
1.777
1.75407
1.73256
1.71565
1.70623
1.70682
1.70952
1.71654
1.73109
1.76375
1.82133
1.90525
2.01451
2.14235
2.275
2.39713
2.49649
2.57058
2.62196
2.65705
2.68057
2.69751
2.70967
2.71938
2.72669
2.73273
2.73695
2.74019
2.74195
2.74266
2.7429
2.74589
)
;

boundaryField
{
    inlet
    {
        type            calculated;
        value           uniform 1.40001;
    }
    outlet
    {
        type            calculated;
        value           nonuniform List<scalar> 
40
(
1.72185
1.80619
1.87278
1.92605
1.99179
2.02317
2.06008
2.09665
2.12126
2.1382
2.15604
2.17012
2.17891
2.19023
2.19725
2.20509
2.21253
2.2207
2.2295
2.2401
2.25432
2.27196
2.29457
2.32458
2.36968
2.44404
2.55648
2.69519
2.83327
2.94036
2.99895
3.01541
3.00447
2.97417
2.92586
2.87274
2.82206
2.78051
2.75194
2.73811
)
;
    }
    bottom
    {
        type            symmetryPlane;
    }
    top
    {
        type            symmetryPlane;
    }
    obstacle
    {
        type            calculated;
        value           nonuniform List<scalar> 
110
(
5.99015
5.99109
5.9795
5.95463
5.92054
5.87239
5.80384
5.70288
5.54278
5.28427
2.18428
1.598
1.94977
2.03987
1.8477
1.81836
1.80631
1.79089
1.75966
1.72644
1.69797
1.67111
1.64218
1.61051
1.58047
1.55288
1.52918
1.50395
1.47789
1.46734
1.46391
1.46355
1.47297
1.50115
1.54419
1.60058
1.66232
1.72615
1.7887
1.84945
1.90686
1.9593
2.01013
2.05323
2.09333
2.13054
2.16312
2.19527
2.22398
2.25018
2.27325
2.29324
2.31044
2.32563
2.34047
2.35191
2.36124
2.36681
2.37255
2.37452
2.37729
2.37638
2.37445
2.371
2.3672
2.36175
2.35567
2.34832
2.34058
2.33187
2.32248
2.31234
2.30148
2.29024
2.27827
2.26599
2.25294
2.23971
2.22581
2.21177
2.19705
2.18223
2.1667
2.1512
2.13502
2.11894
2.10219
2.08557
2.06835
2.05129
2.03376
2.01634
1.99867
1.98093
1.96326
1.94532
1.92771
1.9098
1.89219
1.87458
1.85697
1.83986
1.82248
1.80601
1.78942
1.77388
1.75893
1.74539
1.73389
1.72608
)
;
    }
    defaultFaces
    {
        type            empty;
    }
}


// ************************************************************************* //
