/*--------------------------------*- C++ -*----------------------------------*\
  =========                 |
  \\      /  F ield         | OpenFOAM: The Open Source CFD Toolbox
   \\    /   O peration     | Website:  https://openfoam.org
    \\  /    A nd           | Version:  10
     \\/     M anipulation  |
\*---------------------------------------------------------------------------*/
FoamFile
{
    format      ascii;
    class       volScalarField;
    location    "7";
    object      T;
}
// * * * * * * * * * * * * * * * * * * * * * * * * * * * * * * * * * * * * * //

dimensions      [0 0 0 1 0 0 0];

internalField   nonuniform List<scalar> 
5250
(
1.00001
1.00002
1.00005
1.00012
1.0003
1.00076
1.00181
1.0047
1.01094
1.02907
1.07116
1.19214
1.51289
2.23493
2.68415
2.75122
2.74118
2.73965
2.75081
2.76671
2.77901
2.78744
2.79319
2.79994
2.80238
1.00001
1.00002
1.00005
1.00013
1.00028
1.00079
1.00169
1.00484
1.01046
1.02916
1.06953
1.19019
1.50515
2.22375
2.6801
2.75106
2.74063
2.73881
2.74994
2.76575
2.77795
2.78633
2.79205
2.79873
2.80103
1.00001
1.00002
1.00004
1.00013
1.00026
1.00077
1.00166
1.00458
1.01048
1.02774
1.06824
1.18378
1.49035
2.19741
2.67063
2.7502
2.73882
2.7362
2.74717
2.76293
2.77477
2.78304
2.7891
2.79512
2.79716
1.00001
1.00002
1.00005
1.00011
1.00028
1.00068
1.00168
1.00424
1.01017
1.02635
1.06537
1.17447
1.46804
2.15461
2.65561
2.74869
2.73571
2.73178
2.74235
2.758
2.77002
2.77771
2.78326
2.79017
2.79176
1
1.00001
1.00005
1.00009
1.00029
1.00059
1.0017
1.00372
1.0101
1.02367
1.0627
1.16127
1.43843
2.09468
2.63412
2.74623
2.73113
2.72535
2.73621
2.75027
2.76288
2.77017
2.77521
2.78175
2.78374
1
1.00001
1.00004
1.0001
1.00023
1.00061
1.00146
1.00359
1.00906
1.0221
1.05688
1.1481
1.3989
2.0171
2.60455
2.74181
2.72436
2.71662
2.72695
2.74182
2.75277
2.76114
2.76465
2.77091
2.77241
1
1.00001
1.00004
1.00008
1.00023
1.00052
1.00133
1.00328
1.00796
1.02036
1.05038
1.13251
1.35501
1.91903
2.56596
2.73314
2.71376
2.70402
2.7142
2.72904
2.74011
2.74702
2.75094
2.75483
2.75572
1
1.00001
1.00003
1.00008
1.00019
1.0005
1.00112
1.00306
1.00671
1.01863
1.0432
1.11685
1.3065
1.80481
2.51538
2.71737
2.69745
2.68721
2.69782
2.7123
2.72324
2.72991
2.73119
2.73355
2.7301
1
1.00001
1.00003
1.00007
1.00018
1.0004
1.00112
1.00236
1.00682
1.01474
1.0409
1.09941
1.27115
1.71115
2.46231
2.70129
2.68091
2.6712
2.67919
2.69242
2.70174
2.70644
2.70591
2.70117
2.68745
1
1.00001
1.00003
1.00006
1.00016
1.00035
1.00099
1.00211
1.00605
1.01312
1.03636
1.08794
1.23986
1.63429
2.39083
2.67515
2.66882
2.66109
2.66226
2.67142
2.67754
2.67863
2.6718
2.65152
2.59648
1
1.00001
1.00002
1.00006
1.00012
1.00036
1.00074
1.0022
1.00457
1.01303
1.02964
1.08035
1.20671
1.5594
2.28996
2.6368
2.66055
2.65174
2.64693
2.65009
2.65137
2.64631
2.62766
2.58186
2.4761
1
1.00001
1.00002
1.00004
1.00013
1.00026
1.00078
1.00158
1.00469
1.00997
1.02784
1.06633
1.18075
1.47854
2.16563
2.5858
2.65185
2.6421
2.63286
2.63003
2.62559
2.6127
2.58243
2.51809
2.40451
1
1.00001
1.00001
1.00004
1.00009
1.00027
1.00055
1.00159
1.00344
1.00942
1.02186
1.05796
1.1479
1.40107
2.00892
2.51951
2.63766
2.62811
2.61665
2.60912
2.59938
2.57923
2.54181
2.47776
2.37661
1
1
1.00001
1.00003
1.00008
1.0002
1.00049
1.00124
1.00289
1.00767
1.01773
1.04712
1.11815
1.31895
1.82504
2.43347
2.61142
2.60647
2.596
2.58567
2.573
2.55052
2.51006
2.45085
2.36651
1
1
1.00001
1.00002
1.00007
1.00015
1.00042
1.00093
1.00247
1.00577
1.01474
1.03615
1.0934
1.24435
1.64379
2.32799
2.57257
2.57859
2.57039
2.55865
2.54455
2.52265
2.48429
2.43125
2.35797
1
1
1.00001
1.00002
1.00006
1.00012
1.00035
1.00071
1.00212
1.00438
1.01246
1.02822
1.07611
1.19427
1.52194
2.20056
2.52393
2.55599
2.54667
2.53569
2.51868
2.49738
2.46079
2.41364
2.35022
1
1
1.00001
1.00002
1.00004
1.0001
1.00027
1.00059
1.00166
1.0035
1.01004
1.02212
1.06063
1.15195
1.41189
2.01558
2.44673
2.53455
2.52667
2.51512
2.49654
2.47439
2.44104
2.39747
2.34295
1
1
1.00001
1.00001
1.00003
1.00008
1.00021
1.00046
1.00127
1.00272
1.00775
1.01685
1.04661
1.11368
1.30882
1.79291
2.34273
2.50294
2.50526
2.49525
2.47499
2.45245
2.42166
2.38242
2.33409
1
1
1
1.00001
1.00003
1.00006
1.00015
1.00037
1.00089
1.00225
1.00521
1.01377
1.03223
1.08503
1.21845
1.57515
2.20791
2.45393
2.47738
2.46964
2.45201
2.42997
2.40283
2.36819
2.32516
1
1
1
1.00001
1.00002
1.00005
1.0001
1.0003
1.00063
1.00175
1.00392
1.01033
1.02447
1.0636
1.16262
1.43361
2.03406
2.38786
2.45159
2.4457
2.43046
2.40894
2.3836
2.35315
2.31586
1
1
1
1.00001
1.00001
1.00003
1.00008
1.00022
1.00047
1.00132
1.00277
1.008
1.01723
1.04765
1.11613
1.31404
1.79875
2.28212
2.4172
2.42201
2.41129
2.39138
2.36488
2.33714
2.30427
1
1
1
1
1.00001
1.00003
1.00006
1.00016
1.00033
1.00096
1.00195
1.0057
1.01204
1.03335
1.07901
1.21151
1.54687
2.13412
2.3629
2.39327
2.38756
2.37068
2.34669
2.32039
2.29227
1
1
1
1
1.00001
1.00002
1.00004
1.00011
1.00025
1.00066
1.00145
1.00401
1.00868
1.02403
1.05564
1.15027
1.38788
1.94103
2.28865
2.36427
2.36351
2.35013
2.32846
2.30371
2.27786
1
1
1
1
1
1.00001
1.00003
1.00008
1.00017
1.00048
1.00098
1.00288
1.00597
1.01678
1.03818
1.10257
1.261
1.67892
2.16756
2.32249
2.33753
2.32917
2.31117
2.28744
2.26294
1
1
1
1
1
1.00001
1.00002
1.00005
1.00012
1.00033
1.00068
1.00196
1.00403
1.01161
1.02529
1.06884
1.17034
1.45185
1.99566
2.2592
2.30795
2.30534
2.29123
2.27124
2.24728
1
1
1
1
1
1.00001
1.00001
1.00004
1.00008
1.00022
1.00048
1.00131
1.0028
1.00788
1.0171
1.04672
1.11293
1.30188
1.753
2.15621
2.27142
2.28134
2.27342
2.25548
2.2326
1
1
1
1
1
1
1.00001
1.00002
1.00006
1.00013
1.00035
1.0008
1.00199
1.00483
1.01166
1.02932
1.07226
1.18623
1.4848
1.99648
2.21263
2.25129
2.2499
2.23711
2.21746
1
1
1
1
1
1
1.00001
1.00001
1.00004
1.00008
1.00024
1.00051
1.00136
1.00313
1.00784
1.01915
1.04749
1.1209
1.31481
1.77076
2.12136
2.21781
2.22726
2.22072
2.20469
1
1
1
1
1
1
1
1.00001
1.00002
1.00006
1.00015
1.00033
1.00088
1.00192
1.00524
1.01136
1.03088
1.07207
1.19016
1.4873
1.96835
2.16436
2.19902
2.19937
2.18748
1
1
1
1
1
1
1
1.00001
1.00001
1.00004
1.00008
1.00024
1.00051
1.00138
1.00308
1.00792
1.01888
1.04747
1.11934
1.31101
1.75138
2.0795
2.16832
2.17841
2.17271
1
1
1
1
1
1
1
1
1.00001
1.00002
1.00006
1.00015
1.00031
1.00089
1.0018
1.00523
1.01089
1.03004
1.06954
1.18352
1.46715
1.9258
2.11554
2.15079
2.1524
1
1
1
1
1
1
1
1
1.00001
1.00001
1.00004
1.00008
1.00023
1.00047
1.00137
1.00278
1.00786
1.01719
1.04585
1.11062
1.29207
1.70242
2.02862
2.12036
2.13282
1
1
1
1
1
1
1
1
1
1.00001
1.00002
1.00006
1.00013
1.00033
1.00072
1.00198
1.00416
1.01157
1.02529
1.06757
1.16465
1.43041
1.86681
2.06344
2.10376
1
1
1
1
1
1
1
1
1
1.00001
1.00001
1.00003
1.00009
1.00018
1.00051
1.00103
1.00297
1.00618
1.01698
1.03846
1.1014
1.25335
1.6278
1.96448
2.07163
1
1
1
1
1
1
1
1
1
1
1.00001
1.00002
1.00005
1.00013
1.00026
1.00074
1.0015
1.00424
1.00904
1.02425
1.05628
1.14662
1.3726
1.79058
2.00661
1
1
1
1
1
1
1
1
1
1
1.00001
1.00001
1.00003
1.00007
1.00018
1.00037
1.00105
1.00213
1.00608
1.01278
1.03467
1.08067
1.21138
1.52052
1.88697
1
1
1
1
1
1
1
1
1
1
1
1.00001
1.00002
1.00004
1.00009
1.00025
1.00056
1.00138
1.00336
1.00787
1.02003
1.04705
1.12139
1.30646
1.6952
1
1
1
1
1
1
1
1
1
1
1
1
1.00001
1.00002
1.00006
1.00013
1.00035
1.0008
1.00195
1.00471
1.01115
1.02786
1.06702
1.16972
1.42958
1
1
1
1
1
1
1
1
1
1
1
1
1.00001
1.00001
1.00004
1.00008
1.00022
1.00047
1.0013
1.00264
1.00756
1.01582
1.04308
1.10038
1.26277
1
1
1
1
1
1
1
1
1
1
1
1
1
1.00001
1.00002
1.00006
1.00014
1.00036
1.00084
1.00208
1.0051
1.01222
1.03116
1.07664
1.19983
1
1
1
1
1
1
1
1
1
1
1
1
1
1.00001
1.00002
1.00005
1.00012
1.00027
1.00076
1.00163
1.00466
1.01012
1.02815
1.06752
1.18419
1
1
1
1
1
1
1
1
1
1
1
1
1
1.00001
1.00002
1.00005
1.0001
1.0003
1.0006
1.0018
1.00383
1.01082
1.0252
1.06833
1.1783
1
1
1
1
1
1
1
1
1
1
1
1
1
1.00001
1.00002
1.00004
1.0001
1.00028
1.00058
1.00178
1.00363
1.01084
1.02427
1.06776
1.17538
1
1
1
1
1
1
1
1
1
1
1
1
1
1.00001
1.00002
1.00004
1.0001
1.00026
1.00063
1.00158
1.00403
1.00985
1.02559
1.06528
1.17653
1
1
1
1
1
1
1
1
1
1
1
1
1
1.00001
1.00002
1.00004
1.0001
1.00025
1.00061
1.00162
1.00373
1.01032
1.02414
1.06601
1.173
1
1
1
1
1
1
1
1
1
1
1
1
1
1.00001
1.00001
1.00004
1.00009
1.00027
1.00055
1.00166
1.0036
1.01017
1.02385
1.06494
1.17048
1
1
1
1
1
1
1
1
1
1
1
1
1
1.00001
1.00002
1.00004
1.0001
1.00022
1.00066
1.00135
1.00416
1.00883
1.02539
1.06129
1.17095
1
1
1
1
1
1
1
1
1
1
1
1
1
1.00001
1.00001
1.00004
1.00009
1.00026
1.00053
1.00164
1.00338
1.01008
1.02275
1.06354
1.16534
1
1
1
1
1
1
1
1
1
1
1
1
1
1.00001
1.00002
1.00004
1.00009
1.00024
1.00057
1.00153
1.00349
1.00977
1.02277
1.06252
1.16425
1
1
1
1
1
1
1
1
1
1
1
1
1
1.00001
1.00002
1.00003
1.0001
1.00021
1.00064
1.0013
1.00397
1.00865
1.02445
1.0597
1.16625
2.32482
2.43284
2.66224
2.86392
2.92269
2.8908
2.86954
2.86076
2.84849
2.83007
2.81006
2.79221
2.77375
2.75512
2.7342
2.71521
2.69649
2.68002
2.66178
2.64815
2.64145
2.63934
2.64338
2.65362
2.67602
2.70391
2.73664
2.76826
2.79799
2.82317
2.84487
2.86482
2.87722
2.89169
2.90225
2.90989
2.91782
2.92147
2.92461
2.92569
2.92573
2.92515
2.92363
2.92213
2.91831
2.91455
2.90912
2.90534
2.89842
2.89474
2.88752
2.88126
2.8742
2.86748
2.85983
2.85281
2.84518
2.83785
2.82984
2.82196
2.81394
2.8059
2.7979
2.78957
2.78138
2.77285
2.76462
2.75594
2.74749
2.73862
2.73004
2.72103
2.71242
2.70326
2.69452
2.68521
2.67636
2.66697
2.65803
2.64859
2.6395
2.63008
2.6208
2.6115
2.60205
2.59292
2.58338
2.5743
2.56493
2.55574
2.54681
2.53755
2.52916
2.52018
2.5123
2.50427
2.49731
2.49123
2.48645
2.48338
2.33595
2.41456
2.56757
2.77368
2.85664
2.90805
2.94095
2.94678
2.94918
2.94275
2.92817
2.92145
2.90892
2.89653
2.8822
2.86567
2.85243
2.8364
2.82304
2.80862
2.80115
2.7998
2.8037
2.81408
2.83236
2.85374
2.87446
2.89313
2.91088
2.92527
2.9347
2.94365
2.95009
2.95327
2.95319
2.95245
2.94975
2.9467
2.94052
2.93489
2.92697
2.92052
2.9102
2.90054
2.89025
2.87928
2.86886
2.85843
2.84751
2.83764
2.82695
2.81608
2.80454
2.79356
2.78269
2.77192
2.76128
2.75053
2.74004
2.72941
2.71908
2.70853
2.69833
2.6879
2.67779
2.66748
2.65741
2.64715
2.63709
2.62684
2.61673
2.60654
2.59639
2.58632
2.57614
2.56625
2.55601
2.54633
2.53598
2.52656
2.51606
2.50699
2.49631
2.48765
2.4769
2.46861
2.45799
2.44991
2.4397
2.43172
2.42206
2.41428
2.40518
2.39789
2.38939
2.3831
2.37553
2.37111
2.36602
2.36485
2.32685
2.34474
2.41782
2.50599
2.59356
2.68945
2.78838
2.85865
2.91155
2.93882
2.94379
2.93582
2.93103
2.94274
2.94588
2.94522
2.93468
2.92577
2.9165
2.90405
2.89666
2.8959
2.89856
2.90783
2.91877
2.93513
2.95116
2.95709
2.95709
2.95611
2.9528
2.9478
2.94031
2.93229
2.92059
2.91204
2.90254
2.89305
2.88305
2.87291
2.86162
2.85093
2.83926
2.82848
2.81706
2.80624
2.79475
2.78348
2.77194
2.76078
2.74963
2.73826
2.72636
2.71461
2.70322
2.69209
2.68111
2.67029
2.65936
2.64884
2.63805
2.62803
2.61746
2.60781
2.59728
2.5879
2.57734
2.56829
2.55767
2.54893
2.5382
2.52971
2.51881
2.51049
2.49941
2.49118
2.47993
2.47175
2.4604
2.45224
2.44085
2.43269
2.4213
2.41313
2.40178
2.3935
2.38239
2.3738
2.36328
2.35427
2.34446
2.33527
2.32607
2.31698
2.30842
2.29985
2.29242
2.28536
2.28044
2.27633
2.30568
2.29239
2.31329
2.36152
2.41552
2.48299
2.55499
2.62961
2.70545
2.77503
2.84138
2.86844
2.88459
2.90791
2.93128
2.93875
2.93425
2.92382
2.91452
2.91205
2.91793
2.92508
2.93899
2.94449
2.94427
2.94007
2.93211
2.91534
2.89711
2.88318
2.8696
2.85579
2.84255
2.82981
2.81614
2.8043
2.79082
2.77881
2.76581
2.75367
2.74087
2.72881
2.71608
2.70426
2.69173
2.68027
2.66804
2.65695
2.645
2.63485
2.62392
2.61399
2.6022
2.59188
2.58058
2.57089
2.55967
2.55028
2.53918
2.53019
2.51927
2.51056
2.49976
2.49129
2.48068
2.47243
2.46204
2.45393
2.44375
2.43571
2.42581
2.41779
2.40823
2.40017
2.39096
2.38283
2.37398
2.36577
2.35724
2.34898
2.34077
2.33249
2.3246
2.31628
2.30879
2.30037
2.2933
2.28471
2.27801
2.26927
2.26284
2.25414
2.24781
2.23951
2.23332
2.22591
2.22016
2.21436
2.21024
2.20754
2.29553
2.25824
2.2553
2.27202
2.30413
2.34405
2.39431
2.44607
2.499
2.55571
2.61328
2.68261
2.73897
2.77777
2.81123
2.83972
2.8612
2.86942
2.87389
2.87894
2.88588
2.88878
2.88491
2.87583
2.86256
2.84349
2.82506
2.8072
2.79058
2.77556
2.76101
2.74645
2.7329
2.71867
2.70502
2.69087
2.67743
2.66391
2.65084
2.63787
2.62578
2.61395
2.60279
2.59204
2.58167
2.57171
2.5617
2.5522
2.54242
2.53357
2.5246
2.51636
2.50691
2.49827
2.489
2.48086
2.47201
2.46412
2.45546
2.44758
2.43896
2.431
2.42245
2.41443
2.40599
2.39788
2.38955
2.38134
2.37311
2.36478
2.35658
2.34814
2.33984
2.33133
2.32286
2.31434
2.30563
2.2972
2.28822
2.27992
2.27069
2.26252
2.25318
2.24512
2.2358
2.22778
2.21857
2.21056
2.20148
2.19356
2.18471
2.17707
2.16856
2.16138
2.15333
2.14693
2.1398
2.13483
2.12987
2.12788
2.28888
2.2449
2.22064
2.22017
2.23104
2.25381
2.28193
2.3186
2.35451
2.39351
2.4353
2.47823
2.52791
2.57404
2.61904
2.65924
2.69865
2.73352
2.76168
2.78103
2.79321
2.79688
2.79245
2.77753
2.75639
2.72734
2.69832
2.67153
2.64897
2.62966
2.61373
2.6
2.58736
2.57601
2.56444
2.55428
2.54396
2.53546
2.52677
2.5194
2.51137
2.50434
2.49676
2.49001
2.4827
2.47616
2.46899
2.46252
2.45532
2.44903
2.4425
2.43656
2.42954
2.42282
2.41528
2.40861
2.40119
2.3946
2.38711
2.38045
2.37283
2.36608
2.35828
2.35142
2.34347
2.33655
2.3285
2.32153
2.31344
2.30641
2.2983
2.29121
2.28312
2.27598
2.26797
2.26082
2.25291
2.24576
2.23793
2.23077
2.22305
2.21581
2.20824
2.20084
2.19344
2.18566
2.1784
2.17021
2.16322
2.1547
2.14797
2.13924
2.13275
2.12403
2.11778
2.10938
2.10364
2.09624
2.092
2.08738
2.28565
2.23801
2.20563
2.18778
2.18584
2.19217
2.20681
2.22714
2.25195
2.27736
2.30571
2.33538
2.36738
2.40225
2.43826
2.47534
2.51301
2.55212
2.58696
2.61994
2.64155
2.65561
2.65437
2.63692
2.60486
2.56628
2.53054
2.49779
2.47448
2.4594
2.45326
2.44935
2.4487
2.44692
2.44574
2.44358
2.4411
2.43835
2.43534
2.43244
2.42914
2.42609
2.42225
2.41856
2.41399
2.40976
2.40475
2.40017
2.39454
2.38964
2.38408
2.37914
2.37304
2.36712
2.36014
2.35379
2.34671
2.34023
2.33315
2.32657
2.31953
2.31279
2.30577
2.29877
2.29172
2.28445
2.27741
2.26991
2.26292
2.25525
2.24827
2.24043
2.2333
2.22531
2.2179
2.20983
2.20216
2.19407
2.18627
2.17817
2.17036
2.16227
2.15455
2.14636
2.13884
2.13066
2.12347
2.1154
2.1085
2.10065
2.09396
2.08646
2.0799
2.0729
2.0665
2.0602
2.05422
2.04907
2.04451
2.04223
2.28305
2.23577
2.19854
2.17321
2.15837
2.15464
2.15717
2.16578
2.17861
2.1947
2.21225
2.23173
2.25431
2.27637
2.30389
2.33132
2.36471
2.40012
2.43652
2.47032
2.49996
2.52534
2.52705
2.50917
2.47543
2.43564
2.39966
2.36934
2.34894
2.33609
2.33564
2.34068
2.34931
2.35557
2.36079
2.36295
2.36411
2.36363
2.3625
2.3611
2.35896
2.35694
2.35403
2.35101
2.34717
2.34324
2.33879
2.3343
2.32926
2.3244
2.31938
2.31466
2.30956
2.30421
2.29828
2.29244
2.28643
2.28043
2.27435
2.26814
2.26204
2.25567
2.24958
2.24311
2.23696
2.2304
2.22406
2.21742
2.21079
2.20412
2.19723
2.19055
2.18345
2.17672
2.16947
2.16266
2.15531
2.14844
2.14106
2.13412
2.12668
2.11965
2.11219
2.10515
2.09771
2.09059
2.08319
2.07598
2.06864
2.06134
2.05413
2.0468
2.03978
2.03255
2.02581
2.01893
2.01272
2.00668
2.0019
1.99858
2.27846
2.23378
2.195
2.16479
2.14346
2.13072
2.12493
2.12508
2.12888
2.1356
2.14619
2.15644
2.17148
2.18666
2.20527
2.22931
2.25729
2.29115
2.32382
2.36259
2.40486
2.43342
2.4336
2.41519
2.38176
2.3444
2.30324
2.27371
2.25216
2.23805
2.23077
2.2329
2.24195
2.25354
2.26412
2.27196
2.27741
2.28034
2.28186
2.28243
2.28239
2.28198
2.28098
2.28013
2.27843
2.27697
2.27443
2.27199
2.26863
2.26543
2.26182
2.25879
2.25523
2.25136
2.24669
2.24179
2.23659
2.23145
2.22612
2.22092
2.21543
2.21007
2.20428
2.19874
2.19268
2.187
2.18075
2.17494
2.16856
2.16258
2.15608
2.1499
2.14326
2.1369
2.13006
2.12357
2.11656
2.10999
2.10278
2.09616
2.08896
2.0823
2.0752
2.06837
2.06147
2.05445
2.04781
2.04061
2.03423
2.02693
2.02074
2.01345
2.00734
2.00019
1.99414
1.9873
1.98151
1.97541
1.97073
1.96724
2.27405
2.23219
2.19355
2.16187
2.13553
2.11748
2.10494
2.09806
2.09567
2.09598
2.09952
2.10426
2.11209
2.12292
2.13725
2.15823
2.18628
2.21491
2.25353
2.30124
2.35163
2.37744
2.37224
2.35178
2.32019
2.27778
2.23678
2.20441
2.18315
2.16926
2.15909
2.15637
2.15979
2.17019
2.18518
2.19911
2.21176
2.22045
2.22749
2.23183
2.23504
2.23683
2.23804
2.23887
2.23884
2.23841
2.23748
2.23611
2.23423
2.23199
2.2294
2.22699
2.22422
2.22139
2.21766
2.21377
2.20924
2.20482
2.19999
2.1953
2.19033
2.18536
2.18024
2.17493
2.16962
2.16399
2.15848
2.15255
2.1468
2.14062
2.13457
2.1282
2.12182
2.11531
2.10866
2.10201
2.09514
2.08831
2.08141
2.07441
2.06758
2.06038
2.05366
2.0463
2.03969
2.03223
2.02569
2.0182
2.01173
2.00428
1.99786
1.99051
1.98415
1.97698
1.97075
1.96388
1.95796
1.95177
1.94695
1.94333
2.26704
2.22927
2.192
2.15941
2.13248
2.10948
2.09371
2.08071
2.07367
2.06818
2.06723
2.06753
2.07086
2.07802
2.09253
2.11223
2.13755
2.17107
2.21548
2.28059
2.32965
2.3417
2.33148
2.31102
2.27615
2.23231
2.19207
2.15979
2.13605
2.12016
2.11018
2.10248
2.10073
2.10357
2.11213
2.12624
2.14168
2.15622
2.16832
2.17723
2.18338
2.18723
2.18976
2.19128
2.19224
2.19257
2.19254
2.19212
2.19125
2.18997
2.18822
2.18617
2.18417
2.18184
2.17904
2.17557
2.17185
2.16767
2.1635
2.1589
2.15446
2.14957
2.14492
2.13976
2.13484
2.12941
2.12415
2.11848
2.11288
2.10706
2.10115
2.09523
2.08907
2.08307
2.0767
2.07057
2.06409
2.05785
2.05129
2.04489
2.03826
2.03172
2.02504
2.01841
2.01172
2.00502
1.99836
1.9916
1.985
1.9782
1.97168
1.96489
1.95846
1.95176
1.94547
1.93899
1.933
1.92712
1.92218
1.91881
2.25871
2.22433
2.19027
2.15735
2.12995
2.10593
2.08664
2.07146
2.05982
2.05141
2.04568
2.04377
2.04458
2.05176
2.06649
2.08674
2.11278
2.1556
2.21761
2.28591
2.31901
2.31948
2.30585
2.28096
2.24251
2.20096
2.16386
2.13296
2.10833
2.08901
2.0756
2.06693
2.06067
2.05902
2.06083
2.06735
2.0793
2.09575
2.11207
2.12664
2.13805
2.14636
2.15201
2.15581
2.15827
2.15988
2.16082
2.16146
2.16144
2.16096
2.15995
2.1585
2.15658
2.15474
2.15245
2.14984
2.14645
2.14302
2.13913
2.13528
2.13097
2.1267
2.12201
2.11735
2.11232
2.10732
2.10196
2.09668
2.09101
2.0855
2.07954
2.07382
2.06758
2.06165
2.05523
2.04921
2.04272
2.03654
2.03003
2.02364
2.01714
2.0105
2.00406
1.99719
1.99083
1.9838
1.97752
1.97043
1.96421
1.95714
1.95098
1.94399
1.93788
1.93102
1.92498
1.91832
1.91251
1.90635
1.90146
1.89771
2.24919
2.21712
2.18618
2.15575
2.12736
2.10329
2.08247
2.06506
2.05136
2.04054
2.03225
2.02876
2.03003
2.03918
2.05549
2.07705
2.11308
2.17212
2.2471
2.29962
2.31164
2.30495
2.28772
2.25728
2.21856
2.18112
2.14841
2.11938
2.09511
2.07381
2.0576
2.04429
2.03622
2.03065
2.02791
2.02811
2.03227
2.04187
2.05594
2.07259
2.08791
2.10139
2.11153
2.11923
2.12426
2.12748
2.12957
2.13077
2.13151
2.13167
2.13127
2.13036
2.1291
2.12766
2.1262
2.12429
2.12196
2.11891
2.11568
2.112
2.10827
2.10411
2.09994
2.09535
2.09079
2.08585
2.08094
2.07573
2.07052
2.06509
2.05961
2.05398
2.04823
2.04244
2.03654
2.03057
2.02453
2.01834
2.01219
2.00578
1.99954
1.99295
1.98663
1.97992
1.97353
1.96675
1.96033
1.95351
1.94709
1.94026
1.93391
1.92711
1.92087
1.91417
1.90808
1.90157
1.89577
1.88976
1.88487
1.88124
2.23766
2.20952
2.18056
2.15259
2.12593
2.10097
2.08026
2.06175
2.04637
2.03529
2.026
2.02341
2.02816
2.03965
2.05798
2.08794
2.1399
2.21795
2.28285
2.30744
2.30564
2.29481
2.27202
2.23875
2.20344
2.17102
2.14202
2.11514
2.09145
2.06944
2.05102
2.03456
2.02191
2.01217
2.00657
2.00286
2.0022
2.00395
2.01033
2.02143
2.03683
2.05239
2.06745
2.07974
2.08918
2.09555
2.09961
2.10222
2.10364
2.10443
2.10445
2.10404
2.10313
2.10188
2.10067
2.09926
2.09752
2.09506
2.09211
2.08865
2.08496
2.08093
2.07674
2.07234
2.06779
2.06313
2.05825
2.05334
2.0481
2.04294
2.03737
2.03194
2.02617
2.02057
2.01466
2.00885
2.0028
1.99677
1.99064
1.98438
1.97819
1.97175
1.96553
1.95894
1.9527
1.94603
1.93979
1.93312
1.9269
1.92026
1.91409
1.90751
1.9014
1.89491
1.88892
1.88259
1.87686
1.87097
1.8661
1.86251
2.22399
2.19906
2.17339
2.14675
2.12252
2.0987
2.07762
2.05939
2.04347
2.03179
2.02525
2.02651
2.03556
2.04978
2.07601
2.12283
2.19864
2.26979
2.304
2.30831
2.30176
2.28557
2.25794
2.22626
2.19611
2.16799
2.14182
2.11692
2.09358
2.07149
2.05141
2.03306
2.01736
2.00392
1.99352
1.98603
1.98212
1.97922
1.97924
1.9824
1.99017
2.00335
2.01882
2.0349
2.04887
2.06026
2.0681
2.07358
2.07656
2.07833
2.07884
2.07897
2.07859
2.0778
2.07697
2.07601
2.07498
2.07327
2.07104
2.06807
2.06483
2.06114
2.05728
2.05314
2.04888
2.04443
2.03984
2.03513
2.0302
2.02517
2.01989
2.01464
2.00914
2.00369
1.99798
1.99231
1.98644
1.98054
1.97455
1.96842
1.96234
1.95599
1.94985
1.94333
1.93714
1.93052
1.9243
1.91762
1.91142
1.90475
1.89861
1.892
1.88596
1.87945
1.87357
1.86726
1.86164
1.85581
1.85103
1.84746
2.21075
2.18849
2.16569
2.14146
2.11818
2.09618
2.07549
2.05818
2.0435
2.03295
2.03176
2.03776
2.05062
2.07245
2.11559
2.18795
2.26231
2.30371
2.31322
2.30938
2.29794
2.27507
2.2475
2.22017
2.19432
2.1693
2.14487
2.12125
2.09838
2.07655
2.05579
2.03651
2.01871
2.00272
1.98882
1.97708
1.96811
1.96252
1.9589
1.95729
1.9577
1.96235
1.97232
1.98595
2.00158
2.01664
2.02961
2.03958
2.0464
2.05044
2.05264
2.05343
2.05364
2.05314
2.05251
2.05145
2.05059
2.04929
2.04758
2.04512
2.04221
2.03884
2.03521
2.03133
2.02727
2.02308
2.01867
2.01418
2.00938
2.00457
1.99944
1.9944
1.989
1.98373
1.9781
1.97257
1.96676
1.96095
1.95504
1.94898
1.94302
1.93676
1.93079
1.92439
1.91842
1.91196
1.90598
1.89951
1.89355
1.88712
1.88119
1.87484
1.86898
1.86274
1.85703
1.85095
1.84551
1.83987
1.83524
1.83176
2.19723
2.17614
2.15589
2.13422
2.11246
2.09215
2.07254
2.05654
2.04456
2.0406
2.04471
2.05644
2.07602
2.11584
2.18295
2.25917
2.30561
2.31847
2.31656
2.30852
2.29124
2.26622
2.2412
2.21758
2.19468
2.17187
2.14928
2.12683
2.10469
2.0832
2.06205
2.04232
2.02288
2.00541
1.98876
1.97422
1.96162
1.95132
1.94421
1.93962
1.93603
1.93521
1.93659
1.94301
1.95369
1.9683
1.98328
1.99767
2.00918
2.01777
2.02325
2.02652
2.02789
2.02835
2.02791
2.0271
2.02633
2.02537
2.02423
2.02244
2.02011
2.01726
2.01407
2.01053
2.00676
2.0028
1.9986
1.99429
1.98965
1.98504
1.98008
1.97521
1.96997
1.96485
1.95941
1.95401
1.94842
1.94274
1.93704
1.93108
1.92533
1.91918
1.91339
1.90714
1.90132
1.89503
1.88917
1.88289
1.877
1.87074
1.86487
1.85867
1.85288
1.84678
1.84116
1.83525
1.82994
1.8245
1.82005
1.81671
2.18456
2.16465
2.14529
2.12614
2.10642
2.08776
2.07094
2.05707
2.05065
2.05324
2.0642
2.08249
2.11992
2.18278
2.25871
2.30809
2.32444
2.32398
2.31837
2.30382
2.28171
2.25952
2.23858
2.21767
2.19717
2.17579
2.15476
2.13303
2.11152
2.09005
2.06896
2.04854
2.02853
2.00972
1.99162
1.97498
1.95991
1.94632
1.93515
1.92608
1.9201
1.91556
1.91225
1.91178
1.91423
1.92179
1.93415
1.94868
1.96373
1.97707
1.98769
1.99514
1.99971
2.00197
2.00282
2.00243
2.00172
2.00088
1.99995
1.99848
1.99659
1.99418
1.99139
1.98827
1.98482
1.98118
1.97719
1.97306
1.96859
1.96421
1.95946
1.95486
1.94986
1.94499
1.93975
1.93455
1.92913
1.9236
1.91805
1.91223
1.90658
1.90057
1.89487
1.88879
1.88306
1.87699
1.87128
1.86525
1.85954
1.85356
1.84788
1.84194
1.83633
1.83046
1.82502
1.81934
1.81425
1.80906
1.80486
1.80168
2.17088
2.15205
2.13396
2.11607
2.09846
2.08236
2.06863
2.06127
2.06292
2.07351
2.09077
2.12574
2.18565
2.26066
2.31172
2.33
2.33079
2.32573
2.31276
2.29294
2.27347
2.25465
2.23664
2.21791
2.19931
2.17948
2.15939
2.13826
2.11739
2.09603
2.07514
2.05412
2.03384
2.01383
1.99497
1.97695
1.96029
1.94468
1.93087
1.91851
1.90829
1.9004
1.89455
1.8902
1.88759
1.88766
1.8914
1.90026
1.91351
1.92831
1.94309
1.95595
1.96556
1.972
1.97543
1.97687
1.97672
1.97599
1.97525
1.9742
1.97284
1.9709
1.96859
1.96591
1.96291
1.95965
1.95595
1.95212
1.94792
1.94378
1.93923
1.9348
1.92994
1.92519
1.92008
1.915
1.90972
1.90437
1.89902
1.89345
1.88803
1.88227
1.87679
1.87091
1.86536
1.85944
1.85386
1.84796
1.84239
1.83655
1.83104
1.8253
1.81991
1.81431
1.80912
1.80375
1.79897
1.79412
1.79032
1.78738
2.15815
2.13962
2.12248
2.10643
2.09132
2.07822
2.07027
2.07173
2.08253
2.09932
2.13343
2.19175
2.26429
2.31546
2.33412
2.33598
2.33127
2.31889
2.30067
2.28258
2.26639
2.25046
2.2346
2.21772
2.2001
2.18119
2.16156
2.1413
2.12072
2.09979
2.07895
2.05787
2.03766
2.01734
1.99856
1.97951
1.96218
1.94488
1.92934
1.91429
1.90132
1.88976
1.88058
1.87325
1.86754
1.8634
1.86193
1.86265
1.86793
1.8788
1.89231
1.90805
1.92204
1.93402
1.94242
1.94761
1.95019
1.95071
1.95018
1.94934
1.94839
1.94691
1.94497
1.94272
1.94016
1.93734
1.93399
1.9305
1.9265
1.92258
1.91818
1.91396
1.90929
1.90478
1.89989
1.89504
1.88996
1.88478
1.87959
1.87416
1.86893
1.86333
1.85807
1.85237
1.84707
1.84133
1.836
1.83031
1.82496
1.81937
1.81405
1.80861
1.80342
1.79816
1.79326
1.78829
1.78393
1.77958
1.77635
1.7738
2.14276
2.12727
2.10971
2.09599
2.08351
2.0768
2.0786
2.08992
2.10686
2.14105
2.19902
2.27005
2.32031
2.33902
2.34092
2.33619
2.32372
2.30558
2.28891
2.27382
2.26011
2.24594
2.23127
2.21529
2.19839
2.18034
2.16152
2.14203
2.12184
2.10155
2.08075
2.0605
2.04005
2.02031
2.0007
1.98168
1.96332
1.94535
1.92862
1.91213
1.89735
1.88332
1.87096
1.86049
1.85206
1.84505
1.83966
1.83602
1.83545
1.83734
1.8441
1.85643
1.87114
1.88665
1.90028
1.91122
1.91863
1.92269
1.92413
1.924
1.92337
1.92236
1.92092
1.91904
1.91685
1.91438
1.91144
1.90835
1.90476
1.90118
1.89711
1.89314
1.88873
1.88441
1.87975
1.87506
1.8702
1.86516
1.86019
1.85487
1.84983
1.84435
1.83927
1.83377
1.82863
1.82318
1.81799
1.81262
1.80741
1.80215
1.79701
1.79191
1.78695
1.78207
1.77748
1.773
1.76912
1.76546
1.763
1.76103
2.12828
2.11571
2.10016
2.08711
2.08013
2.08259
2.09506
2.11271
2.14763
2.20708
2.27811
2.32682
2.34399
2.34567
2.34036
2.32663
2.30905
2.29283
2.27914
2.26655
2.25424
2.24102
2.22695
2.21158
2.19514
2.17778
2.1594
2.14056
2.12086
2.10118
2.08089
2.06111
2.04083
2.02141
2.00156
1.98279
1.96371
1.94576
1.92764
1.91109
1.89442
1.87934
1.8648
1.85192
1.84013
1.83079
1.8226
1.81619
1.81128
1.80895
1.80911
1.81252
1.82162
1.83421
1.84981
1.8646
1.87824
1.88772
1.89396
1.89694
1.89753
1.8971
1.89641
1.89531
1.89332
1.89114
1.8885
1.88592
1.88275
1.87963
1.87586
1.87218
1.86799
1.86384
1.85938
1.85482
1.8502
1.84532
1.84059
1.83551
1.83071
1.82551
1.82061
1.81532
1.81034
1.80502
1.80001
1.79477
1.78976
1.7847
1.7798
1.77499
1.7704
1.76595
1.76195
1.75813
1.75514
1.75247
1.75108
1.74958
2.10862
2.10308
2.09213
2.08222
2.08359
2.097
2.11608
2.15288
2.21482
2.28596
2.3332
2.34936
2.34979
2.34353
2.32919
2.31034
2.29434
2.28117
2.26956
2.25845
2.24674
2.23428
2.22045
2.20576
2.18967
2.17307
2.15518
2.13711
2.11804
2.09907
2.07948
2.06029
2.0405
2.02147
2.00167
1.98306
1.96355
1.94572
1.92696
1.91007
1.89237
1.87665
1.86049
1.84629
1.83222
1.82043
1.80927
1.80103
1.79304
1.7872
1.78319
1.78217
1.78291
1.78787
1.79844
1.81248
1.82848
1.84323
1.85563
1.86418
1.86926
1.87121
1.8713
1.87086
1.86987
1.86803
1.86563
1.86316
1.86033
1.85754
1.85421
1.85094
1.8471
1.84335
1.8391
1.83494
1.83039
1.82587
1.82116
1.81633
1.81158
1.80652
1.8018
1.79667
1.79195
1.7869
1.78215
1.77724
1.77252
1.76781
1.76323
1.75884
1.75463
1.75078
1.74733
1.74448
1.7425
1.74094
1.74045
1.73967
2.08947
2.0912
2.08602
2.08489
2.09585
2.11813
2.15852
2.22433
2.29797
2.34339
2.35803
2.35628
2.34674
2.3297
2.31089
2.29499
2.28219
2.27182
2.26127
2.25094
2.23895
2.22674
2.21286
2.19861
2.18297
2.16687
2.14971
2.13205
2.11389
2.09516
2.07663
2.05724
2.03865
2.019
2.00039
1.981
1.96252
1.94375
1.9257
1.90773
1.89046
1.87346
1.85722
1.84153
1.82673
1.81269
1.80013
1.78838
1.77899
1.77052
1.76357
1.7583
1.75524
1.75526
1.75741
1.7642
1.7762
1.79149
1.80734
1.82209
1.83327
1.84092
1.84474
1.84586
1.84566
1.84501
1.84342
1.84136
1.83857
1.83595
1.83278
1.82978
1.82625
1.82267
1.81881
1.81464
1.81061
1.80598
1.80189
1.79698
1.79279
1.78778
1.78338
1.77841
1.77385
1.76904
1.76444
1.75987
1.75533
1.75106
1.74677
1.74297
1.7393
1.73632
1.73393
1.73236
1.73158
1.73149
1.73247
1.73245
2.06265
2.07631
2.08306
2.09492
2.11965
2.16442
2.23444
2.3098
2.35155
2.36553
2.36288
2.35094
2.3303
2.31065
2.29457
2.28189
2.27114
2.26141
2.25134
2.24068
2.22912
2.21682
2.20356
2.18955
2.1745
2.15872
2.14216
2.1249
2.10745
2.0893
2.07141
2.05278
2.03462
2.01568
1.99745
1.97834
1.96034
1.94129
1.92381
1.90507
1.88833
1.8702
1.85433
1.83723
1.82231
1.80683
1.79316
1.77972
1.76826
1.7573
1.74918
1.74081
1.7353
1.73057
1.72995
1.73042
1.73419
1.7433
1.75662
1.77272
1.78848
1.80251
1.81262
1.81907
1.82165
1.82203
1.82171
1.8206
1.81831
1.81583
1.81277
1.80988
1.80677
1.80342
1.80001
1.79603
1.79223
1.78778
1.78362
1.77893
1.77451
1.76976
1.76521
1.76051
1.75594
1.75145
1.74696
1.74277
1.73857
1.73477
1.73116
1.72794
1.72542
1.72338
1.72259
1.72215
1.72297
1.72478
1.72764
1.72925
2.02775
2.06333
2.08626
2.12009
2.17585
2.25295
2.32502
2.3632
2.37269
2.36844
2.35288
2.32984
2.30873
2.29231
2.2799
2.2697
2.26058
2.25111
2.24141
2.23045
2.21893
2.20622
2.19311
2.17889
2.16434
2.14872
2.13282
2.11618
2.09919
2.08198
2.06427
2.04673
2.0286
2.01074
1.99249
1.97438
1.9562
1.93813
1.92012
1.90242
1.88473
1.86765
1.8506
1.83431
1.81819
1.80305
1.78816
1.7744
1.76108
1.74928
1.73833
1.72936
1.72119
1.71461
1.70922
1.70689
1.70698
1.7088
1.71439
1.72512
1.74026
1.75674
1.77267
1.78537
1.79449
1.79918
1.80085
1.80073
1.79998
1.79831
1.79539
1.79254
1.78914
1.78608
1.78247
1.77905
1.77508
1.77119
1.76687
1.76262
1.75814
1.75372
1.74918
1.74475
1.74023
1.73597
1.73171
1.72776
1.72401
1.7206
1.71772
1.71536
1.71414
1.71359
1.71409
1.71559
1.71795
1.72286
1.73049
1.73529
1.95875
2.05297
2.10956
2.18358
2.2783
2.35107
2.38359
2.38536
2.37667
2.35547
2.33
2.3082
2.29087
2.27842
2.26863
2.25966
2.25034
2.24033
2.22954
2.21803
2.20598
2.19339
2.18063
2.16727
2.15355
2.13894
2.12373
2.10763
2.09098
2.0738
2.05652
2.03916
2.0216
2.0041
1.98628
1.96877
1.95093
1.93345
1.9159
1.89862
1.88152
1.8648
1.84792
1.83179
1.81552
1.80017
1.7849
1.77068
1.75698
1.74414
1.73238
1.72148
1.71216
1.70402
1.69674
1.69125
1.68724
1.68687
1.68786
1.69139
1.69911
1.71207
1.72803
1.74481
1.76
1.77122
1.77861
1.78145
1.78203
1.78148
1.77992
1.7776
1.77415
1.77092
1.76719
1.76372
1.75981
1.756
1.75184
1.74758
1.74321
1.73872
1.73429
1.72982
1.72543
1.7212
1.71717
1.71354
1.71028
1.70767
1.70585
1.70504
1.70527
1.7063
1.70822
1.71252
1.71815
1.72872
1.74293
1.75213
1.82449
2.03746
2.17042
2.29913
2.38349
2.40813
2.40416
2.38784
2.35818
2.33017
2.30744
2.28994
2.27724
2.26735
2.25834
2.2491
2.239
2.2284
2.21695
2.2052
2.19281
2.18035
2.1675
2.15439
2.14055
2.12599
2.11069
2.09488
2.07893
2.06277
2.04669
2.03045
2.01435
1.99764
1.98101
1.96391
1.94702
1.92995
1.91286
1.89596
1.87888
1.86225
1.84566
1.82983
1.81385
1.79883
1.78385
1.76972
1.7561
1.74296
1.73095
1.71913
1.70898
1.69919
1.69136
1.68388
1.67791
1.67313
1.67184
1.67236
1.67479
1.68016
1.68981
1.70447
1.72104
1.73783
1.75149
1.76106
1.76582
1.76744
1.7669
1.76562
1.76358
1.75991
1.75619
1.75193
1.74807
1.74383
1.73997
1.73558
1.7314
1.72684
1.72251
1.71809
1.71397
1.70996
1.70626
1.70317
1.7005
1.69905
1.69849
1.69904
1.70048
1.7035
1.70803
1.71748
1.72952
1.74599
1.76499
1.77619
1.61861
2.05298
2.29796
2.43385
2.45336
2.44095
2.41015
2.3726
2.33954
2.31345
2.29446
2.28141
2.27152
2.26237
2.25302
2.24291
2.23213
2.22087
2.20922
2.19709
2.18447
2.17125
2.15772
2.14391
2.13014
2.11627
2.10234
2.08812
2.0735
2.05837
2.04271
2.02635
2.00983
1.99315
1.97666
1.95997
1.94338
1.92678
1.91024
1.89402
1.87763
1.8619
1.84587
1.83065
1.81526
1.8007
1.78625
1.77237
1.75912
1.74597
1.73404
1.72194
1.71136
1.70086
1.69189
1.68365
1.67677
1.67033
1.66567
1.66284
1.66297
1.66486
1.66882
1.67554
1.68788
1.70358
1.721
1.7362
1.74819
1.75462
1.75747
1.75711
1.75586
1.75351
1.74993
1.74569
1.74107
1.73667
1.73203
1.72771
1.72318
1.71878
1.71434
1.71009
1.70606
1.70254
1.69936
1.69717
1.6957
1.69573
1.6964
1.69816
1.70167
1.70906
1.71891
1.73474
1.75262
1.77247
1.79227
1.80226
1.52397
2.08809
2.52039
2.57946
2.53922
2.4811
2.42544
2.37965
2.3458
2.32129
2.30418
2.29177
2.28057
2.26924
2.25753
2.24526
2.2328
2.21997
2.20702
2.1938
2.18039
2.16669
2.15284
2.13876
2.12466
2.11051
2.09629
2.08199
2.06751
2.05285
2.03802
2.02289
2.00767
1.99209
1.97651
1.96068
1.94485
1.92907
1.91313
1.89755
1.88178
1.86652
1.85123
1.8364
1.82182
1.80761
1.79379
1.78035
1.76738
1.75478
1.74281
1.73119
1.72023
1.71001
1.70009
1.69174
1.6833
1.67692
1.67003
1.66524
1.66125
1.66076
1.66194
1.6648
1.67039
1.68012
1.69451
1.71168
1.72813
1.7416
1.74961
1.75353
1.7535
1.75166
1.74908
1.74509
1.74
1.73453
1.72922
1.72402
1.71898
1.71416
1.70939
1.7052
1.70118
1.69821
1.69596
1.69503
1.69516
1.69627
1.699
1.70481
1.71276
1.72694
1.74342
1.7637
1.78372
1.80212
1.81748
1.82388
1.49255
2.10331
2.72272
2.72557
2.64993
2.55574
2.4799
2.42809
2.39151
2.36513
2.34464
2.3271
2.31093
2.29505
2.27999
2.26477
2.2499
2.235
2.2204
2.20579
2.19134
2.17686
2.16231
2.14777
2.13298
2.11844
2.10372
2.08928
2.07459
2.06012
2.04537
2.03077
2.01579
2.00095
1.9856
1.97055
1.95489
1.93971
1.92407
1.90886
1.89366
1.87852
1.86408
1.84919
1.83561
1.82124
1.80847
1.79487
1.78289
1.77014
1.75906
1.74716
1.73718
1.72622
1.71727
1.70754
1.69951
1.6914
1.68467
1.67785
1.67282
1.66827
1.66729
1.6678
1.67057
1.67493
1.68205
1.69423
1.71104
1.72722
1.7418
1.75069
1.75523
1.75509
1.75283
1.74909
1.74477
1.73902
1.73304
1.72713
1.72151
1.71633
1.71138
1.70742
1.70389
1.7019
1.70076
1.70061
1.70201
1.70587
1.7121
1.72406
1.73895
1.75828
1.77861
1.79873
1.81566
1.82829
1.83714
1.83979
1.49386
2.14358
2.79779
2.8056
2.72864
2.63398
2.56269
2.5107
2.4719
2.44093
2.41423
2.38995
2.36788
2.34687
2.32689
2.30735
2.28881
2.27069
2.25364
2.23761
2.22228
2.20739
2.19208
2.17664
2.16073
2.14482
2.12895
2.11344
2.09816
2.08321
2.0684
2.05381
2.03899
2.02433
2.00906
1.99406
1.97834
1.96305
1.94726
1.93183
1.91643
1.90116
1.88648
1.87178
1.85795
1.84413
1.83117
1.81834
1.80623
1.7945
1.78319
1.77259
1.76211
1.75231
1.74281
1.73347
1.72497
1.71661
1.7089
1.70243
1.69562
1.6908
1.68667
1.68469
1.6851
1.68735
1.69046
1.69586
1.70439
1.71838
1.73346
1.74798
1.75684
1.76175
1.76141
1.75888
1.75394
1.74843
1.74253
1.73611
1.72975
1.72442
1.71929
1.71608
1.71342
1.71212
1.71229
1.71446
1.71914
1.72847
1.74143
1.75941
1.77932
1.80032
1.81862
1.83388
1.8442
1.85044
1.85417
1.85425
1.48985
2.15074
2.80067
2.82099
2.76351
2.69138
2.63586
2.59327
2.55705
2.52458
2.49531
2.46818
2.44359
2.42017
2.398
2.37616
2.35517
2.33531
2.31629
2.29872
2.2813
2.26484
2.24796
2.23139
2.21439
2.19755
2.18083
2.16454
2.14895
2.13336
2.11815
2.1023
2.08652
2.06978
2.05321
2.03571
2.01873
2.00098
1.98415
1.96673
1.95067
1.93415
1.91928
1.90412
1.89039
1.87691
1.86399
1.85227
1.84006
1.82976
1.8183
1.80899
1.7981
1.78958
1.7789
1.77118
1.76104
1.75407
1.74472
1.73898
1.73057
1.72638
1.71898
1.71578
1.71154
1.71055
1.71067
1.71196
1.71437
1.71938
1.72921
1.74254
1.75575
1.76403
1.76927
1.76887
1.76689
1.7615
1.75631
1.74978
1.74435
1.73827
1.73453
1.73111
1.72969
1.73011
1.73303
1.7394
1.75083
1.76652
1.78624
1.80689
1.82722
1.84379
1.857
1.86491
1.87022
1.87189
1.87323
1.8724
1.48698
2.15231
2.8043
2.82491
2.77714
2.71963
2.67817
2.64777
2.61908
2.59254
2.56669
2.54234
2.51881
2.49546
2.47257
2.45012
2.42873
2.40891
2.38999
2.37272
2.35552
2.33945
2.32296
2.30702
2.29059
2.27415
2.25727
2.23978
2.22168
2.2029
2.18344
2.1635
2.14311
2.12269
2.10224
2.08216
2.06242
2.04339
2.02501
2.00756
1.99095
1.97539
1.96065
1.94695
1.9339
1.92177
1.91
1.899
1.88806
1.87759
1.86725
1.85676
1.84721
1.83648
1.82771
1.81754
1.80935
1.80021
1.79168
1.78378
1.77564
1.76838
1.75995
1.75183
1.74399
1.73489
1.73013
1.72388
1.72175
1.72182
1.72394
1.72967
1.74134
1.75449
1.76544
1.7716
1.7739
1.77343
1.77041
1.76638
1.76187
1.75831
1.75544
1.75505
1.75585
1.75957
1.76801
1.78112
1.79944
1.81971
1.84121
1.85987
1.87559
1.88609
1.89334
1.89686
1.8988
1.89919
1.90003
1.8989
1.48293
2.14175
2.80302
2.82463
2.77872
2.72533
2.69314
2.67056
2.65344
2.63381
2.61536
2.59288
2.57238
2.55001
2.53022
2.51041
2.49284
2.47603
2.46036
2.445
2.42981
2.41399
2.39793
2.38039
2.36257
2.34274
2.32277
2.3009
2.2791
2.25609
2.23341
2.21048
2.18804
2.16619
2.14504
2.12502
2.10587
2.08809
2.07123
2.05565
2.04078
2.02695
2.01339
2.0007
1.98776
1.9756
1.96298
1.95115
1.93888
1.92752
1.91605
1.90534
1.89478
1.88473
1.87515
1.8654
1.85581
1.84564
1.83513
1.82371
1.81079
1.79785
1.78369
1.77036
1.75713
1.74465
1.73432
1.72505
1.71869
1.71549
1.71414
1.71578
1.72108
1.73306
1.74672
1.76268
1.77151
1.77931
1.7807
1.78251
1.78204
1.78246
1.78367
1.78712
1.79389
1.80472
1.82116
1.84113
1.86335
1.88436
1.90264
1.91622
1.9258
1.93148
1.93493
1.93642
1.93749
1.93777
1.93845
1.93721
1.47707
2.12697
2.80644
2.826
2.77816
2.72351
2.69377
2.67791
2.66565
2.65242
2.63642
2.61879
2.59919
2.58087
2.56354
2.54948
2.53583
2.52439
2.51148
2.49895
2.48409
2.46827
2.4501
2.43061
2.40923
2.38695
2.36357
2.33998
2.3162
2.29284
2.27007
2.24819
2.22731
2.20749
2.18875
2.17096
2.15411
2.1379
2.12233
2.10711
2.09222
2.07761
2.06319
2.04911
2.03528
2.02203
2.00932
1.99725
1.98584
1.97469
1.96397
1.95283
1.94198
1.9302
1.91821
1.90447
1.8906
1.87517
1.85983
1.84335
1.82686
1.81026
1.79386
1.77793
1.76278
1.74848
1.73619
1.72502
1.7176
1.71244
1.71134
1.71194
1.71488
1.72191
1.73597
1.75382
1.77107
1.78574
1.79677
1.8043
1.81057
1.81644
1.82381
1.83382
1.84859
1.86716
1.88902
1.91134
1.93219
1.94898
1.96158
1.96979
1.97498
1.97783
1.97946
1.98024
1.98049
1.98063
1.98089
1.97944
1.46823
2.11436
2.81373
2.82814
2.77648
2.72023
2.69126
2.67797
2.66907
2.658
2.64319
2.62654
2.61
2.59417
2.5791
2.5666
2.55549
2.54667
2.53725
2.52712
2.51402
2.49861
2.47964
2.45915
2.43602
2.41305
2.38883
2.36593
2.34297
2.32158
2.30087
2.28137
2.26265
2.24468
2.22717
2.21011
2.1932
2.17661
2.16013
2.14403
2.12825
2.11297
2.0983
2.08427
2.071
2.05819
2.04589
2.03368
2.02159
2.00932
1.99668
1.98367
1.96973
1.95517
1.93957
1.92341
1.90647
1.88926
1.87161
1.85423
1.83671
1.82001
1.80347
1.78817
1.7733
1.76003
1.74757
1.73715
1.72813
1.7219
1.71885
1.71893
1.72007
1.72373
1.7324
1.74729
1.76696
1.78731
1.80646
1.82282
1.83772
1.85202
1.86815
1.8872
1.90952
1.93316
1.95622
1.97597
1.99167
2.00268
2.01018
2.01471
2.01764
2.01928
2.02034
2.02086
2.02098
2.02102
2.02107
2.01958
1.46592
2.10125
2.82351
2.83044
2.7751
2.71663
2.68836
2.67689
2.6694
2.65921
2.64493
2.62812
2.61204
2.59786
2.58441
2.57197
2.56136
2.55294
2.5456
2.5373
2.52618
2.5117
2.49328
2.4728
2.44986
2.42721
2.4038
2.38188
2.36025
2.34
2.32057
2.30182
2.28395
2.26607
2.2489
2.23143
2.21446
2.1973
2.18059
2.16401
2.14802
2.13245
2.1176
2.10329
2.08966
2.0765
2.06369
2.05115
2.03836
2.0257
2.01207
1.99857
1.98354
1.96873
1.95233
1.93609
1.91881
1.90147
1.88399
1.86624
1.8493
1.83191
1.81612
1.79987
1.78557
1.77124
1.75861
1.74705
1.73662
1.72883
1.72248
1.7206
1.72094
1.72261
1.72702
1.73672
1.75465
1.7774
1.80359
1.82964
1.85624
1.88201
1.90922
1.93689
1.96436
1.98883
2.00928
2.0244
2.03513
2.04198
2.04659
2.04943
2.05156
2.05286
2.05392
2.05443
2.05474
2.05478
2.0548
2.05335
1.46174
2.09364
2.83257
2.83213
2.7737
2.71396
2.68599
2.67599
2.66947
2.6595
2.64501
2.62826
2.61177
2.59796
2.58544
2.57328
2.56258
2.55372
2.54735
2.53959
2.53032
2.51587
2.4988
2.47766
2.45586
2.43283
2.41054
2.38874
2.36783
2.34787
2.32854
2.30996
2.2919
2.27414
2.25682
2.23944
2.2224
2.20525
2.18844
2.17172
2.15555
2.13967
2.12467
2.10998
2.09636
2.08281
2.07023
2.05727
2.04491
2.03177
2.01859
2.00464
1.98987
1.9748
1.95827
1.94216
1.9243
1.90752
1.88916
1.87222
1.85433
1.83769
1.82117
1.80517
1.79073
1.77575
1.76365
1.75043
1.74078
1.73046
1.72408
1.71889
1.71885
1.71964
1.72238
1.7288
1.74257
1.76427
1.79389
1.82807
1.86604
1.90444
1.94216
1.9761
2.00511
2.02728
2.04362
2.05457
2.0622
2.06708
2.07072
2.07311
2.07505
2.07623
2.07722
2.07762
2.07788
2.07793
2.07803
2.07664
1.45758
2.0907
2.83769
2.83383
2.77239
2.71246
2.68474
2.67543
2.66936
2.65947
2.64486
2.62806
2.61155
2.59768
2.58551
2.57362
2.56284
2.55374
2.54757
2.5401
2.53154
2.51718
2.50059
2.47912
2.45769
2.43438
2.41252
2.3907
2.37005
2.3501
2.33075
2.31212
2.29389
2.27607
2.25865
2.24128
2.22422
2.2071
2.19025
2.17349
2.15722
2.14123
2.12611
2.1113
2.09764
2.084
2.07152
2.05848
2.04636
2.03309
2.02028
2.00608
1.99172
1.97637
1.96016
1.94385
1.92613
1.90932
1.89089
1.87412
1.85589
1.83971
1.82253
1.80721
1.79191
1.77754
1.76475
1.75167
1.74157
1.73084
1.72382
1.71745
1.71645
1.71699
1.71912
1.72422
1.7356
1.75484
1.78513
1.82425
1.8703
1.91789
1.96243
1.999
2.02705
2.04668
2.06027
2.06902
2.07519
2.07924
2.0825
2.0847
2.08662
2.08779
2.08881
2.08927
2.08952
2.08958
2.08967
2.08829
)
;

boundaryField
{
    inlet
    {
        type            fixedValue;
        value           uniform 1;
    }
    outlet
    {
        type            zeroGradient;
    }
    bottom
    {
        type            symmetryPlane;
    }
    top
    {
        type            symmetryPlane;
    }
    obstacle
    {
        type            zeroGradient;
    }
    defaultFaces
    {
        type            empty;
    }
}


// ************************************************************************* //
