/*--------------------------------*- C++ -*----------------------------------*\
  =========                 |
  \\      /  F ield         | OpenFOAM: The Open Source CFD Toolbox
   \\    /   O peration     | Website:  https://openfoam.org
    \\  /    A nd           | Version:  10
     \\/     M anipulation  |
\*---------------------------------------------------------------------------*/
FoamFile
{
    format      ascii;
    class       volScalarField;
    location    "2.5";
    object      Ma;
}
// * * * * * * * * * * * * * * * * * * * * * * * * * * * * * * * * * * * * * //

dimensions      [0 0 0 0 0 0 0];

internalField   nonuniform List<scalar> 
5250
(
3
2.99997
2.99993
2.99977
2.9995
2.99855
2.99686
2.99129
2.98019
2.94793
2.87451
2.68178
2.23812
1.38596
0.55875
0.235226
0.3152
0.336762
0.300119
0.242498
0.192125
0.153
0.114144
0.0713137
0.0410397
3
2.99998
2.99992
2.9998
2.99944
2.99874
2.99652
2.99227
2.97889
2.95144
2.87356
2.69007
2.24914
1.40547
0.568894
0.237945
0.318787
0.341488
0.305807
0.249658
0.200493
0.162189
0.124547
0.0855309
0.0630157
3
2.99998
2.99993
2.99979
2.99951
2.99865
2.997
2.9917
2.98145
2.95036
2.88201
2.69855
2.27687
1.44935
0.592575
0.247607
0.328819
0.353683
0.319808
0.26623
0.219112
0.182897
0.148703
0.116561
0.101038
3
2.99998
2.99993
2.99981
2.99952
2.99879
2.99696
2.9927
2.98126
2.95523
2.88585
2.71852
2.31394
1.51753
0.629174
0.266071
0.346436
0.374035
0.342347
0.291578
0.24647
0.212567
0.182062
0.155618
0.143889
3
2.99998
2.99994
2.99982
2.99956
2.99884
2.99731
2.9928
2.98361
2.9565
2.89701
2.73676
2.36471
1.60738
0.679408
0.297215
0.372948
0.401644
0.371375
0.322973
0.279653
0.248233
0.221481
0.199624
0.190495
3
2.99998
2.99994
2.99984
2.99956
2.999
2.99733
2.99376
2.98403
2.96127
2.90317
2.75951
2.41277
1.69844
0.732653
0.326732
0.397146
0.425655
0.398283
0.354754
0.315635
0.288106
0.266115
0.249292
0.24334
3
2.99998
2.99995
2.99984
2.99963
2.99901
2.99763
2.99408
2.98535
2.96413
2.91034
2.77792
2.45373
1.77425
0.792313
0.360492
0.4186
0.44246
0.421194
0.386054
0.353488
0.331972
0.316295
0.306013
0.305427
3
2.99999
2.99995
2.99987
2.99962
2.99915
2.99771
2.99473
2.98629
2.96728
2.91718
2.79587
2.4954
1.85323
0.872051
0.413702
0.438206
0.452839
0.44358
0.418521
0.393563
0.379523
0.372657
0.371894
0.382592
3
2.99999
2.99996
2.99987
2.9997
2.99914
2.99812
2.99482
2.98821
2.96909
2.92628
2.81266
2.53997
1.94091
0.973028
0.478571
0.453955
0.467164
0.46835
0.452261
0.43664
0.431554
0.435483
0.450647
0.485464
3
2.99999
2.99996
2.99989
2.9997
2.99931
2.99811
2.99582
2.98846
2.97407
2.9314
2.83522
2.5848
2.03647
1.09716
0.553921
0.471089
0.485985
0.495622
0.488341
0.482643
0.487304
0.507602
0.55364
0.66049
3
2.99999
2.99997
2.9999
2.99975
2.99935
2.99848
2.99596
2.99079
2.97545
2.94283
2.85242
2.63862
2.14093
1.25006
0.642108
0.491814
0.508886
0.525179
0.525949
0.529163
0.546054
0.588527
0.677175
0.851542
3
2.99999
2.99997
2.99992
2.99979
2.99946
2.99865
2.99674
2.99167
2.98028
2.94925
2.87751
2.69033
2.26084
1.43686
0.74498
0.523567
0.540517
0.559471
0.566199
0.576831
0.60551
0.66566
0.777176
0.964358
3
3
2.99998
2.99994
2.99982
2.99957
2.99885
2.99738
2.99297
2.98407
2.95783
2.9005
2.74648
2.39037
1.66559
0.864961
0.576267
0.58701
0.60188
0.61198
0.627007
0.66261
0.729563
0.841213
1.00422
3
3
2.99998
2.99995
2.99985
2.99965
2.99906
2.99789
2.99424
2.98717
2.96565
2.91997
2.79534
2.50545
1.88337
0.994676
0.639582
0.634458
0.646548
0.660815
0.678443
0.715536
0.780199
0.880833
1.01937
3.00001
3
2.99999
2.99996
2.99989
2.99969
2.9993
2.99807
2.9958
2.98835
2.97402
2.93136
2.83578
2.58834
2.05057
1.15554
0.718752
0.670009
0.684212
0.702193
0.724497
0.762066
0.821564
0.909427
1.02795
3.00001
3
2.99999
2.99997
2.99991
2.99978
2.99938
2.99862
2.99618
2.99163
2.97718
2.94761
2.86446
2.66968
2.21206
1.37857
0.829351
0.701934
0.71402
0.734756
0.76279
0.801409
0.856743
0.932959
1.03418
3.00001
3
3
2.99997
2.99994
2.99981
2.99956
2.99882
2.99726
2.99299
2.98309
2.95798
2.89642
2.74282
2.37836
1.65216
0.965936
0.749699
0.748248
0.766975
0.797332
0.835632
0.887293
0.955018
1.04135
3.00001
3
3
2.99998
2.99995
2.99986
2.99967
2.99909
2.99801
2.99446
2.98789
2.96739
2.92448
2.80731
2.53663
1.95045
1.13194
0.819386
0.79193
0.80565
0.833083
0.869077
0.91543
0.975398
1.05046
3.00001
3
3
2.99999
2.99997
2.99989
2.99975
2.99931
2.99845
2.99591
2.99047
2.97573
2.94156
2.85399
2.64151
2.1619
1.33587
0.906769
0.829603
0.840489
0.865154
0.899935
0.942155
0.995197
1.06026
3.00001
3.00001
3
2.99999
2.99997
2.99993
2.9998
2.99952
2.99879
2.99704
2.99282
2.9819
2.9568
2.89075
2.73346
2.35627
1.62374
1.04152
0.87702
0.874771
0.893196
0.92637
0.967267
1.01525
1.07216
3.00001
3.00001
3
3
2.99998
2.99994
2.99987
2.99963
2.99919
2.99777
2.99505
2.98693
2.96971
2.92304
2.8143
2.54676
1.97814
1.22136
0.94847
0.916328
0.927254
0.954972
0.99311
1.03571
1.08577
3.00001
3.00001
3
3
2.99999
2.99997
2.9999
2.99976
2.99937
2.9985
2.99626
2.99085
2.9778
2.94471
2.86567
2.66758
2.22386
1.44632
1.03805
0.955339
0.960999
0.983561
1.01824
1.05676
1.10089
3.00001
3.00001
3.00001
3
3
2.99998
2.99993
2.99983
2.99956
2.99896
2.99727
2.99386
2.98355
2.96275
2.90317
2.76848
2.43682
1.7748
1.18407
1.00949
0.997078
1.01147
1.0406
1.07759
1.11755
3.00001
3.00001
3.00001
3
3
2.99999
2.99996
2.99988
2.99971
2.99927
2.99818
2.99571
2.98898
2.97453
2.93465
2.84476
2.61716
2.12255
1.38982
1.09014
1.03775
1.04404
1.06586
1.0986
1.1359
3.00001
3.00001
3.00001
3.00001
3
2.99999
2.99997
2.99992
2.99981
2.99949
2.99879
2.997
2.99267
2.98235
2.95585
2.89396
2.73665
2.37722
1.68601
1.21426
1.08578
1.07722
1.08935
1.11717
1.1534
3.00001
3.00001
3.00001
3.00001
3
3
2.99999
2.99995
2.99988
2.99965
2.99925
2.99794
2.99545
2.988
2.97241
2.93011
2.83292
2.59387
2.0778
1.40483
1.15678
1.11556
1.1198
1.14058
1.17064
3.00001
3.00001
3.00001
3.00001
3.00001
3
2.99999
2.99997
2.99992
2.99978
2.99948
2.9987
2.99685
2.99237
2.98111
2.95484
2.88778
2.72861
2.35571
1.6758
1.26423
1.15872
1.15064
1.16121
1.18605
3.00001
3.00001
3.00001
3.00001
3.00001
3
3
2.99998
2.99995
2.99986
2.99968
2.99914
2.99812
2.99485
2.98885
2.97024
2.93219
2.82864
2.59557
2.07965
1.44921
1.22336
1.18651
1.18871
1.20734
3.00001
3.00001
3.00001
3.00001
3.00001
3
3
2.99999
2.99997
2.99991
2.9998
2.99945
2.9988
2.99669
2.99286
2.98073
2.95657
2.88877
2.73569
2.37085
1.71427
1.32478
1.22656
1.21715
1.22683
3.00001
3.00001
3.00001
3.00001
3.00001
3.00001
3
3
2.99998
2.99995
2.99987
2.99968
2.9992
2.99812
2.99519
2.98905
2.97174
2.93495
2.83669
2.61508
2.12124
1.5138
1.29117
1.25266
1.2534
3.00001
3.00001
3.00001
3.00001
3.00001
3.00001
3.00001
3
2.99999
2.99997
2.99993
2.99979
2.99952
2.99879
2.99708
2.99297
2.9826
2.95882
2.89755
2.75501
2.41655
1.79513
1.39784
1.29324
1.28085
3.00001
3.00001
3.00001
3.00001
3.00001
3.00001
3.00001
3
3
2.99999
2.99996
2.99988
2.99972
2.99924
2.99833
2.9955
2.99027
2.97393
2.94156
2.85157
2.65187
2.19663
1.601
1.36545
1.3191
3.00001
3.00001
3.00001
3.00001
3.00001
3.00001
3.00001
3.00001
3
3
2.99997
2.99994
2.99982
2.99958
2.99892
2.99744
2.9938
2.98479
2.96395
2.9107
2.78721
2.49119
1.92251
1.49119
1.36318
3.00001
3.00001
3.00001
3.00001
3.00001
3.00001
3.00001
3.00001
3
3
2.99999
2.99996
2.9999
2.99975
2.99935
2.99856
2.99614
2.99166
2.97759
2.95027
2.87292
2.70271
2.30372
1.71965
1.45022
3.00001
3.00001
3.00001
3.00001
3.00001
3.00001
3.00001
3.00001
3.00001
3
3
2.99998
2.99995
2.99985
2.99965
2.99912
2.9979
2.99493
2.98764
2.97087
2.92794
2.82995
2.59174
2.10307
1.61247
3.00001
3.00001
3.00001
3.00001
3.00001
3.00001
3.00001
3.00001
3.00001
3
3
2.99999
2.99997
2.99992
2.99981
2.99947
2.99885
2.99693
2.99317
2.98251
2.95949
2.89987
2.76218
2.43915
1.88138
3.00001
3.00001
3.00001
3.00001
3.00001
3.00001
3.00001
3.00001
3.00001
3.00001
3
3
2.99999
2.99996
2.99989
2.99972
2.99932
2.99833
2.99612
2.99018
2.9778
2.94339
2.86988
2.68306
2.28115
3.00001
3.00001
3.00001
3.00001
3.00001
3.00001
3.00001
3.00001
3.00001
3.00001
3.00001
3
3
2.99998
2.99994
2.99985
2.99961
2.99912
2.99766
2.99496
2.9865
2.97045
2.92406
2.8248
2.57821
3.00001
3.00001
3.00001
3.00001
3.00001
3.00001
3.00001
3.00001
3.00001
3.00001
3.00001
3
3
2.99999
2.99997
2.99991
2.9998
2.99946
2.99883
2.99691
2.99311
2.98255
2.95956
2.90077
2.76553
3.00001
3.00001
3.00001
3.00001
3.00001
3.00001
3.00001
3.00001
3.00001
3.00001
3.00001
3.00001
3
3
2.99999
2.99996
2.99988
2.99974
2.99931
2.99844
2.99609
2.99085
2.97799
2.94716
2.87441
3.00001
3.00001
3.00001
3.00001
3.00001
3.00001
3.00001
3.00001
3.00001
3.00001
3.00001
3.00001
3.00001
3
3
2.99998
2.99995
2.99985
2.99966
2.99911
2.99798
2.99501
2.98825
2.97191
2.93241
3.00001
3.00001
3.00001
3.00001
3.00001
3.00001
3.00001
3.00001
3.00001
3.00001
3.00001
3.00001
3.00001
3.00001
3
2.99999
2.99997
2.99992
2.99982
2.99952
2.99895
2.99721
2.99395
2.98435
2.96468
3.00001
3.00001
3.00001
3.00001
3.00001
3.00001
3.00001
3.00001
3.00001
3.00001
3.00001
3.00001
3.00001
3.00001
3
3
2.99999
2.99997
2.9999
2.99977
2.99939
2.99868
2.99652
2.99236
2.98052
3.00001
3.00001
3.00001
3.00001
3.00001
3.00001
3.00001
3.00001
3.00001
3.00001
3.00001
3.00001
3.00001
3.00001
3.00001
3
3
2.99998
2.99996
2.99987
2.99972
2.99924
2.99837
2.99573
2.99066
3.00001
3.00001
3.00001
3.00001
3.00001
3.00001
3.00001
3.00001
3.00001
3.00001
3.00001
3.00001
3.00001
3.00001
3.00001
3.00001
3
3
2.99998
2.99994
2.99984
2.99964
2.99911
2.99789
2.99503
3.00001
3.00001
3.00001
3.00001
3.00001
3.00001
3.00001
3.00001
3.00001
3.00001
3.00001
3.00001
3.00001
3.00001
3.00001
3.00001
3.00001
3
2.99999
2.99997
2.99992
2.99982
2.99952
2.99897
2.99728
3.00001
3.00001
3.00001
3.00001
3.00001
3.00001
3.00001
3.00001
3.00001
3.00001
3.00001
3.00001
3.00001
3.00001
3.00001
3.00001
3.00001
3
3
2.99999
2.99997
2.9999
2.99978
2.99941
2.99874
3.00001
3.00001
3.00001
3.00001
3.00001
3.00001
3.00001
3.00001
3.00001
3.00001
3.00001
3.00001
3.00001
3.00001
3.00001
3.00001
3.00001
3.00001
3
3
2.99998
2.99996
2.99987
2.99972
2.99926
3.00001
3.00001
3.00001
3.00001
3.00001
3.00001
3.00001
3.00001
3.00001
3.00001
3.00001
3.00001
3.00001
3.00001
3.00001
3.00001
3.00001
3.00001
3.00001
3
2.99999
2.99998
2.99993
2.99983
2.99954
3.00001
3.00001
3.00001
3.00001
3.00001
3.00001
3.00001
3.00001
3.00001
3.00001
3.00001
3.00001
3.00001
3.00001
3.00001
3.00001
3.00001
3.00001
3.00001
3
3
2.99998
2.99995
2.99986
2.99965
1.12654
1.33145
1.39352
1.35277
1.27674
1.18457
1.10023
1.05928
1.05273
1.05542
1.05836
1.05871
1.05726
1.05477
1.05171
1.04971
1.0499
1.05097
1.0522
1.05386
1.05579
1.05763
1.05956
1.06176
1.06426
1.06688
1.06942
1.07109
1.072
1.07201
1.06971
1.06181
1.04109
0.991577
0.87911
0.636197
0.27851
0.108228
0.141961
0.187266
0.221054
0.203669
0.155286
0.103113
0.055322
0.0412744
0.0812739
0.124951
0.167279
0.206894
0.243901
0.277767
0.310051
0.3427
0.37565
0.407272
0.437878
0.467026
0.495611
0.523028
0.550093
0.576111
0.601835
0.626654
0.651327
0.675135
0.698877
0.721671
0.74445
0.766198
0.787984
0.808711
0.829541
0.84933
0.869294
0.88821
0.907382
0.92545
0.943852
0.961082
0.978737
0.995175
1.01213
1.02786
1.04418
1.05925
1.07501
1.08953
1.10484
1.11885
1.13383
1.14753
1.1623
1.17567
1.19013
1.20295
1.21663
1.22791
1.23838
1.24429
1.13847
1.25586
1.32026
1.36296
1.40722
1.44184
1.45076
1.44603
1.42909
1.40528
1.38819
1.38287
1.38364
1.38549
1.387
1.38744
1.38762
1.38736
1.38725
1.38786
1.38862
1.38975
1.39146
1.39349
1.39545
1.39738
1.39916
1.40043
1.40095
1.40078
1.39847
1.39137
1.37346
1.3312
1.23555
1.02679
0.670788
0.403245
0.288386
0.217181
0.174893
0.167377
0.199629
0.242138
0.284584
0.323106
0.359916
0.395966
0.431346
0.465412
0.498078
0.528292
0.557294
0.585961
0.615294
0.643699
0.671279
0.69763
0.72351
0.748505
0.773178
0.796836
0.820288
0.842755
0.865277
0.886809
0.908584
0.929235
0.950257
0.969991
0.990267
1.00915
1.02874
1.04687
1.0658
1.08323
1.10151
1.11826
1.13589
1.15198
1.16898
1.18443
1.20079
1.21567
1.23145
1.24586
1.26116
1.27519
1.29006
1.30373
1.31814
1.33137
1.34526
1.35806
1.37146
1.38372
1.39629
1.40709
1.41674
1.42189
1.13548
1.24321
1.34004
1.43318
1.51978
1.58821
1.62041
1.62248
1.61738
1.60219
1.58225
1.5664
1.558
1.5553
1.55589
1.55663
1.55759
1.55823
1.55865
1.55906
1.55952
1.56012
1.56099
1.56225
1.56388
1.56559
1.56711
1.56841
1.56888
1.56876
1.56731
1.5625
1.55005
1.51993
1.45026
1.29578
0.993051
0.689613
0.543758
0.459724
0.423845
0.430273
0.464163
0.502121
0.537749
0.568053
0.596097
0.623232
0.651375
0.678698
0.706171
0.731539
0.756344
0.780241
0.805334
0.829347
0.853104
0.875226
0.897497
0.918365
0.93975
0.959765
0.98048
0.99967
1.01967
1.03811
1.05743
1.0752
1.09377
1.11078
1.12863
1.14498
1.16233
1.17825
1.19527
1.21086
1.22753
1.24272
1.25898
1.27373
1.28956
1.30389
1.31937
1.33331
1.34841
1.36194
1.37658
1.38967
1.40385
1.41658
1.43035
1.44271
1.45608
1.46799
1.48094
1.49231
1.50457
1.51464
1.5244
1.52922
1.14186
1.24975
1.3495
1.44096
1.52249
1.59021
1.64313
1.68163
1.70219
1.70717
1.70529
1.69743
1.68556
1.67452
1.66866
1.66685
1.66761
1.66879
1.6706
1.67227
1.67329
1.6739
1.67442
1.67512
1.67625
1.67773
1.67969
1.68153
1.6824
1.68251
1.68184
1.67885
1.67056
1.65017
1.6023
1.49523
1.26234
0.940787
0.716129
0.608296
0.586003
0.603514
0.647619
0.692878
0.730829
0.762344
0.787771
0.808614
0.830336
0.85201
0.874694
0.895912
0.916646
0.935454
0.955532
0.974716
0.994566
1.01268
1.03141
1.04846
1.0662
1.08242
1.09947
1.11508
1.13163
1.14679
1.16306
1.17799
1.19407
1.20874
1.22449
1.23872
1.25404
1.26786
1.28288
1.29647
1.31137
1.32479
1.33957
1.35287
1.36756
1.38067
1.39513
1.40791
1.42211
1.43457
1.44852
1.46068
1.4744
1.48628
1.49981
1.51143
1.52477
1.53607
1.54918
1.56001
1.57262
1.58238
1.59282
1.59773
1.14413
1.249
1.34477
1.43251
1.5123
1.58425
1.64752
1.70112
1.74282
1.76973
1.77991
1.78007
1.77771
1.77073
1.76171
1.75404
1.74938
1.74722
1.74744
1.74798
1.74893
1.75026
1.75135
1.75229
1.75311
1.75381
1.75473
1.75581
1.75672
1.7569
1.75654
1.7546
1.74894
1.73477
1.70111
1.62438
1.45753
1.14434
0.831473
0.687451
0.674304
0.702335
0.764434
0.827926
0.876485
0.91313
0.942926
0.965531
0.982742
0.997186
1.01258
1.02768
1.04367
1.0575
1.07172
1.08531
1.1006
1.11491
1.12995
1.14348
1.15783
1.17095
1.18508
1.19794
1.21181
1.22446
1.23829
1.25093
1.26479
1.27735
1.29111
1.30349
1.31715
1.32945
1.34316
1.35548
1.36933
1.38171
1.39557
1.40777
1.42149
1.43349
1.44713
1.45897
1.47251
1.48414
1.49755
1.50895
1.52225
1.53345
1.54667
1.55772
1.57084
1.58177
1.59469
1.60543
1.61788
1.62786
1.63836
1.64381
1.14098
1.24122
1.33334
1.41807
1.4959
1.56692
1.63084
1.68736
1.7353
1.77474
1.80512
1.8246
1.83271
1.83308
1.83144
1.8263
1.8191
1.81223
1.80778
1.8058
1.80612
1.80678
1.80804
1.80999
1.81195
1.81339
1.81483
1.81595
1.81682
1.81701
1.8167
1.81516
1.81064
1.79933
1.7728
1.71231
1.58191
1.31495
0.947269
0.735871
0.727596
0.773363
0.854667
0.934924
0.995631
1.03968
1.06993
1.09168
1.10789
1.11899
1.1263
1.13266
1.14
1.14791
1.157
1.16538
1.17559
1.18598
1.19768
1.20843
1.22019
1.23092
1.24276
1.25357
1.26566
1.27681
1.2894
1.30093
1.31376
1.32533
1.33812
1.34956
1.36232
1.37372
1.38663
1.39817
1.41122
1.42274
1.43583
1.44727
1.46036
1.4717
1.48482
1.4961
1.50926
1.52043
1.53355
1.5446
1.55762
1.56858
1.58149
1.59242
1.60523
1.61616
1.62881
1.63966
1.65192
1.6622
1.67268
1.6786
1.13649
1.23002
1.31791
1.39929
1.4751
1.54476
1.60913
1.66734
1.71996
1.76607
1.80539
1.83742
1.86047
1.87395
1.87882
1.8788
1.87722
1.87294
1.8674
1.86258
1.85955
1.85828
1.85846
1.85885
1.85966
1.86087
1.86234
1.86368
1.86427
1.86429
1.86384
1.86211
1.85745
1.84638
1.82123
1.76571
1.64967
1.42465
1.11081
0.877216
0.857598
0.898926
0.955996
1.02206
1.07956
1.12382
1.15618
1.17716
1.19057
1.19941
1.20549
1.20877
1.21036
1.21275
1.21676
1.22206
1.22819
1.23493
1.24412
1.25345
1.26413
1.27395
1.2849
1.29483
1.30605
1.31627
1.32794
1.33852
1.35047
1.3612
1.37332
1.38414
1.39647
1.40747
1.42001
1.43108
1.44376
1.45483
1.46758
1.47858
1.49133
1.50225
1.51502
1.5259
1.53867
1.54954
1.56223
1.57306
1.58561
1.59639
1.60881
1.61958
1.63191
1.64272
1.65492
1.66569
1.67761
1.68785
1.69824
1.70421
1.13449
1.21986
1.30241
1.38026
1.45325
1.52143
1.58465
1.64329
1.69676
1.74548
1.78855
1.82604
1.85722
1.88233
1.90007
1.91046
1.91432
1.91426
1.91285
1.90909
1.9041
1.8994
1.8962
1.895
1.89536
1.89607
1.89747
1.89939
1.90029
1.90028
1.89954
1.89695
1.89026
1.87472
1.84046
1.76819
1.62672
1.42569
1.24465
1.08562
0.998813
0.993393
1.01831
1.05485
1.10129
1.14419
1.18417
1.2143
1.23507
1.24826
1.25663
1.26235
1.26615
1.26776
1.26857
1.27051
1.27401
1.27832
1.28383
1.29061
1.29986
1.30896
1.31956
1.32909
1.33993
1.34966
1.36079
1.37078
1.38219
1.39241
1.40415
1.41467
1.42671
1.43736
1.4496
1.46034
1.47274
1.48349
1.49593
1.50661
1.51905
1.52967
1.54215
1.55277
1.56527
1.57591
1.58834
1.59893
1.61124
1.62175
1.63396
1.64442
1.65657
1.66705
1.67913
1.68957
1.70144
1.71136
1.72181
1.7275
1.13443
1.21169
1.28824
1.36188
1.43175
1.49766
1.55946
1.61725
1.67092
1.72041
1.76572
1.80654
1.84287
1.87411
1.90002
1.92039
1.93421
1.94177
1.94426
1.9441
1.94284
1.93968
1.93591
1.93273
1.93061
1.92959
1.9295
1.92978
1.92987
1.92946
1.92767
1.92271
1.91077
1.88397
1.82662
1.70914
1.53055
1.39258
1.31719
1.24621
1.1681
1.10873
1.09055
1.10273
1.12518
1.1573
1.19448
1.22628
1.25482
1.27648
1.29144
1.30122
1.30796
1.31248
1.31538
1.31663
1.31763
1.31993
1.32345
1.32752
1.33347
1.34088
1.3509
1.36012
1.37074
1.38014
1.39089
1.40039
1.41136
1.42113
1.4325
1.44256
1.45426
1.46456
1.47654
1.48698
1.49914
1.50963
1.52188
1.53236
1.54463
1.55506
1.56732
1.57773
1.58996
1.60039
1.61256
1.62295
1.63507
1.64537
1.65743
1.66766
1.67962
1.68981
1.70169
1.71178
1.7235
1.73312
1.74355
1.74904
1.13724
1.20668
1.27699
1.34596
1.41222
1.47548
1.53526
1.59171
1.64462
1.69413
1.74
1.78236
1.82085
1.85554
1.88593
1.9119
1.93301
1.94968
1.96073
1.96681
1.9687
1.9685
1.96728
1.96438
1.96063
1.95728
1.95496
1.95378
1.95285
1.95079
1.94614
1.93578
1.91308
1.86468
1.76282
1.59535
1.44677
1.38143
1.358
1.33641
1.30391
1.25937
1.21442
1.18684
1.18028
1.1931
1.21071
1.23514
1.26366
1.28739
1.30938
1.32692
1.33902
1.34706
1.35331
1.35719
1.35962
1.36129
1.36314
1.36584
1.36936
1.37375
1.38065
1.3886
1.39873
1.40803
1.41875
1.42801
1.43875
1.44815
1.45914
1.46873
1.48001
1.48983
1.50144
1.51151
1.52342
1.53364
1.54566
1.55589
1.56789
1.57809
1.59007
1.60035
1.61237
1.62272
1.63471
1.64494
1.65681
1.66686
1.67863
1.68863
1.7004
1.71043
1.72223
1.7322
1.74386
1.75334
1.76376
1.76917
1.1428
1.20493
1.26891
1.33282
1.39525
1.45531
1.51282
1.56738
1.61905
1.66779
1.71348
1.75625
1.79583
1.83237
1.86549
1.89528
1.92127
1.94342
1.96123
1.97507
1.98405
1.98889
1.99019
1.98996
1.98882
1.98633
1.98295
1.97928
1.97544
1.97021
1.96033
1.93976
1.89695
1.80747
1.65054
1.4852
1.40414
1.38429
1.38346
1.38423
1.3797
1.36681
1.34357
1.31283
1.28102
1.26126
1.2559
1.26593
1.27939
1.29828
1.32119
1.33986
1.35738
1.37177
1.38244
1.38978
1.39588
1.39971
1.40212
1.40417
1.40647
1.40915
1.41282
1.4181
1.4264
1.43521
1.44576
1.45494
1.46556
1.47464
1.48529
1.49443
1.50532
1.51472
1.526
1.53574
1.54735
1.55731
1.56906
1.57908
1.59081
1.60081
1.61245
1.62246
1.6341
1.64418
1.65589
1.66598
1.6777
1.68768
1.69931
1.70917
1.72075
1.73059
1.74221
1.75201
1.76354
1.77287
1.78323
1.78851
1.15164
1.2067
1.2647
1.32332
1.38142
1.43828
1.49289
1.5457
1.59562
1.64346
1.68839
1.73108
1.77095
1.80838
1.84297
1.87487
1.9037
1.92951
1.95181
1.97071
1.98566
1.99726
2.00463
2.00835
2.00887
2.00829
2.00637
2.00206
1.99515
1.98466
1.96545
1.92668
1.84843
1.70235
1.52585
1.42394
1.39655
1.39631
1.40416
1.4142
1.42355
1.42928
1.42896
1.4197
1.39995
1.3734
1.34657
1.32926
1.32269
1.32924
1.33935
1.35342
1.37195
1.38834
1.40299
1.41521
1.42525
1.43227
1.43794
1.44176
1.44436
1.44654
1.44921
1.45245
1.45761
1.46425
1.47361
1.48214
1.49238
1.50113
1.51153
1.52038
1.53097
1.54001
1.55092
1.56031
1.57156
1.58116
1.59246
1.60207
1.61333
1.62304
1.63439
1.64429
1.65579
1.66578
1.67734
1.68724
1.69874
1.70849
1.7199
1.72952
1.7409
1.75048
1.76189
1.77145
1.78286
1.79201
1.80237
1.80755
1.1623
1.21142
1.2634
1.31709
1.37061
1.42376
1.4755
1.52569
1.57405
1.62032
1.66456
1.7065
1.74635
1.7838
1.81915
1.85197
1.88263
1.91048
1.93603
1.95833
1.9781
1.9941
2.00725
2.01652
2.02193
2.0227
2.02162
2.01808
2.00986
1.99274
1.95813
1.88908
1.75579
1.57435
1.44879
1.40632
1.40225
1.41086
1.42292
1.43825
1.45599
1.47144
1.48137
1.48526
1.48453
1.47542
1.45705
1.43444
1.41139
1.39464
1.38696
1.3888
1.39639
1.40653
1.42017
1.43462
1.44762
1.45824
1.46767
1.47476
1.48045
1.48418
1.48683
1.48914
1.49219
1.49643
1.50301
1.51014
1.51945
1.52781
1.53804
1.54679
1.55726
1.56608
1.57658
1.58547
1.59617
1.60541
1.61644
1.62595
1.63707
1.6466
1.65769
1.66724
1.67843
1.6881
1.69943
1.7091
1.72042
1.72989
1.7411
1.75042
1.76161
1.77091
1.78217
1.79144
1.80272
1.81156
1.82185
1.82687
1.17548
1.21898
1.26524
1.31387
1.36352
1.41281
1.46162
1.50923
1.5555
1.60016
1.64317
1.68423
1.7236
1.76087
1.79639
1.82962
1.86122
1.89015
1.9176
1.94195
1.96465
1.98401
2.00121
2.0147
2.02477
2.02819
2.02703
2.02235
2.01024
1.98307
1.92606
1.81131
1.63141
1.48281
1.42165
1.41063
1.4181
1.43004
1.44529
1.46394
1.48422
1.5027
1.51836
1.53012
1.53761
1.54177
1.54136
1.53368
1.51801
1.49831
1.4771
1.45925
1.44861
1.4448
1.44998
1.45694
1.46682
1.47901
1.49143
1.50116
1.50993
1.51647
1.5219
1.5255
1.5284
1.53123
1.53552
1.54085
1.54836
1.55566
1.56497
1.57306
1.58303
1.59165
1.60211
1.61101
1.62161
1.63055
1.64118
1.6502
1.6609
1.67004
1.68084
1.69007
1.701
1.71035
1.7215
1.73091
1.74218
1.75147
1.76262
1.77168
1.78268
1.79165
1.80273
1.81171
1.82286
1.8315
1.84168
1.84656
1.1893
1.22784
1.26946
1.31336
1.3587
1.40487
1.4504
1.4956
1.53962
1.58248
1.62397
1.66413
1.70245
1.73951
1.77461
1.80805
1.83999
1.86952
1.89805
1.92371
1.94831
1.96987
1.98992
2.00629
2.01945
2.02372
2.02175
2.01423
1.99442
1.94943
1.85336
1.68851
1.52601
1.44436
1.42307
1.42779
1.43971
1.45439
1.47232
1.49255
1.51215
1.53058
1.54758
1.56321
1.57685
1.58763
1.59485
1.59878
1.5989
1.59316
1.57998
1.56218
1.5423
1.52346
1.50882
1.50124
1.49995
1.50518
1.51171
1.52035
1.532
1.54201
1.55086
1.55753
1.56331
1.56676
1.57
1.57353
1.57862
1.58439
1.59231
1.59971
1.60923
1.61739
1.62743
1.63599
1.64635
1.6551
1.66554
1.67428
1.68471
1.6935
1.70405
1.71295
1.72368
1.73269
1.74361
1.75269
1.76374
1.77286
1.78391
1.79288
1.80377
1.81256
1.82341
1.83217
1.84307
1.85157
1.8617
1.86654
1.20386
1.23888
1.27645
1.31625
1.35749
1.40002
1.44306
1.48524
1.52736
1.5683
1.60796
1.647
1.684
1.72027
1.75479
1.78788
1.81984
1.84965
1.87869
1.90514
1.931
1.95379
1.9757
1.99373
2.00728
2.00934
2.0053
1.99203
1.95813
1.88217
1.73505
1.5646
1.4671
1.43764
1.43898
1.44988
1.46489
1.48259
1.50283
1.52202
1.54022
1.55758
1.57473
1.59117
1.60669
1.62094
1.63346
1.64393
1.65143
1.65621
1.65722
1.65368
1.64275
1.62651
1.60626
1.58536
1.56719
1.55447
1.54833
1.5499
1.55461
1.56147
1.57196
1.58193
1.59128
1.59818
1.60431
1.60834
1.61257
1.61672
1.62226
1.62811
1.63596
1.64321
1.65256
1.66063
1.67067
1.67913
1.6894
1.69791
1.70815
1.71659
1.72685
1.73538
1.74587
1.75462
1.76536
1.77423
1.78506
1.79391
1.80476
1.81357
1.82435
1.83306
1.84377
1.85235
1.86305
1.87134
1.88133
1.88621
1.21907
1.25182
1.28557
1.32169
1.3596
1.39836
1.43815
1.4784
1.51719
1.55717
1.59452
1.63228
1.66837
1.70311
1.73754
1.7693
1.80157
1.83068
1.86025
1.88687
1.91325
1.93721
1.95905
1.97851
1.98741
1.98557
1.97723
1.95289
1.89396
1.76925
1.59578
1.48315
1.44681
1.44514
1.45679
1.47186
1.49176
1.5128
1.53324
1.55136
1.56855
1.58514
1.60119
1.61714
1.63284
1.64847
1.66351
1.67759
1.69029
1.70063
1.70879
1.71332
1.71504
1.71329
1.70499
1.68985
1.67015
1.64795
1.62584
1.60777
1.59649
1.59243
1.59593
1.60141
1.61003
1.62051
1.63143
1.63895
1.64551
1.64974
1.65467
1.65918
1.66518
1.67114
1.67912
1.68628
1.69556
1.70346
1.71332
1.72156
1.73164
1.73993
1.75
1.75824
1.76842
1.77682
1.78729
1.79593
1.80658
1.81525
1.82584
1.83442
1.84489
1.85341
1.86393
1.87236
1.8829
1.89103
1.90076
1.9056
1.23545
1.26616
1.29746
1.33013
1.36464
1.40061
1.43641
1.4745
1.5112
1.548
1.58497
1.61963
1.65547
1.6884
1.72204
1.75345
1.78429
1.81419
1.84219
1.87016
1.8954
1.92041
1.9415
1.95782
1.96051
1.95448
1.93628
1.89048
1.7871
1.61853
1.49199
1.44721
1.44457
1.45643
1.47396
1.49514
1.5188
1.53983
1.56014
1.57822
1.59556
1.61177
1.62797
1.64398
1.66002
1.67556
1.69097
1.70584
1.72033
1.73398
1.74643
1.75729
1.76591
1.77121
1.77348
1.7727
1.76617
1.75192
1.73237
1.70832
1.68352
1.66049
1.6435
1.63475
1.63636
1.64087
1.6486
1.65907
1.66953
1.67704
1.6844
1.68966
1.69569
1.70077
1.70747
1.71355
1.72163
1.72863
1.73767
1.74526
1.75482
1.76281
1.77271
1.78088
1.7909
1.79914
1.80933
1.81775
1.82814
1.83669
1.84709
1.85552
1.86578
1.87401
1.88424
1.89244
1.90272
1.91074
1.92034
1.92504
1.24993
1.28065
1.31057
1.34067
1.37169
1.40496
1.43829
1.47239
1.50769
1.5419
1.57662
1.61078
1.64366
1.67698
1.70796
1.73982
1.76912
1.79887
1.82668
1.85372
1.87971
1.90266
1.92322
1.93048
1.92625
1.91233
1.87627
1.78951
1.63295
1.49425
1.43862
1.43426
1.44783
1.46677
1.49134
1.51677
1.54124
1.56235
1.5828
1.60125
1.62004
1.63775
1.65485
1.67106
1.68659
1.70215
1.71734
1.73269
1.74763
1.76257
1.77689
1.79053
1.80275
1.8133
1.82147
1.82675
1.82949
1.82961
1.82503
1.81296
1.79395
1.76938
1.74023
1.71199
1.68888
1.67486
1.67454
1.67867
1.68598
1.69618
1.70682
1.71488
1.72324
1.72935
1.73613
1.74156
1.74852
1.75456
1.76245
1.76926
1.77805
1.78547
1.79489
1.80281
1.81274
1.82096
1.83104
1.8393
1.84943
1.85775
1.86796
1.87627
1.88644
1.89457
1.90459
1.91259
1.92261
1.93037
1.93984
1.94449
1.26964
1.29545
1.32464
1.35339
1.38173
1.4118
1.44297
1.47424
1.50627
1.53896
1.5711
1.60338
1.63543
1.66641
1.69762
1.72701
1.757
1.78466
1.81306
1.83879
1.86393
1.88569
1.89778
1.89672
1.88562
1.85546
1.78429
1.63812
1.48902
1.42229
1.416
1.43023
1.45186
1.47871
1.50872
1.53529
1.55953
1.58077
1.60157
1.62093
1.64074
1.6591
1.67743
1.69461
1.71136
1.72739
1.74335
1.75892
1.7745
1.7895
1.80424
1.81809
1.83153
1.84406
1.85606
1.86688
1.87588
1.88261
1.88609
1.88669
1.88327
1.87224
1.85332
1.82682
1.79459
1.76167
1.73137
1.7138
1.71262
1.71672
1.72376
1.73366
1.74433
1.75256
1.76144
1.76798
1.7752
1.78094
1.78814
1.79423
1.80213
1.80887
1.81755
1.82486
1.83419
1.84202
1.85193
1.86012
1.87018
1.87837
1.88839
1.89653
1.90653
1.91458
1.92454
1.93239
1.94226
1.94981
1.95901
1.96358
1.28897
1.31005
1.33764
1.36575
1.39236
1.41992
1.4484
1.47781
1.50776
1.53769
1.56865
1.5987
1.62913
1.65924
1.68846
1.71794
1.74576
1.77392
1.80001
1.82595
1.84814
1.86448
1.86578
1.85662
1.83117
1.77172
1.64022
1.48056
1.40098
1.39152
1.40661
1.429
1.45907
1.49154
1.52233
1.54906
1.57403
1.59633
1.61851
1.63845
1.65849
1.677
1.69639
1.71482
1.73336
1.75079
1.76764
1.78365
1.79919
1.81428
1.82895
1.84349
1.85767
1.87181
1.88532
1.89845
1.91049
1.92139
1.93027
1.93715
1.94048
1.94145
1.93889
1.92948
1.91077
1.88337
1.84778
1.80954
1.77221
1.75223
1.7502
1.75409
1.76096
1.77063
1.78134
1.7899
1.79932
1.80626
1.81394
1.81993
1.82724
1.83331
1.84109
1.84773
1.85627
1.8635
1.8728
1.88065
1.89057
1.89872
1.9087
1.91673
1.92661
1.93446
1.94429
1.95202
1.96174
1.96919
1.97815
1.98253
1.31599
1.32813
1.35026
1.37812
1.40439
1.42993
1.45617
1.48297
1.51076
1.53893
1.56734
1.59636
1.6249
1.65361
1.68203
1.70976
1.73756
1.76367
1.78982
1.81239
1.83117
1.83511
1.82732
1.80579
1.75389
1.64059
1.47317
1.37872
1.36464
1.37902
1.40265
1.43394
1.46966
1.50227
1.53226
1.55909
1.5849
1.60859
1.63187
1.6532
1.67468
1.6945
1.71463
1.73371
1.753
1.77151
1.78938
1.80643
1.8227
1.83845
1.85371
1.86866
1.88327
1.89757
1.91155
1.92508
1.93825
1.95079
1.9628
1.97357
1.98294
1.99025
1.99369
1.99472
1.99256
1.98355
1.96466
1.93593
1.89659
1.85237
1.81024
1.78945
1.78717
1.79123
1.7982
1.80781
1.81832
1.82696
1.83656
1.84365
1.85156
1.85762
1.86509
1.87124
1.87911
1.88578
1.8944
1.90167
1.91111
1.919
1.92892
1.93688
1.9467
1.95444
1.96408
1.97165
1.98117
1.98848
1.99737
2.00154
1.34353
1.34798
1.3649
1.38932
1.41526
1.43998
1.46472
1.4899
1.51563
1.54205
1.5687
1.59553
1.62292
1.65006
1.67698
1.70397
1.73008
1.75569
1.77885
1.7992
1.80516
1.79838
1.77987
1.73395
1.63785
1.46559
1.35581
1.33567
1.34929
1.37278
1.40625
1.44353
1.47879
1.5102
1.53981
1.56705
1.59358
1.61822
1.64261
1.66538
1.68834
1.70948
1.73101
1.75048
1.77047
1.78916
1.80809
1.82593
1.84335
1.85983
1.87598
1.89156
1.90682
1.92155
1.93597
1.95001
1.96382
1.97733
1.99042
2.00297
2.01469
2.02517
2.03423
2.04111
2.0443
2.04521
2.04324
2.0346
2.01578
1.98613
1.9434
1.89275
1.84736
1.82701
1.82382
1.82803
1.83492
1.84469
1.85504
1.86361
1.8732
1.88044
1.88854
1.89473
1.9025
1.90878
1.91685
1.92358
1.9323
1.93957
1.94903
1.95677
1.9665
1.97422
1.98378
1.99122
2.00059
2.00768
2.01642
2.02046
1.38482
1.37538
1.38246
1.40103
1.42572
1.44998
1.47334
1.49717
1.52128
1.54603
1.57138
1.59683
1.62243
1.64839
1.67399
1.69927
1.7244
1.74741
1.76793
1.77647
1.77109
1.75438
1.71319
1.626
1.45494
1.33213
1.30561
1.31795
1.34242
1.37708
1.41677
1.45309
1.48658
1.51699
1.54635
1.57371
1.60086
1.62635
1.65189
1.67578
1.69976
1.7221
1.74468
1.76544
1.78635
1.80535
1.82466
1.84314
1.86166
1.87947
1.89657
1.91296
1.92868
1.944
1.95889
1.97349
1.98774
2.00162
2.01515
2.02822
2.04084
2.05285
2.06419
2.07433
2.08346
2.09027
2.09378
2.09466
2.09277
2.08423
2.065
2.03273
1.98701
1.93049
1.88217
1.86401
1.86041
1.86465
1.8715
1.88129
1.89157
1.90007
1.90968
1.91688
1.9251
1.93147
1.93947
1.94587
1.95415
1.96091
1.96972
1.97692
1.98621
1.99372
2.00319
2.0106
2.01988
2.02683
2.03544
2.03925
1.43887
1.40631
1.40471
1.41555
1.4359
1.46042
1.48376
1.50636
1.52923
1.55225
1.57587
1.60002
1.62406
1.64844
1.67285
1.69669
1.7192
1.73947
1.74946
1.74556
1.72968
1.69104
1.60663
1.44821
1.31453
1.27883
1.28829
1.31214
1.34815
1.38881
1.42692
1.46109
1.49324
1.52316
1.55238
1.58024
1.60789
1.63416
1.66029
1.68499
1.70981
1.73315
1.75665
1.77831
1.80022
1.82024
1.84057
1.85924
1.87832
1.89644
1.91458
1.93183
1.94866
1.96477
1.9805
1.99566
2.01041
2.02471
2.03857
2.05206
2.065
2.07763
2.08964
2.10125
2.11218
2.12203
2.13112
2.13776
2.14143
2.14225
2.14032
2.13163
2.11191
2.07585
2.0257
1.9667
1.91615
1.89977
1.89669
1.90099
1.90785
1.91722
1.92725
1.9358
1.94548
1.95275
1.96116
1.9677
1.9759
1.98241
1.99081
1.99755
2.00628
2.01328
2.02236
2.02956
2.03874
2.04558
2.05417
2.05781
1.5401
1.44471
1.42895
1.43248
1.44722
1.46928
1.49299
1.51552
1.53737
1.5595
1.58182
1.60445
1.62753
1.65032
1.67296
1.69468
1.71418
1.72493
1.72208
1.70662
1.66969
1.58779
1.43856
1.29349
1.24974
1.25756
1.28176
1.3184
1.36087
1.39975
1.43559
1.46827
1.49959
1.52914
1.55855
1.58668
1.61476
1.64143
1.66809
1.69342
1.71885
1.74286
1.76701
1.78952
1.81226
1.83308
1.85427
1.87359
1.89324
1.91164
1.93039
1.94838
1.96604
1.98295
1.99926
2.0151
2.03038
2.04524
2.05958
2.07349
2.087
2.10008
2.11285
2.12513
2.13715
2.14852
2.15949
2.16926
2.17821
2.18491
2.18795
2.18849
2.186
2.17641
2.15455
2.11641
2.05953
1.99859
1.94975
1.93454
1.93211
1.93665
1.94389
1.95299
1.96286
1.9713
1.98095
1.98826
1.99671
2.00325
2.01147
2.01795
2.02634
2.03296
2.04155
2.04832
2.0572
2.06386
2.07238
2.07599
1.7455
1.51839
1.46627
1.45741
1.46355
1.48005
1.50228
1.52418
1.54551
1.5664
1.58777
1.60922
1.63089
1.65265
1.67349
1.69228
1.70337
1.70111
1.68577
1.65014
1.5715
1.42712
1.27102
1.21859
1.22518
1.25041
1.28901
1.33274
1.37342
1.40985
1.44381
1.47526
1.50605
1.5357
1.56533
1.59373
1.62199
1.64888
1.67584
1.70157
1.72752
1.75215
1.77682
1.79991
1.82303
1.84449
1.86634
1.8864
1.90705
1.92591
1.94518
1.9633
1.98177
1.99934
2.01661
2.03303
2.04904
2.06444
2.0794
2.09383
2.10784
2.12141
2.13455
2.14739
2.15977
2.17189
2.18348
2.19466
2.20522
2.21467
2.22323
2.22966
2.23203
2.23231
2.22918
2.21858
2.19472
2.15352
2.09234
2.02868
1.983
1.96986
1.9675
1.97207
1.97921
1.98806
1.99768
2.00587
2.01543
2.02266
2.03112
2.03769
2.04594
2.05244
2.0608
2.06728
2.07573
2.08208
2.09021
2.09378
2.0962
1.66056
1.51342
1.48512
1.48344
1.49256
1.51046
1.53284
1.55414
1.57467
1.59492
1.61518
1.6355
1.65501
1.67316
1.68436
1.68231
1.66691
1.63191
1.55444
1.41204
1.25252
1.19305
1.19761
1.22257
1.26113
1.30627
1.34736
1.38476
1.41871
1.45116
1.48211
1.51299
1.54284
1.57259
1.60102
1.62934
1.65645
1.68372
1.70978
1.73599
1.76073
1.78557
1.8089
1.83246
1.85451
1.87692
1.89768
1.91903
1.93854
1.95868
1.97706
1.99591
2.01372
2.03164
2.04867
2.06529
2.0813
2.09689
2.11204
2.12674
2.14105
2.15494
2.16838
2.1814
2.19394
2.20602
2.21764
2.22871
2.23927
2.24929
2.25812
2.26614
2.27222
2.274
2.27383
2.27
2.2581
2.23271
2.18572
2.12186
2.05857
2.01524
2.00404
2.00216
2.00669
2.01374
2.02212
2.03141
2.03928
2.04877
2.05592
2.06442
2.07102
2.07935
2.08579
2.09413
2.10026
2.1081
2.11151
2.4492
1.92519
1.61232
1.52307
1.50668
1.5084
1.52031
1.53963
1.5618
1.58256
1.60232
1.62165
1.64008
1.65696
1.66763
1.66547
1.64975
1.61489
1.53817
1.3961
1.23434
1.16761
1.17046
1.19491
1.23435
1.28017
1.32232
1.35977
1.39452
1.42701
1.45896
1.48992
1.52089
1.55075
1.58044
1.60891
1.63734
1.6646
1.69191
1.71798
1.74414
1.76902
1.79404
1.81773
1.84161
1.8641
1.88686
1.90816
1.9299
1.94994
1.97062
1.98944
2.00885
2.02664
2.04503
2.06243
2.0799
2.09652
2.11294
2.12874
2.14418
2.15905
2.17343
2.18728
2.20059
2.21341
2.22571
2.23758
2.24905
2.26011
2.27091
2.28111
2.29117
2.30003
2.3077
2.31402
2.31533
2.31467
2.30982
2.29586
2.2676
2.2163
2.14657
2.08679
2.04732
2.03656
2.03561
2.03992
2.04688
2.05521
2.0642
2.07179
2.08119
2.08835
2.09694
2.1034
2.11183
2.11789
2.12564
2.12899
2.70123
2.32056
1.81892
1.59775
1.54312
1.53223
1.53582
1.54933
1.56908
1.59003
1.6095
1.62752
1.64379
1.65369
1.65108
1.63472
1.59941
1.52231
1.37826
1.21488
1.1422
1.14383
1.16806
1.20781
1.25497
1.29742
1.33563
1.37043
1.40387
1.43595
1.46786
1.4988
1.52962
1.5593
1.58885
1.6172
1.64551
1.67267
1.69992
1.72605
1.75233
1.7774
1.8026
1.8265
1.85058
1.87332
1.89631
1.9179
1.93983
1.9602
1.98114
2.00031
2.02031
2.03849
2.05748
2.07507
2.09329
2.11039
2.12744
2.1437
2.15963
2.17494
2.18977
2.20402
2.21779
2.23104
2.24382
2.25621
2.26814
2.27977
2.291
2.30185
2.31246
2.32233
2.33202
2.34072
2.34748
2.35316
2.35407
2.35283
2.34642
2.33077
2.29738
2.24415
2.17004
2.11222
2.07863
2.0687
2.06818
2.07225
2.07898
2.08701
2.09618
2.10329
2.11275
2.1196
2.1283
2.13439
2.14217
2.14575
2.8402
2.62115
2.18177
1.75057
1.59303
1.56033
1.55549
1.5619
1.57684
1.59597
1.61477
1.63105
1.64163
1.63874
1.62166
1.5855
1.5065
1.35993
1.19478
1.11687
1.11771
1.14146
1.18215
1.23009
1.27376
1.31218
1.34777
1.3812
1.41404
1.44583
1.47754
1.50827
1.53887
1.56833
1.59765
1.62582
1.65402
1.68116
1.70846
1.73463
1.76094
1.786
1.8112
1.83509
1.85919
1.88194
1.90497
1.92663
1.94865
1.96929
1.99043
2.01008
2.03049
2.04915
2.06875
2.08646
2.10509
2.12228
2.13993
2.15635
2.17278
2.18836
2.20365
2.21833
2.23258
2.24635
2.25968
2.27257
2.28507
2.29715
2.3089
2.32023
2.33128
2.34187
2.35221
2.36196
2.37104
2.37981
2.38588
2.39037
2.39094
2.38947
2.3811
2.36301
2.324
2.267
2.19292
2.1374
2.10815
2.0991
2.09965
2.10354
2.11009
2.11788
2.12702
2.13385
2.14303
2.1495
2.15744
2.16109
2.91223
2.79555
2.51686
2.03358
1.70061
1.59815
1.57779
1.57719
1.58516
1.60043
1.61811
1.63025
1.62771
1.60986
1.57252
1.4911
1.34006
1.17109
1.09246
1.09367
1.11755
1.15858
1.20757
1.2513
1.29018
1.32553
1.3595
1.39217
1.42461
1.45617
1.48765
1.51814
1.5485
1.57776
1.60694
1.63505
1.66322
1.69035
1.71757
1.74364
1.76979
1.79469
1.81973
1.84348
1.86749
1.89018
1.91323
1.93494
1.95712
1.97795
1.99932
2.01929
2.0399
2.05892
2.07875
2.09673
2.11568
2.13274
2.15084
2.16726
2.18423
2.19998
2.21585
2.23087
2.24571
2.25994
2.27383
2.28724
2.30024
2.31283
2.32497
2.33672
2.34806
2.35898
2.36961
2.37971
2.38954
2.39894
2.40727
2.41562
2.42137
2.42429
2.42453
2.42223
2.41313
2.3913
2.34726
2.28798
2.2133
2.1614
2.13707
2.12836
2.12978
2.13347
2.13964
2.14734
2.15621
2.16254
2.17077
2.17461
2.95569
2.89115
2.74626
2.41266
1.93197
1.68437
1.61409
1.59892
1.59831
1.60562
1.6174
1.61789
1.59994
1.56093
1.47519
1.31763
1.14552
1.06955
1.072
1.09534
1.13684
1.18585
1.23002
1.26863
1.30432
1.33806
1.37132
1.40367
1.43593
1.46731
1.49857
1.52885
1.55902
1.58816
1.61726
1.6453
1.67333
1.70019
1.72706
1.75271
1.77847
1.80303
1.82783
1.85144
1.87536
1.89803
1.92109
1.94286
1.96511
1.98601
2.00746
2.0275
2.04811
2.06726
2.08707
2.10527
2.12434
2.14155
2.1599
2.17637
2.19391
2.20971
2.22626
2.24148
2.25698
2.27159
2.28609
2.29995
2.31348
2.32649
2.33907
2.35118
2.36286
2.3741
2.38496
2.39539
2.4055
2.41523
2.42444
2.43362
2.44141
2.44891
2.45474
2.45623
2.45592
2.4524
2.44183
2.4158
2.3664
2.30697
2.23341
2.18386
2.16359
2.15559
2.15755
2.16132
2.16702
2.17417
2.18213
2.18569
2.9763
2.94629
2.86889
2.69625
2.32111
1.87335
1.67786
1.62944
1.61717
1.61436
1.61074
1.59394
1.55179
1.45914
1.29178
1.1176
1.04663
1.05154
1.0747
1.11629
1.1657
1.2097
1.24866
1.28398
1.31804
1.35106
1.38406
1.41632
1.44851
1.47975
1.51081
1.5408
1.57062
1.59934
1.62797
1.65548
1.68297
1.70934
1.73579
1.76114
1.78669
1.81112
1.83579
1.85929
1.88307
1.90562
1.92853
1.95023
1.97233
1.99315
2.01443
2.03436
2.05487
2.07397
2.09375
2.11209
2.13119
2.14873
2.16716
2.18388
2.20173
2.21767
2.23477
2.25002
2.2662
2.28084
2.29592
2.30993
2.32388
2.33714
2.35006
2.36247
2.37444
2.38598
2.39709
2.40783
2.41821
2.42826
2.43793
2.44746
2.45623
2.46507
2.47292
2.47922
2.48478
2.48571
2.48462
2.48002
2.46667
2.43585
2.38405
2.32237
2.25131
2.20492
2.18773
2.18012
2.18236
2.18579
2.19077
2.19442
2.98787
2.9723
2.93126
2.84285
2.62432
2.20866
1.81738
1.67325
1.63703
1.62094
1.59785
1.54692
1.44231
1.25785
1.08558
1.02455
1.03313
1.05742
1.09945
1.14738
1.19079
1.22909
1.26473
1.29865
1.33227
1.36514
1.39794
1.42987
1.46155
1.49217
1.52257
1.55192
1.58117
1.60937
1.63752
1.66458
1.69164
1.71763
1.74374
1.76876
1.79399
1.8181
1.84246
1.86567
1.8892
1.91156
1.93427
1.95574
1.97761
1.9982
2.01929
2.03905
2.05942
2.07844
2.09819
2.11653
2.13568
2.15335
2.17187
2.18882
2.20671
2.22294
2.24014
2.25559
2.27203
2.28668
2.30226
2.31617
2.33072
2.34397
2.35738
2.36996
2.38233
2.39419
2.40565
2.41682
2.42754
2.43798
2.44801
2.45782
2.46713
2.47633
2.48492
2.49289
2.5008
2.5062
2.51017
2.51076
2.50964
2.50291
2.48655
2.45294
2.39483
2.33348
2.26682
2.22351
2.20783
2.20127
2.20183
2.20308
2.99414
2.98485
2.96628
2.91602
2.80712
2.54476
2.09906
1.77818
1.66672
1.62109
1.55892
1.43187
1.21945
1.04373
0.993109
1.00576
1.03667
1.08275
1.12998
1.17151
1.209
1.2439
1.27815
1.31164
1.34509
1.37775
1.41021
1.4416
1.4727
1.5027
1.53246
1.56117
1.5898
1.61741
1.645
1.67156
1.69818
1.72377
1.74948
1.77412
1.79892
1.8226
1.84655
1.86935
1.89249
1.91446
1.93683
1.95799
1.9796
1.99996
2.02085
2.04047
2.06071
2.07964
2.0993
2.11761
2.13674
2.15444
2.17302
2.1901
2.2081
2.2245
2.24182
2.25749
2.27408
2.28898
2.3048
2.3189
2.33388
2.34718
2.36122
2.37379
2.38681
2.39871
2.41075
2.42198
2.43313
2.44377
2.45418
2.46425
2.47395
2.48342
2.49244
2.50105
2.50951
2.5167
2.5238
2.52918
2.53105
2.53125
2.52926
2.52125
2.50007
2.46482
2.39972
2.34521
2.28021
2.23713
2.22225
2.21693
2.99667
2.99286
2.98152
2.95891
2.89839
2.76618
2.45869
2.00821
1.73429
1.6101
1.45477
1.18635
0.98891
0.94157
0.95921
0.999915
1.05482
1.10377
1.14514
1.18152
1.21643
1.2506
1.28484
1.31841
1.35178
1.38418
1.41624
1.44719
1.47777
1.50722
1.53644
1.56461
1.59271
1.61983
1.64698
1.67313
1.69935
1.72454
1.74986
1.77409
1.79851
1.82183
1.84541
1.86786
1.89065
1.9123
1.93436
1.95526
1.97661
1.99677
2.01744
2.0369
2.05698
2.07581
2.09538
2.11366
2.13279
2.15056
2.16921
2.18642
2.2045
2.22109
2.23852
2.25442
2.27115
2.2863
2.30232
2.31665
2.33191
2.34541
2.35984
2.37254
2.38606
2.39807
2.41065
2.42211
2.4338
2.44473
2.4556
2.46598
2.47607
2.48583
2.49518
2.50418
2.51287
2.52083
2.52869
2.53568
2.54125
2.5461
2.54718
2.54664
2.54353
2.53313
2.50971
2.46513
2.41463
2.3439
2.28208
2.25425
2.99841
2.99583
2.99087
2.97693
2.94774
2.8729
2.70702
2.3448
1.88265
1.54117
1.20005
0.919887
0.866806
0.89073
0.940952
1.00121
1.05078
1.09281
1.13194
1.1699
1.20722
1.24349
1.27918
1.31357
1.34726
1.37959
1.41131
1.44171
1.47164
1.5004
1.52892
1.55647
1.58405
1.61076
1.63762
1.66358
1.68967
1.71477
1.73998
1.76409
1.78835
1.81146
1.8348
1.85698
1.87949
1.90086
1.92264
1.94329
1.9644
1.98437
2.00488
2.02424
2.04426
2.0631
2.08273
2.10114
2.12041
2.13837
2.15721
2.17465
2.19293
2.20977
2.22741
2.24361
2.26056
2.27603
2.29226
2.30692
2.32243
2.3362
2.35099
2.36389
2.37795
2.39008
2.40339
2.41492
2.42746
2.43851
2.45023
2.46085
2.4717
2.4818
2.49175
2.50115
2.51025
2.51875
2.52696
2.53457
2.5414
2.54812
2.55287
2.55586
2.55675
2.55607
2.55166
2.53865
2.51226
2.46074
2.40239
2.36363
2.99901
2.99736
2.99417
2.98506
2.96548
2.91473
2.79717
2.52193
1.98726
1.34136
0.807484
0.652911
0.706049
0.77937
0.853398
0.911332
0.959756
1.00393
1.04705
1.08922
1.13102
1.1713
1.21038
1.24775
1.28413
1.31901
1.35322
1.38619
1.41879
1.45032
1.48163
1.51185
1.54186
1.5707
1.59933
1.62673
1.65397
1.67996
1.70585
1.73047
1.75511
1.7785
1.80204
1.82441
1.84709
1.86865
1.89064
1.91154
1.93297
1.95332
1.97428
1.99415
2.01473
2.03418
2.05441
2.07342
2.09325
2.11174
2.13106
2.14894
2.16762
2.18483
2.20281
2.21935
2.2366
2.25245
2.26896
2.28406
2.2999
2.31421
2.32944
2.343
2.35769
2.37058
2.38476
2.39705
2.41068
2.42239
2.43535
2.44642
2.45852
2.46889
2.47996
2.48949
2.49951
2.50805
2.51702
2.52467
2.53228
2.5393
2.54544
2.55086
2.55536
2.55689
2.55722
2.5559
2.5494
2.53281
2.49903
2.47523
2.99912
2.99796
2.99464
2.98787
2.96787
2.92527
2.80858
2.53919
1.93346
1.10075
0.488374
0.324186
0.415403
0.526606
0.613456
0.686333
0.752324
0.812785
0.868623
0.920033
0.968117
1.0132
1.05641
1.09759
1.13766
1.17628
1.21424
1.25095
1.28715
1.32215
1.35673
1.39016
1.4233
1.45533
1.48716
1.51787
1.54842
1.57778
1.60701
1.63498
1.66288
1.68951
1.71618
1.7416
1.76718
1.79153
1.81615
1.83957
1.86336
1.88597
1.90904
1.93092
1.95335
1.97454
1.99635
2.01683
2.038
2.05776
2.07826
2.09731
2.11711
2.13547
2.15455
2.17227
2.19063
2.20771
2.2254
2.24179
2.25888
2.27457
2.29115
2.30615
2.32226
2.33663
2.35224
2.36597
2.381
2.394
2.40831
2.42042
2.43382
2.44492
2.45722
2.46727
2.47834
2.4873
2.49716
2.50502
2.51373
2.52061
2.5281
2.53408
2.54007
2.54477
2.54705
2.54827
2.5478
2.54354
2.52956
2.52241
)
;

boundaryField
{
    inlet
    {
        type            calculated;
        value           uniform 3.00001;
    }
    outlet
    {
        type            calculated;
        value           nonuniform List<scalar> 
40
(
1.24429
1.42189
1.52922
1.59773
1.64381
1.6786
1.70421
1.7275
1.74904
1.76917
1.78851
1.80755
1.82687
1.84656
1.86654
1.88621
1.9056
1.92504
1.94449
1.96358
1.98253
2.00154
2.02046
2.03925
2.05781
2.07599
2.09378
2.11151
2.12899
2.14575
2.16109
2.17461
2.18569
2.19442
2.20308
2.21693
2.25425
2.36363
2.47523
2.52241
)
;
    }
    bottom
    {
        type            symmetryPlane;
    }
    top
    {
        type            symmetryPlane;
    }
    obstacle
    {
        type            calculated;
        value           uniform 0;
    }
    defaultFaces
    {
        type            empty;
    }
}


// ************************************************************************* //
