/*--------------------------------*- C++ -*----------------------------------*\
  =========                 |
  \\      /  F ield         | OpenFOAM: The Open Source CFD Toolbox
   \\    /   O peration     | Website:  https://openfoam.org
    \\  /    A nd           | Version:  10
     \\/     M anipulation  |
\*---------------------------------------------------------------------------*/
FoamFile
{
    format      ascii;
    class       volScalarField;
    location    "6.5";
    object      p;
}
// * * * * * * * * * * * * * * * * * * * * * * * * * * * * * * * * * * * * * //

dimensions      [1 -1 -2 0 0 0 0];

internalField   nonuniform List<scalar> 
5250
(
1.00001
1.00003
1.00009
1.00025
1.00057
1.00155
1.00348
1.00939
1.02151
1.05671
1.13683
1.3618
1.9769
3.80549
8.9683
11.4342
11.203
11.0599
11.1416
11.3608
11.5827
11.7213
11.8268
11.9098
11.9733
1.00001
1.00003
1.00009
1.00024
1.00058
1.00149
1.0035
1.00916
1.0213
1.05584
1.13506
1.35611
1.96236
3.76143
8.86313
11.4415
11.2017
11.0506
11.1329
11.3529
11.5745
11.7132
11.8202
11.9044
11.9694
1.00001
1.00003
1.00009
1.00022
1.0006
1.00135
1.00366
1.00823
1.02223
1.0513
1.13533
1.33985
1.9354
3.66398
8.62733
11.4572
11.195
11.0214
11.1022
11.3198
11.5387
11.6752
11.7814
11.8648
11.9298
1.00001
1.00003
1.00008
1.00022
1.00053
1.00138
1.0033
1.00824
1.02044
1.05028
1.12689
1.32611
1.88447
3.52221
8.25711
11.4868
11.186
10.9731
11.0498
11.2609
11.4752
11.6073
11.7104
11.7918
11.8577
1
1.00003
1.00008
1.00021
1.00049
1.00132
1.00298
1.00807
1.01823
1.04896
1.11578
1.30743
1.81821
3.33516
7.75271
11.5304
11.1764
10.9078
10.9781
11.1791
11.3874
11.5129
11.6102
11.6881
11.7556
1
1.00002
1.00008
1.00018
1.00049
1.00112
1.00299
1.00677
1.01822
1.04193
1.11075
1.27443
1.74728
3.10235
7.11429
11.5792
11.1659
10.8251
10.8859
11.0711
11.2708
11.3859
11.4734
11.5441
11.6126
1
1.00002
1.00007
1.00016
1.00044
1.001
1.00271
1.0061
1.0164
1.03772
1.0993
1.24475
1.66168
2.8463
6.36813
11.6025
11.1504
10.7287
10.7752
10.9354
11.1215
11.2199
11.2889
11.3428
11.4066
1
1.00002
1.00006
1.00016
1.00036
1.00096
1.00227
1.00567
1.01403
1.03416
1.08614
1.21633
1.57138
2.58306
5.55105
11.5192
11.0964
10.6173
10.646
10.7697
10.9343
11.0064
11.044
11.062
11.1006
1
1.00002
1.00005
1.00013
1.00034
1.00083
1.00203
1.00516
1.01216
1.03148
1.07536
1.19435
1.50494
2.39849
5.03358
11.1163
10.9125
10.4889
10.4922
10.568
10.6996
10.732
10.7192
10.6637
10.6125
1
1.00002
1.00004
1.00013
1.00029
1.00077
1.00178
1.00461
1.01098
1.02762
1.06802
1.17213
1.44723
2.23222
4.53906
10.3246
10.5911
10.4008
10.3134
10.3469
10.4148
10.3957
10.3046
10.0866
9.75757
1
1.00001
1.00004
1.00011
1.00025
1.00068
1.00157
1.00406
1.00974
1.02428
1.06023
1.15114
1.3917
2.07109
4.05786
9.35558
10.4176
10.2934
10.1231
10.1135
10.097
10.0115
9.76447
9.18528
7.68995
1
1.00001
1.00004
1.00009
1.00023
1.00058
1.00137
1.00355
1.00821
1.02172
1.05073
1.13255
1.33388
1.91308
3.58155
8.22982
10.3057
10.192
9.95039
9.86791
9.78861
9.60809
9.21451
8.4244
6.87442
1
1.00001
1.00003
1.00008
1.00019
1.0005
1.00113
1.00305
1.00686
1.01846
1.04252
1.11178
1.27727
1.75282
3.104
6.96436
10.2245
10.0966
9.7964
9.62564
9.48861
9.22795
8.73969
7.93422
6.70371
1
1.00001
1.00002
1.00006
1.00016
1.0004
1.00096
1.00243
1.00571
1.01488
1.03477
1.09029
1.22262
1.59357
2.63161
5.59649
10.0552
9.96874
9.67648
9.40145
9.20016
8.89679
8.39562
7.65771
6.68653
1
1.00001
1.00002
1.00005
1.00013
1.00031
1.00079
1.00194
1.00465
1.01183
1.02799
1.07178
1.17609
1.46176
2.25029
4.49055
9.55298
9.74387
9.55025
9.20042
8.94286
8.62155
8.14369
7.48599
6.67766
1
1.00001
1.00002
1.00004
1.00011
1.00025
1.00065
1.00149
1.00397
1.00896
1.02402
1.05534
1.14552
1.36444
1.9968
3.78217
8.40412
9.46976
9.34185
9.03594
8.72548
8.39237
7.94518
7.3586
6.66086
1
1
1.00001
1.00003
1.00008
1.00021
1.0005
1.00122
1.00309
1.00726
1.01884
1.04433
1.11466
1.28651
1.77184
3.13996
6.88388
9.23547
9.15936
8.91217
8.5523
8.20179
7.78078
7.254
6.64076
1
1
1.00001
1.00002
1.00007
1.00015
1.00041
1.00091
1.00245
1.00549
1.01469
1.03357
1.08831
1.21448
1.57253
2.55136
5.27161
8.97103
9.00218
8.82619
8.44108
8.0495
7.64324
7.16593
6.62062
1
1
1.00001
1.00002
1.00005
1.00012
1.00028
1.00075
1.00171
1.00442
1.01045
1.02612
1.06401
1.16032
1.41106
2.10094
3.99602
8.30875
8.85071
8.70351
8.34937
7.92694
7.5294
7.09192
6.60166
1
1
1.00001
1.00001
1.00004
1.00009
1.00023
1.00053
1.00134
1.00327
1.00789
1.01991
1.04773
1.1211
1.30539
1.81435
3.23252
6.90954
8.58897
8.51462
8.26668
7.83609
7.43807
7.02901
6.58334
1
1
1
1.00001
1.00003
1.00007
1.00016
1.00041
1.00096
1.00249
1.00565
1.01499
1.03431
1.08988
1.21853
1.58041
2.5612
5.21682
8.2678
8.33627
8.18187
7.8143
7.37919
6.97821
6.56623
1
1
1
1.00001
1.00002
1.00005
1.00012
1.00029
1.00071
1.00169
1.0043
1.00997
1.02579
1.0606
1.15521
1.39076
2.036
3.75197
7.55656
8.20518
8.09017
7.78806
7.3434
6.9414
6.55161
1
1
1
1.00001
1.00001
1.00004
1.00008
1.00022
1.00048
1.00127
1.0029
1.00753
1.01764
1.04448
1.10881
1.27688
1.72396
2.95359
6.09469
7.96751
7.93261
7.7461
7.34567
6.92424
6.54101
1
1
1
1
1.00001
1.00002
1.00006
1.00014
1.00036
1.00083
1.00217
1.00489
1.01293
1.02938
1.07698
1.18395
1.48298
2.26446
4.31237
7.50589
7.8095
7.68391
7.35905
6.92642
6.54138
1
1
1
1
1.00001
1.00002
1.00004
1.0001
1.00025
1.00058
1.00149
1.00337
1.00888
1.02003
1.05288
1.12374
1.32329
1.83116
3.20853
6.462
7.6212
7.56251
7.35118
6.94116
6.54697
1
1
1
1
1
1.00001
1.00003
1.00007
1.00016
1.00041
1.00098
1.00236
1.00593
1.01383
1.03558
1.08415
1.2156
1.54967
2.45678
4.77926
7.24122
7.41078
7.30123
6.99675
6.56668
1
1
1
1
1
1.00001
1.00002
1.00005
1.00011
1.00028
1.00062
1.00164
1.0037
1.00964
1.02226
1.05656
1.13632
1.3482
1.89468
3.30594
6.42549
7.25605
7.19954
7.00282
6.60968
1
1
1
1
1
1
1.00001
1.00003
1.00007
1.00018
1.00042
1.00108
1.00244
1.00644
1.01438
1.03817
1.0878
1.22844
1.57455
2.51175
4.84378
6.92474
7.06674
6.97033
6.70577
1
1
1
1
1
1
1.00001
1.00002
1.00005
1.00011
1.00029
1.00066
1.00164
1.00397
1.00945
1.02367
1.05599
1.14103
1.34954
1.89745
3.26389
6.1975
6.9298
6.89022
6.72589
1
1
1
1
1
1
1
1.00001
1.00003
1.00008
1.00017
1.00045
1.00102
1.00261
1.00607
1.01509
1.03646
1.08949
1.22222
1.56804
2.46732
4.69695
6.60695
6.77915
6.69762
1
1
1
1
1
1
1
1.00001
1.00002
1.00004
1.00012
1.00026
1.00068
1.00154
1.00396
1.00906
1.02302
1.0542
1.13588
1.33509
1.85401
3.13109
5.87224
6.63246
6.61278
1
1
1
1
1
1
1
1
1.00001
1.00003
1.00007
1.00016
1.00043
1.00096
1.00249
1.00568
1.01444
1.03391
1.0846
1.20666
1.52718
2.34389
4.35303
6.27127
6.51469
1
1
1
1
1
1
1
1
1.00001
1.00002
1.00004
1.00011
1.00025
1.00061
1.00148
1.0035
1.00877
1.02027
1.0516
1.12176
1.30851
1.77193
2.92451
5.45213
6.33076
1
1
1
1
1
1
1
1
1
1.00001
1.00003
1.00006
1.00016
1.00036
1.00093
1.00208
1.00536
1.01233
1.03083
1.07359
1.18278
1.45497
2.14826
3.81434
5.88151
1
1
1
1
1
1
1
1
1
1.00001
1.00002
1.00004
1.00009
1.00022
1.00054
1.00125
1.0032
1.00721
1.01872
1.0424
1.10912
1.26069
1.66244
2.6407
4.87564
1
1
1
1
1
1
1
1
1
1
1.00001
1.00002
1.00005
1.00013
1.00031
1.00077
1.00176
1.00449
1.01008
1.02611
1.05922
1.1513
1.36324
1.90658
3.16299
1
1
1
1
1
1
1
1
1
1
1.00001
1.00001
1.00003
1.00007
1.00019
1.00043
1.00111
1.00248
1.00636
1.01457
1.0364
1.08675
1.21521
1.53414
2.33506
1
1
1
1
1
1
1
1
1
1
1
1.00001
1.00002
1.00005
1.0001
1.00027
1.00059
1.00154
1.00343
1.0088
1.0201
1.05028
1.1193
1.2968
1.72887
1
1
1
1
1
1
1
1
1
1
1
1
1.00001
1.00003
1.00006
1.00015
1.00036
1.00087
1.00201
1.0051
1.01144
1.02954
1.06703
1.17101
1.41068
1
1
1
1
1
1
1
1
1
1
1
1
1.00001
1.00001
1.00004
1.00009
1.00022
1.00049
1.00127
1.00283
1.00725
1.01649
1.0415
1.0977
1.24423
1
1
1
1
1
1
1
1
1
1
1
1
1
1.00001
1.00002
1.00006
1.00013
1.00033
1.00074
1.00192
1.00432
1.01105
1.02554
1.0637
1.15348
1
1
1
1
1
1
1
1
1
1
1
1
1
1.00001
1.00002
1.00004
1.0001
1.00023
1.00059
1.00134
1.00351
1.00792
1.02098
1.04812
1.12584
1
1
1
1
1
1
1
1
1
1
1
1
1
1.00001
1.00001
1.00003
1.00009
1.00019
1.00052
1.00117
1.00317
1.00717
1.01944
1.04508
1.11966
1
1
1
1
1
1
1
1
1
1
1
1
1
1.00001
1.00001
1.00003
1.00007
1.0002
1.00045
1.00123
1.00282
1.00756
1.0178
1.04659
1.11499
1
1
1
1
1
1
1
1
1
1
1
1
1
1.00001
1.00001
1.00003
1.00008
1.00018
1.00048
1.00111
1.00303
1.0069
1.01896
1.0442
1.11844
1
1
1
1
1
1
1
1
1
1
1
1
1
1
1.00001
1.00003
1.00008
1.00018
1.00048
1.0011
1.00301
1.0069
1.01876
1.04441
1.11769
1
1
1
1
1
1
1
1
1
1
1
1
1
1
1.00001
1.00003
1.00007
1.00019
1.00044
1.00118
1.00278
1.00727
1.01776
1.04548
1.11489
1
1
1
1
1
1
1
1
1
1
1
1
1
1
1.00001
1.00003
1.00007
1.00018
1.00045
1.00112
1.00287
1.00692
1.01815
1.04418
1.11515
1
1
1
1
1
1
1
1
1
1
1
1
1
1
1.00001
1.00003
1.00007
1.00019
1.00042
1.00117
1.00266
1.00733
1.01693
1.04578
1.11149
1
1
1
1
1
1
1
1
1
1
1
1
1
1
1.00001
1.00003
1.00007
1.00018
1.00043
1.00115
1.00265
1.00729
1.01677
1.04579
1.11074
3.40188
2.39054
2.779
3.86001
3.77349
3.61243
3.52712
3.48835
3.45626
3.39602
3.32438
3.25862
3.20123
3.14236
3.07694
3.0077
2.93976
2.87855
2.82379
2.7665
2.7019
2.66326
2.64712
2.64302
2.65777
2.71646
2.81966
2.96102
3.12609
3.30031
3.47387
3.64148
3.7994
3.94619
4.07929
4.19966
4.30805
4.40575
4.49433
4.5743
4.64435
4.70547
4.75818
4.80296
4.84177
4.87531
4.9009
4.91947
4.93204
4.93939
4.9418
4.94079
4.93652
4.92696
4.91212
4.89469
4.8746
4.85214
4.82717
4.79997
4.77059
4.73928
4.70611
4.6713
4.63496
4.59723
4.55821
4.51805
4.47681
4.43464
4.3916
4.34779
4.30329
4.25817
4.2125
4.16636
4.11978
4.07286
4.02564
3.9782
3.93062
3.88296
3.8353
3.78772
3.74027
3.69303
3.64605
3.59942
3.55318
3.50745
3.4623
3.4179
3.37441
3.3321
3.2913
3.25254
3.21654
3.1844
3.15768
3.13946
4.21841
3.35542
3.48209
3.84856
3.74021
3.58241
3.52195
3.52565
3.49121
3.4041
3.317
3.24436
3.19058
3.13872
3.07586
3.00712
2.93817
2.87463
2.81846
2.76507
2.70891
2.66444
2.64404
2.63842
2.65033
2.70453
2.80448
2.94516
3.11176
3.28754
3.46224
3.63035
3.78844
3.93528
4.06878
4.18896
4.29708
4.39405
4.48375
4.56529
4.63596
4.69747
4.75056
4.7963
4.83584
4.86925
4.89499
4.9139
4.9267
4.93425
4.93674
4.93594
4.93242
4.92376
4.9083
4.89042
4.87045
4.84821
4.82349
4.79644
4.7672
4.73601
4.70298
4.66831
4.63209
4.5945
4.55561
4.51557
4.47446
4.4324
4.38947
4.34577
4.30137
4.25634
4.21076
4.16469
4.11819
4.07132
4.02415
3.97676
3.92922
3.8816
3.83398
3.78643
3.73901
3.69179
3.64484
3.59821
3.55199
3.50625
3.46108
3.41664
3.37308
3.33068
3.28972
3.25072
3.21447
3.18205
3.15485
3.13612
5.06212
4.10043
3.78821
3.80353
3.7513
3.6227
3.53003
3.49937
3.4539
3.38719
3.3116
3.24633
3.19923
3.14431
3.07417
3.00125
2.92909
2.86268
2.80589
2.75709
2.71078
2.66739
2.63976
2.62995
2.63737
2.68507
2.77976
2.91971
3.08934
3.26669
3.44139
3.60928
3.7677
3.91772
4.05272
4.17373
4.28295
4.38185
4.47216
4.55386
4.62509
4.68721
4.74096
4.78726
4.82674
4.85979
4.88587
4.90525
4.91848
4.92627
4.92888
4.92825
4.92542
4.9181
4.90321
4.88453
4.86422
4.84213
4.81773
4.79096
4.76196
4.73097
4.69815
4.66367
4.62766
4.59026
4.55156
4.51171
4.47078
4.42889
4.38612
4.34257
4.2983
4.2534
4.20793
4.16196
4.11554
4.06875
4.02165
3.97431
3.92682
3.87925
3.83167
3.78416
3.73678
3.6896
3.64267
3.59605
3.54983
3.50406
3.45888
3.41439
3.37071
3.32816
3.2871
3.24792
3.21129
3.17824
3.15017
3.13053
5.48007
4.54422
4.02905
3.84856
3.77283
3.65979
3.55749
3.50408
3.45059
3.38202
3.30596
3.23949
3.18501
3.12966
3.06531
2.99439
2.92425
2.85908
2.80358
2.75378
2.706
2.66541
2.63065
2.61236
2.61971
2.6688
2.75762
2.89363
3.06069
3.23913
3.41521
3.58438
3.7438
3.8934
4.02886
4.15108
4.26153
4.36162
4.45241
4.5343
4.60653
4.66965
4.72427
4.77128
4.81122
4.84455
4.87109
4.89107
4.90485
4.91304
4.91586
4.91536
4.9131
4.90709
4.89428
4.8751
4.85426
4.83212
4.808
4.78164
4.75305
4.72244
4.68997
4.65584
4.62016
4.58308
4.5447
4.50515
4.46452
4.4229
4.3804
4.33709
4.29306
4.24837
4.20309
4.15727
4.111
4.06433
4.01734
3.97009
3.92269
3.87519
3.8277
3.78026
3.73296
3.68582
3.63896
3.59237
3.54621
3.50043
3.45522
3.41069
3.36711
3.32444
3.28313
3.24351
3.2063
3.17241
3.14322
3.12232
5.71015
4.86179
4.28609
3.96754
3.82527
3.71548
3.61013
3.52722
3.46143
3.3902
3.31313
3.24335
3.18348
3.12353
3.05742
2.98691
2.918
2.85419
2.79858
2.74833
2.70282
2.66436
2.63562
2.62207
2.62887
2.66904
2.76
2.88839
3.04248
3.20819
3.37954
3.54708
3.70609
3.85513
3.99178
4.11596
4.22836
4.33037
4.42268
4.50587
4.57958
4.64417
4.70005
4.7481
4.78878
4.82269
4.84989
4.87069
4.88535
4.89435
4.89781
4.89745
4.89573
4.89107
4.88083
4.86257
4.8416
4.81924
4.79527
4.76936
4.74133
4.71128
4.67933
4.64567
4.61045
4.57381
4.53585
4.49669
4.45643
4.41517
4.373
4.33
4.28625
4.24181
4.19676
4.15114
4.10505
4.05853
4.01168
3.96456
3.91729
3.86991
3.82255
3.77522
3.72802
3.681
3.63422
3.58765
3.54156
3.49593
3.45088
3.40637
3.36267
3.31985
3.27827
3.23823
3.20039
3.1656
3.13519
3.1127
5.85739
5.10653
4.5287
4.15104
3.93051
3.78749
3.66946
3.57196
3.48847
3.41088
3.33216
3.2569
3.19018
3.12632
3.05939
2.98973
2.92181
2.85892
2.80428
2.75641
2.71552
2.68378
2.66395
2.66283
2.67446
2.71609
2.80298
2.91212
3.03852
3.17653
3.32479
3.48317
3.64206
3.79459
3.93663
4.06552
4.1814
4.28584
4.38009
4.46511
4.54091
4.60768
4.66563
4.71539
4.7575
4.79258
4.82092
4.84292
4.85884
4.86908
4.87375
4.87358
4.87239
4.86892
4.86113
4.84554
4.82516
4.80276
4.77889
4.75336
4.72594
4.69658
4.66533
4.63234
4.59774
4.56167
4.52425
4.4856
4.44582
4.40501
4.36325
4.32063
4.27722
4.23309
4.18831
4.14293
4.09705
4.05072
4.00404
3.95708
3.90997
3.86276
3.81556
3.76838
3.72124
3.67438
3.62783
3.58158
3.53566
3.49011
3.44509
3.40058
3.3568
3.31384
3.27201
3.23157
3.19311
3.15744
3.12585
3.10177
5.95653
5.29379
4.73924
4.33066
4.05585
3.87151
3.73314
3.62125
3.52688
3.4417
3.35988
3.28084
3.20685
3.13715
3.06893
3.00011
2.93331
2.87221
2.82031
2.77958
2.75103
2.73548
2.73685
2.7487
2.78378
2.85224
2.91843
2.98753
3.0677
3.16388
3.26384
3.38489
3.53307
3.69103
3.84752
3.99007
4.11611
4.22683
4.32468
4.41212
4.49012
4.5594
4.62002
4.67236
4.71682
4.75396
4.7842
4.80801
4.8257
4.83765
4.84416
4.84483
4.8441
4.84162
4.8358
4.82375
4.80507
4.78337
4.75981
4.73465
4.7078
4.67917
4.64872
4.61653
4.58268
4.54732
4.51056
4.47251
4.43329
4.393
4.35172
4.30953
4.26652
4.22274
4.17827
4.13315
4.08751
4.04138
3.99491
3.94815
3.90128
3.85426
3.80726
3.76032
3.71369
3.66707
3.62072
3.57459
3.5288
3.48332
3.43832
3.39381
3.34999
3.30692
3.26488
3.22408
3.18507
3.14858
3.11591
3.09025
6.02485
5.436
4.9148
4.49765
4.18884
3.96823
3.80544
3.67672
3.57101
3.47787
3.3915
3.30913
3.2316
3.15885
3.08873
3.02091
2.95577
2.89811
2.85256
2.82551
2.81727
2.82176
2.84174
2.8938
2.99258
3.06155
3.09653
3.12191
3.14647
3.17652
3.23744
3.29674
3.38803
3.52995
3.69821
3.86398
4.01308
4.14189
4.25166
4.34606
4.42786
4.49992
4.56308
4.61814
4.66549
4.70545
4.73848
4.7649
4.78503
4.79927
4.80796
4.81075
4.8103
4.80861
4.80449
4.79578
4.7799
4.7599
4.73726
4.71269
4.68645
4.65855
4.62896
4.59765
4.5647
4.53017
4.49419
4.45687
4.41831
4.37862
4.33789
4.2962
4.25363
4.21024
4.1661
4.12128
4.07591
4.03003
3.98383
3.93727
3.89069
3.84408
3.79753
3.75097
3.70455
3.65818
3.612
3.566
3.52032
3.47495
3.43004
3.3856
3.34179
3.29868
3.2565
3.21546
3.176
3.13883
3.10525
3.07814
6.07316
5.54466
5.05922
4.64752
4.32126
4.07341
3.88626
3.74019
3.62142
3.5196
3.42769
3.34208
3.26126
3.18577
3.11413
3.04678
2.98452
2.9331
2.90029
2.89682
2.9039
2.93126
3.00087
3.14695
3.28406
3.33256
3.33048
3.31786
3.28474
3.23997
3.24227
3.26206
3.30838
3.3876
3.51074
3.67757
3.84697
4.00497
4.14172
4.256
4.35036
4.42923
4.4962
4.55407
4.60405
4.64679
4.68306
4.7128
4.73615
4.75346
4.765
4.77096
4.77107
4.77026
4.76766
4.76176
4.74975
4.7322
4.71121
4.68773
4.66234
4.63524
4.60651
4.57614
4.54414
4.51056
4.47547
4.43897
4.40117
4.36217
4.32206
4.28092
4.23884
4.19585
4.15209
4.10759
4.06253
4.01695
3.97109
3.92511
3.87898
3.83277
3.78656
3.7403
3.6941
3.64794
3.60196
3.55615
3.51063
3.46543
3.42064
3.37631
3.33256
3.28947
3.24723
3.20601
3.16624
3.12852
3.09423
3.06589
6.10772
5.62847
5.17711
4.77854
4.44655
4.18115
3.97355
3.8099
3.67762
3.56648
3.46782
3.37895
3.2949
3.21739
3.14488
3.07879
3.02177
2.98147
2.97489
2.98258
3.0119
3.08763
3.25316
3.49893
3.63641
3.63704
3.61808
3.56202
3.44649
3.33921
3.27639
3.27491
3.28799
3.32521
3.39074
3.49159
3.63356
3.80046
3.96483
4.11193
4.23486
4.33426
4.41386
4.47881
4.53296
4.57893
4.61816
4.65113
4.6781
4.69916
4.71433
4.72381
4.72718
4.72684
4.72536
4.72166
4.7138
4.69952
4.68102
4.65932
4.63522
4.60917
4.5814
4.552
4.521
4.4884
4.45428
4.41869
4.38173
4.34349
4.30406
4.26352
4.22195
4.1794
4.13602
4.09184
4.04715
4.00212
3.95686
3.91139
3.86573
3.81987
3.77395
3.72795
3.68199
3.63608
3.59034
3.54476
3.49946
3.45446
3.40985
3.36568
3.32205
3.27903
3.2368
3.19551
3.15555
3.11742
3.08262
3.05322
6.1329
5.69422
5.27387
4.89185
4.56148
4.28656
4.06381
3.8846
3.73891
3.61752
3.51232
3.41881
3.33199
3.2534
3.18099
3.1184
3.07024
3.05589
3.06254
3.0896
3.16197
3.32331
3.65008
3.92917
4.00001
3.98312
3.92596
3.79657
3.61979
3.47413
3.37351
3.31795
3.30956
3.31785
3.34589
3.39921
3.47557
3.58304
3.73542
3.89779
4.05258
4.18679
4.2958
4.38152
4.44857
4.50191
4.54545
4.5817
4.61185
4.63653
4.6556
4.66894
4.67675
4.67863
4.67806
4.67607
4.67137
4.66164
4.6463
4.62703
4.60477
4.58016
4.55359
4.52527
4.49531
4.46375
4.43063
4.39601
4.35997
4.32257
4.2839
4.24401
4.20299
4.16092
4.11797
4.07439
4.03038
3.98599
3.94128
3.89624
3.85097
3.80547
3.75986
3.71417
3.6685
3.62288
3.57741
3.53211
3.48706
3.4423
3.39792
3.35395
3.3105
3.26763
3.22549
3.18423
3.14419
3.10581
3.07068
3.04041
6.15147
5.74638
5.35344
4.98915
4.66498
4.38668
4.15408
3.96242
3.8047
3.67314
3.56065
3.46199
3.37313
3.29346
3.22316
3.16799
3.14265
3.1476
3.17087
3.23662
3.38927
3.71078
4.15633
4.36438
4.3586
4.31765
4.21159
3.99935
3.79826
3.63406
3.51005
3.42319
3.37049
3.34891
3.35217
3.36871
3.40549
3.45725
3.54019
3.66108
3.8131
3.96937
4.11321
4.23473
4.33107
4.40464
4.46053
4.50384
4.53833
4.56629
4.58874
4.60592
4.61802
4.62463
4.62568
4.62498
4.62265
4.61726
4.60631
4.5902
4.5704
4.54771
4.52269
4.49567
4.46688
4.43641
4.40435
4.37074
4.33566
4.29915
4.26128
4.22205
4.1816
4.14011
4.0979
4.05509
4.01177
3.96795
3.92373
3.87912
3.83426
3.78915
3.74392
3.69859
3.65327
3.60799
3.56284
3.51785
3.47311
3.42864
3.38453
3.34083
3.29762
3.25497
3.21301
3.17187
3.13189
3.09341
3.05813
3.02722
6.16459
5.78756
5.41954
5.07295
4.75802
4.48044
4.24257
4.04188
3.87403
3.73305
3.61309
3.50924
3.41801
3.33943
3.27427
3.23762
3.24053
3.25924
3.31626
3.45306
3.74508
4.29336
4.66661
4.73087
4.70261
4.61408
4.42398
4.18784
3.98085
3.81062
3.67371
3.56587
3.48396
3.42663
3.38983
3.38307
3.38905
3.40774
3.44406
3.50011
3.5899
3.72095
3.8694
4.01836
4.15178
4.26124
4.34553
4.40805
4.45408
4.48859
4.51521
4.53585
4.55176
4.56257
4.5684
4.56902
4.56825
4.56574
4.55996
4.54827
4.53166
4.51144
4.48839
4.46298
4.43558
4.40635
4.37544
4.34292
4.30887
4.2733
4.23626
4.19773
4.15807
4.11749
4.07615
4.0341
3.99143
3.94819
3.90448
3.86036
3.81595
3.77129
3.72647
3.68156
3.63663
3.59174
3.54695
3.50232
3.45791
3.41378
3.37
3.32661
3.28371
3.24134
3.19964
3.15872
3.11891
3.08046
3.04519
3.01377
6.17683
5.82154
5.47542
5.14586
4.84164
4.56808
4.32838
4.12184
3.94597
3.79677
3.66983
3.56123
3.46866
3.39442
3.34154
3.34261
3.35754
3.40778
3.5328
3.80512
4.35722
4.89261
5.06991
5.05343
4.98777
4.83536
4.59039
4.36045
4.16257
3.99438
3.85117
3.72951
3.62722
3.54343
3.47742
3.43142
3.4015
3.40203
3.40892
3.42698
3.46512
3.527
3.62836
3.76274
3.90863
4.04977
4.17259
4.27041
4.34319
4.39532
4.43241
4.45925
4.47908
4.49363
4.50352
4.50862
4.50892
4.50811
4.50551
4.49954
4.48747
4.47053
4.44999
4.42659
4.40084
4.37306
4.34346
4.31214
4.27921
4.24462
4.20843
4.17088
4.13223
4.0926
4.05211
4.01082
3.96883
3.92621
3.88308
3.83951
3.79561
3.75145
3.70711
3.66266
3.61818
3.57371
3.52935
3.48512
3.44112
3.39739
3.35399
3.31099
3.26846
3.22647
3.18513
3.14454
3.10503
3.06677
3.03167
2.99996
6.18941
5.85177
5.52514
5.21192
4.9188
4.65098
4.41148
4.20134
4.01964
3.86371
3.7311
3.61915
3.52924
3.46336
3.45164
3.46381
3.50906
3.62553
3.88333
4.41297
5.05262
5.36112
5.35724
5.31556
5.20522
4.98236
4.74233
4.52959
4.34415
4.18028
4.03383
3.90262
3.78567
3.6829
3.59447
3.52101
3.46331
3.42343
3.40411
3.40568
3.41211
3.43131
3.47282
3.54264
3.65453
3.78969
3.93249
4.06552
4.17747
4.26383
4.3261
4.36906
4.39832
4.4184
4.43224
4.44107
4.44571
4.44561
4.44473
4.4421
4.43606
4.42383
4.40671
4.38594
4.36229
4.33625
4.30817
4.27822
4.24652
4.21296
4.17789
4.14152
4.10399
4.06537
4.02579
3.98532
3.94409
3.90218
3.85971
3.81676
3.77345
3.72985
3.68605
3.64211
3.59813
3.55414
3.51025
3.46649
3.42294
3.37966
3.33672
3.29418
3.25209
3.21056
3.16966
3.1295
3.09042
3.05249
3.01774
2.9859
6.20854
5.8839
5.57319
5.2742
4.9914
4.7295
4.49183
4.27994
4.0944
3.93391
3.79772
3.68679
3.60363
3.57459
3.58454
3.62442
3.73161
3.97357
4.47644
5.18483
5.58868
5.63755
5.60712
5.51599
5.32597
5.09836
4.88665
4.69649
4.52358
4.36394
4.21532
4.07711
3.94939
3.83277
3.72773
3.63504
3.55529
3.48925
3.43915
3.40453
3.39425
3.39464
3.4008
3.42218
3.46939
3.55117
3.66976
3.80512
3.94311
4.06802
4.16966
4.24514
4.29732
4.33167
4.35373
4.36755
4.37599
4.37958
4.3794
4.37836
4.37551
4.36931
4.35711
4.33994
4.31911
4.29532
4.26911
4.24078
4.21039
4.17821
4.14447
4.10936
4.073
4.03545
3.99685
3.95729
3.9169
3.87578
3.83405
3.79181
3.74916
3.70619
3.66299
3.61963
3.5762
3.53276
3.4894
3.44617
3.40316
3.36041
3.31799
3.27598
3.23444
3.19346
3.15312
3.11352
3.07501
3.03757
3.00335
2.97163
6.24346
5.92154
5.62127
5.33382
5.06021
4.80433
4.56937
4.3576
4.1702
4.00784
3.87286
3.76848
3.71653
3.72343
3.75747
3.85524
4.08161
4.55648
5.30205
5.78653
5.8854
5.86324
5.78989
5.63063
5.41669
5.21474
5.03108
4.86013
4.69733
4.54091
4.39069
4.2474
4.11195
3.98537
3.86833
3.76153
3.66549
3.58086
3.50837
3.4495
3.40538
3.38249
3.37093
3.37128
3.37872
3.40407
3.45859
3.55131
3.67429
3.81053
3.94345
4.05913
4.14994
4.21481
4.25755
4.28394
4.29939
4.3076
4.31039
4.31007
4.30883
4.30577
4.29928
4.28687
4.26999
4.24935
4.22565
4.19929
4.17059
4.13997
4.10773
4.074
4.03892
4.00256
3.96507
3.92654
3.88712
3.84691
3.80603
3.76459
3.7227
3.68045
3.63793
3.59522
3.55243
3.50961
3.46686
3.42424
3.38182
3.33968
3.29788
3.2565
3.2156
3.17527
3.13561
3.09671
3.05893
3.02218
2.98869
2.95736
6.30571
5.96851
5.67058
5.39128
5.12571
4.87576
4.64444
4.4344
4.24816
4.08823
3.9624
3.8809
3.88384
3.91136
3.99927
4.2108
4.65961
5.42138
5.95751
6.10875
6.09336
6.03465
5.90139
5.70254
5.51179
5.33843
5.17595
5.01809
4.86213
4.70798
4.55683
4.41018
4.26946
4.13589
4.01027
3.89328
3.7854
3.68707
3.5988
3.52128
3.4554
3.40361
3.3663
3.35068
3.33583
3.33689
3.34738
3.37855
3.44419
3.54697
3.67189
3.80601
3.93271
4.0392
4.11926
4.17385
4.20767
4.22655
4.23587
4.23794
4.23752
4.23607
4.23273
4.22582
4.21355
4.19698
4.1767
4.15304
4.12658
4.09788
4.06733
4.03513
4.00146
3.96643
3.93019
3.89283
3.85452
3.81534
3.77544
3.73491
3.69388
3.65243
3.61068
3.56873
3.52665
3.48454
3.44248
3.40056
3.35884
3.31741
3.27632
3.23568
3.19553
3.15599
3.11716
3.07911
3.04226
3.00643
2.9739
2.94332
6.38157
6.02665
5.72238
5.44691
5.18807
4.94429
4.71785
4.51208
4.3312
4.18363
4.077
4.06443
4.08678
4.16645
4.36608
4.79344
5.55764
6.12833
6.32119
6.30964
6.26019
6.1438
5.95756
5.77856
5.61725
5.46628
5.31801
5.16833
5.01666
4.86407
4.71255
4.56392
4.41986
4.28155
4.14995
4.02563
3.90915
3.80074
3.70087
3.60988
3.52823
3.45738
3.3983
3.35168
3.32323
3.3041
3.29313
3.29587
3.31061
3.3479
3.42421
3.53312
3.6617
3.79299
3.91222
4.00861
4.07794
4.12236
4.14763
4.15945
4.16234
4.16185
4.16019
4.1565
4.14902
4.13695
4.1208
4.10077
4.07735
4.05115
4.02268
3.9923
3.96026
3.92673
3.8919
3.85588
3.81882
3.78082
3.74203
3.70255
3.66249
3.62198
3.58112
3.54002
3.49877
3.45748
3.41623
3.37511
3.3342
3.29359
3.25334
3.21356
3.17431
3.1357
3.09787
3.06089
3.02518
2.99059
2.9593
2.92996
6.47707
6.10285
5.78128
5.50293
5.24859
5.01127
4.79176
4.59424
4.42716
4.30191
4.2659
4.28522
4.35932
4.54991
4.96146
5.7231
6.31426
6.53089
6.52202
6.47824
6.37182
6.19026
6.01887
5.8683
5.72971
5.59323
5.45344
5.3086
5.15972
5.00851
4.85729
4.70789
4.56208
4.42081
4.28518
4.15572
4.03294
3.91714
3.80865
3.70774
3.6149
3.53041
3.45517
3.39007
3.33665
3.29733
3.27303
3.25154
3.244
3.24889
3.26872
3.31384
3.4038
3.5154
3.64391
3.77088
3.88172
3.96728
4.02587
4.06072
4.07817
4.08323
4.08277
4.08102
4.07706
4.06911
4.05716
4.04119
4.02155
3.99863
3.97295
3.94491
3.91489
3.88315
3.84994
3.81542
3.77978
3.74313
3.70559
3.66729
3.62836
3.58891
3.54907
3.50896
3.46868
3.42834
3.38802
3.34785
3.30787
3.26822
3.22895
3.19018
3.152
3.11452
3.0779
3.04224
3.00798
2.97503
2.94536
2.91795
6.48411
6.19815
5.85366
5.56409
5.31091
5.08023
4.8705
4.68942
4.54856
4.49206
4.50836
4.57792
4.76285
5.16579
5.9258
6.52752
6.75687
6.7487
6.70335
6.59398
6.40889
6.24022
6.09745
5.96958
5.84483
5.71597
5.58045
5.43842
5.29161
5.14201
4.99181
4.84263
4.69607
4.55313
4.41486
4.28166
4.15433
4.03307
3.91829
3.81011
3.70863
3.61428
3.52753
3.44895
3.3793
3.32001
3.27162
3.2388
3.21286
3.19303
3.1924
3.19987
3.22441
3.27812
3.37472
3.49089
3.61772
3.73897
3.84069
3.91571
3.96399
3.98993
4.00003
3.99971
3.99816
3.99422
3.9863
3.97417
3.9583
3.93911
3.91688
3.89191
3.86451
3.83503
3.8038
3.77107
3.73705
3.70191
3.6658
3.62885
3.59121
3.55301
3.51437
3.47542
3.43626
3.39703
3.35781
3.31873
3.27985
3.24132
3.2032
3.16563
3.12872
3.09262
3.05748
3.0235
2.99107
2.96034
2.9328
2.90835
6.45073
6.27109
5.93332
5.63311
5.37866
5.15547
4.96258
4.81003
4.73866
4.7529
4.82037
5.0049
5.40965
6.17394
6.7779
7.00732
6.99715
6.94424
6.82022
6.62409
6.45378
6.31488
6.19432
6.07853
5.95911
5.83258
5.69854
5.55813
5.4131
5.26532
5.11653
4.96823
4.82177
4.67814
4.53828
4.40279
4.27226
4.14695
4.02726
3.91332
3.80542
3.70375
3.60854
3.52018
3.43907
3.36591
3.3016
3.24702
3.20545
3.17418
3.14873
3.13249
3.13447
3.14635
3.17738
3.24186
3.34107
3.46014
3.58422
3.69847
3.79032
3.85461
3.89259
3.91027
3.91267
3.91152
3.90802
3.90051
3.88809
3.87242
3.85385
3.83239
3.8082
3.78156
3.75282
3.72228
3.6902
3.65683
3.62236
3.58699
3.55084
3.5141
3.47685
3.43926
3.40143
3.36349
3.32555
3.28775
3.25016
3.21295
3.17619
3.14007
3.1047
3.07028
3.03701
3.00517
2.97513
2.94743
2.92279
2.90275
6.34806
6.26346
6.05093
5.72827
5.46085
5.24599
5.08133
5.00005
5.0137
5.0827
5.27434
5.6957
6.4743
7.07555
7.29165
7.2763
7.20774
7.05379
6.8473
6.67182
6.53227
6.41447
6.3035
6.19018
6.07033
5.94305
5.80897
5.66942
5.52586
5.37979
5.23255
5.08544
4.93953
4.79582
4.65511
4.51807
4.38522
4.25697
4.13364
4.01545
3.90265
3.79537
3.69381
3.59814
3.50865
3.42566
3.34976
3.28143
3.2222
3.17207
3.13589
3.10362
3.07971
3.06824
3.07222
3.08833
3.12602
3.20223
3.30369
3.42325
3.54352
3.64929
3.7304
3.78351
3.81216
3.82127
3.82058
3.81778
3.81141
3.79924
3.78438
3.76622
3.74526
3.7218
3.69606
3.66824
3.63858
3.60739
3.57492
3.54142
3.50704
3.47199
3.43637
3.40037
3.36407
3.32766
3.29121
3.25491
3.21884
3.1832
3.14808
3.11371
3.08023
3.04793
3.01703
2.98802
2.9612
2.93768
2.91723
2.90318
6.25047
6.22064
6.10116
5.84351
5.56778
5.36688
5.27289
5.28758
5.3623
5.56923
6.02389
6.83108
7.42763
7.6189
7.59531
7.50455
7.3097
7.08524
6.89917
6.75439
6.63499
6.52526
6.41507
6.29936
6.17682
6.04765
5.91297
5.77379
5.63135
5.48666
5.34086
5.1949
5.04975
4.90628
4.76522
4.62724
4.49284
4.36248
4.23645
4.11505
3.99847
3.88687
3.78039
3.67916
3.58336
3.49313
3.40882
3.33072
3.25946
3.1958
3.14036
3.0962
3.06015
3.02951
3.00631
3.00407
3.00988
3.02937
3.07248
3.15757
3.26259
3.38014
3.49473
3.59098
3.66128
3.7033
3.72429
3.72448
3.72303
3.71853
3.70885
3.6938
3.67568
3.65533
3.6328
3.60812
3.58144
3.55302
3.52308
3.49187
3.45961
3.42654
3.39282
3.35864
3.32414
3.28949
3.2548
3.22027
3.18601
3.15226
3.11913
3.08692
3.05582
3.02623
2.99848
2.97325
2.95096
2.93333
2.91837
2.9088
6.02333
6.14562
6.09479
5.95678
5.70818
5.56405
5.57792
5.6588
5.88806
6.39225
7.24976
7.84063
7.99453
7.95923
7.83923
7.59133
7.34191
7.14105
6.98681
6.86201
6.74978
6.63965
6.52549
6.40523
6.27905
6.14751
6.01174
5.87241
5.73056
5.58677
5.44204
5.29701
5.15263
5.00951
4.86844
4.72995
4.59458
4.46275
4.33478
4.21097
4.09151
3.97657
3.86627
3.76075
3.66006
3.56436
3.47373
3.38844
3.30873
3.23506
3.16787
3.10839
3.05703
3.01735
2.97956
2.95147
2.93232
2.93379
2.94304
2.96793
3.02046
3.10863
3.21628
3.33146
3.43871
3.52476
3.58336
3.61721
3.62738
3.62647
3.62296
3.61496
3.60024
3.58315
3.56345
3.54178
3.5183
3.49309
3.46621
3.43783
3.40815
3.37748
3.346
3.31398
3.28155
3.24898
3.21635
3.18394
3.15185
3.12039
3.08973
3.06025
3.03224
3.00623
2.98275
2.96272
2.9474
2.93592
2.92612
2.92372
5.47786
6.03976
6.0679
6.02552
5.91476
5.91975
5.99747
6.24391
6.79338
7.72572
8.31703
8.42043
8.36889
8.21265
7.90072
7.62337
7.4046
7.23795
7.10441
6.98624
6.87212
6.75516
6.63391
6.50785
6.37747
6.24325
6.10598
5.96607
5.82425
5.6809
5.53683
5.39249
5.24872
5.10601
4.96507
4.82637
4.69043
4.55762
4.42828
4.30266
4.18102
4.06348
3.95021
3.84127
3.73676
3.63674
3.54126
3.4505
3.36449
3.28353
3.20787
3.13804
3.0748
3.01848
2.97199
2.93155
2.89599
2.86944
2.85799
2.86105
2.87371
2.90418
2.96678
3.0579
3.16616
3.27753
3.37571
3.45204
3.49791
3.52205
3.52435
3.52262
3.51762
3.5064
3.48957
3.47049
3.4498
3.42764
3.40394
3.37875
3.35216
3.32439
3.29563
3.2662
3.23627
3.20615
3.17599
3.14611
3.11668
3.08807
3.06056
3.03461
3.01073
2.98956
2.97202
2.96019
2.95147
2.94667
2.9474
2.95137
4.23501
5.73092
6.03133
6.09903
6.15969
6.30958
6.65659
7.37243
8.29338
8.85552
8.89061
8.81477
8.60628
8.24736
7.93418
7.69325
7.51277
7.36821
7.24061
7.11821
6.99521
6.86901
6.73955
6.60717
6.47222
6.33501
6.19582
6.0549
5.91261
5.76929
5.62546
5.48157
5.33823
5.19592
5.05519
4.91648
4.78024
4.64681
4.51651
4.3896
4.2663
4.14676
4.03113
3.91949
3.81193
3.70844
3.60915
3.5141
3.42326
3.33673
3.25474
3.17755
3.10557
3.03928
2.97943
2.92732
2.88324
2.84212
2.80956
2.785
2.78372
2.78839
2.80414
2.83967
2.91129
3.00595
3.11381
3.21942
3.30955
3.37183
3.40674
3.42105
3.42041
3.4173
3.40984
3.39489
3.37735
3.35766
3.33668
3.3146
3.29132
3.26691
3.24143
3.21514
3.18824
3.16109
3.13393
3.10715
3.08104
3.05606
3.03266
3.01143
2.99327
2.97854
2.97113
2.96574
2.96641
2.97046
2.98136
3.00626
2.76528
4.98741
5.90187
6.2416
6.53612
7.08182
8.00879
9.00125
9.4777
9.4543
9.31347
8.99521
8.60821
8.27213
8.00882
7.81284
7.65624
7.51759
7.38444
7.25129
7.11661
6.98016
6.84244
6.70367
6.56396
6.42334
6.28176
6.13929
5.99602
5.85228
5.70834
5.56465
5.42159
5.27963
5.13913
5.00056
4.8642
4.73043
4.59947
4.47162
4.34707
4.22593
4.10841
3.99461
3.88452
3.77818
3.67569
3.57696
3.48222
3.39144
3.30468
3.22205
3.14375
3.07003
3.00138
2.93852
2.88189
2.83368
2.78914
2.74968
2.72094
2.70395
2.70534
2.71306
2.73387
2.77829
2.85756
2.95506
3.06053
3.15884
3.23532
3.28446
3.31058
3.31635
3.31505
3.31065
3.3007
3.28421
3.26611
3.24666
3.22636
3.20528
3.18337
3.16073
3.1375
3.114
3.09058
3.06771
3.04585
3.02567
3.00773
2.99314
2.98252
2.97873
2.97902
2.98203
2.99136
3.01207
3.04223
3.10323
2.02307
3.44882
5.5133
6.47096
7.32638
8.65553
9.85034
10.2365
10.1631
9.9095
9.40159
8.97667
8.62535
8.3466
8.13985
7.97185
7.82119
7.67558
7.52986
7.38308
7.23593
7.08922
6.94315
6.7979
6.65311
6.50856
6.36397
6.21936
6.07457
5.92991
5.78549
5.64169
5.49872
5.357
5.21673
5.07834
4.942
4.80808
4.67671
4.54818
4.42272
4.3005
4.18158
4.06596
3.9539
3.8453
3.7402
3.63855
3.54051
3.44607
3.35531
3.26825
3.18506
3.10586
3.03092
2.96053
2.89532
2.83548
2.78333
2.73533
2.69226
2.65697
2.6313
2.62513
2.62803
2.63871
2.66593
2.7212
2.80503
2.90501
3.00721
3.09393
3.15704
3.19363
3.21215
3.21203
3.21008
3.20455
3.19273
3.17653
3.159
3.14086
3.12235
3.1035
3.08436
3.06529
3.04655
3.02879
3.01255
2.99896
2.98851
2.98309
2.98381
2.98698
2.9957
3.01436
3.04431
3.09565
3.14173
3.23383
1.5994
2.4918
4.54959
6.77561
9.02845
10.8052
11.1313
10.9731
10.5271
9.88126
9.36665
8.98813
8.69814
8.48761
8.31318
8.15198
7.99329
7.83359
7.67283
7.51236
7.35338
7.19681
7.04241
6.89045
6.74004
6.59092
6.44264
6.2952
6.14843
6.00251
5.85729
5.71314
5.57002
5.42837
5.28818
5.14989
5.01356
4.87955
4.74799
4.61916
4.49303
4.36983
4.24967
4.1326
4.01875
3.90808
3.80074
3.69666
3.59592
3.49852
3.40451
3.31393
3.22686
3.14337
3.06363
2.9878
2.91623
2.84923
2.78737
2.73175
2.68129
2.63499
2.59469
2.56524
2.54631
2.54684
2.55196
2.56735
2.60148
2.66999
2.75949
2.85964
2.95276
3.02604
3.07536
3.10222
3.11225
3.11167
3.10899
3.10256
3.0897
3.07537
3.06012
3.04492
3.0301
3.01618
3.00308
2.99224
2.98332
2.97901
2.97978
2.98347
2.9921
3.00971
3.03652
3.08139
3.13697
3.21495
3.27883
3.38837
1.38649
1.97888
3.48117
6.94284
11.7857
12.2327
11.9123
11.1458
10.3851
9.78249
9.3695
9.06292
8.84986
8.67523
8.50732
8.33648
8.16202
7.98616
7.811
7.63814
7.46842
7.30234
7.13976
6.98018
6.82365
6.66949
6.51717
6.36649
6.21725
6.06945
5.92303
5.77811
5.63467
5.4929
5.35283
5.21467
5.07849
4.94453
4.81286
4.68365
4.55703
4.43309
4.31198
4.19371
4.07843
3.96611
3.85688
3.75071
3.64766
3.54775
3.451
3.3575
3.26723
3.18032
3.09682
3.01685
2.94061
2.8683
2.80028
2.73695
2.67907
2.62657
2.57754
2.53471
2.50036
2.47645
2.4682
2.47034
2.47923
2.50171
2.54871
2.62713
2.72096
2.81559
2.89648
2.95573
2.99356
3.01184
3.01849
3.01776
3.01499
3.0087
2.99775
2.98709
2.97709
2.96925
2.96237
2.96147
2.96259
2.967
2.97776
2.99569
3.02088
3.06099
3.11697
3.18923
3.26859
3.3643
3.43811
3.54686
1.31085
1.83875
3.32269
7.43864
13.0578
12.7042
11.7723
10.8508
10.1777
9.76086
9.45002
9.23361
9.05814
8.8838
8.70154
8.51295
8.32197
8.13179
7.94444
7.7608
7.58129
7.40595
7.23482
7.06738
6.90381
6.74381
6.58698
6.43262
6.28064
6.13066
5.98279
5.83676
5.69277
5.5506
5.41049
5.27228
5.13624
5.00225
4.87058
4.74115
4.61423
4.48971
4.36787
4.2486
4.13213
4.01838
3.90753
3.79955
3.69452
3.59249
3.49343
3.3975
3.3046
3.21494
3.12843
3.04527
2.96548
2.88927
2.81677
2.74832
2.68421
2.62508
2.57094
2.52042
2.47552
2.43807
2.41094
2.39387
2.39441
2.39913
2.41341
2.44521
2.50944
2.59457
2.68733
2.77263
2.84085
2.88741
2.91575
2.92918
2.93496
2.93472
2.93355
2.93088
2.92779
2.92807
2.92983
2.93507
2.94682
2.97043
2.99472
3.03139
3.08363
3.15377
3.23686
3.33125
3.42531
3.5233
3.59243
3.68419
1.30217
1.83585
3.43625
8.25673
12.8045
12.1883
11.1465
10.4849
10.1044
9.8347
9.63479
9.45427
9.26779
9.07229
8.87069
8.66682
8.46381
8.26351
8.0669
7.87445
7.68635
7.50265
7.32353
7.14861
6.97786
6.8116
6.64973
6.49147
6.33653
6.18433
6.03486
5.8877
5.74299
5.60039
5.46011
5.32186
5.18588
5.05195
4.9203
4.79079
4.66363
4.53873
4.41629
4.29627
4.17881
4.06395
3.95175
3.84232
3.73563
3.63188
3.53091
3.43302
3.33798
3.24611
3.15721
3.07155
2.98904
2.90988
2.83412
2.76198
2.69364
2.62942
2.56979
2.51472
2.46338
2.41738
2.37841
2.34789
2.32715
2.32269
2.32525
2.33477
2.35803
2.40648
2.48236
2.57203
2.6596
2.73354
2.78853
2.82557
2.84754
2.86059
2.86871
2.87492
2.88122
2.89031
2.90364
2.92587
2.95404
2.99084
3.03856
3.10514
3.18779
3.28338
3.38548
3.48832
3.58034
3.66422
3.71725
3.78644
1.30487
1.83233
3.45401
8.38812
12.4512
11.6394
10.7993
10.3915
10.1663
9.99516
9.81836
9.62504
9.42053
9.21092
8.99981
8.78916
8.58026
8.374
8.17104
7.97192
7.777
7.58667
7.40097
7.22007
7.04359
6.87162
6.70454
6.54228
6.38418
6.22981
6.07861
5.9304
5.78481
5.64183
5.50119
5.36296
5.2269
5.09312
4.96144
4.832
4.70465
4.57958
4.45667
4.33618
4.21794
4.10228
3.98901
3.87848
3.77048
3.66536
3.56289
3.46342
3.36672
3.27307
3.18234
3.09469
3.01015
2.92871
2.85059
2.77572
2.70443
2.6367
2.57296
2.51351
2.45817
2.40668
2.36052
2.32062
2.28816
2.26557
2.25594
2.25744
2.26415
2.28175
2.31934
2.38824
2.47231
2.55951
2.63753
2.70046
2.74643
2.77955
2.80266
2.82205
2.84154
2.86353
2.89482
2.93356
2.97978
3.04031
3.12109
3.21685
3.32326
3.4332
3.53812
3.63169
3.70701
3.76903
3.80454
3.85583
1.30161
1.84239
3.48167
8.50511
12.3918
11.5217
10.754
10.409
10.2391
10.0853
9.90838
9.71273
9.50792
9.29923
9.08881
8.87772
8.66704
8.45785
8.25118
8.04784
7.84849
7.65354
7.46332
7.27798
7.09748
6.92149
6.75024
6.58417
6.42306
6.26638
6.11353
5.96417
5.81782
5.67439
5.53351
5.39522
5.25919
5.12555
4.99394
4.86464
4.73725
4.61218
4.489
4.36826
4.2495
4.13331
4.01928
3.90796
3.79899
3.69285
3.58925
3.48857
3.3906
3.29561
3.20348
3.11434
3.02824
2.94514
2.86523
2.78841
2.71494
2.64478
2.57824
2.51536
2.45672
2.40162
2.35077
2.30488
2.26479
2.23177
2.20787
2.19535
2.19623
2.20125
2.21526
2.24588
2.3074
2.38761
2.47492
2.55797
2.62931
2.68702
2.73294
2.772
2.80952
2.85168
2.90243
2.96072
3.03582
3.12877
3.23647
3.35221
3.46764
3.57415
3.66523
3.73876
3.79363
3.83706
3.86047
3.90274
1.30208
1.84316
3.491
8.53816
12.3457
11.4562
10.6912
10.3778
10.2344
10.1003
9.93694
9.75133
9.55424
9.35107
9.14398
8.93445
8.72399
8.51413
8.30616
8.10109
7.89963
7.7023
7.50948
7.32144
7.13832
6.96005
6.78648
6.61773
6.45404
6.29525
6.14084
5.99033
5.84331
5.69939
5.55837
5.41994
5.28404
5.15041
5.01903
4.88972
4.7625
4.6373
4.51416
4.39309
4.27418
4.15747
4.04309
3.93105
3.82156
3.71454
3.61025
3.50858
3.40977
3.31369
3.22058
3.13029
3.04304
2.9587
2.87747
2.79924
2.7242
2.65233
2.58379
2.5187
2.4572
2.39962
2.34555
2.29577
2.2507
2.21121
2.17847
2.15415
2.14095
2.14162
2.14592
2.15844
2.18619
2.24234
2.32119
2.41041
2.50026
2.58286
2.65616
2.72208
2.78558
2.8551
2.92891
3.01879
3.12553
3.24391
3.3672
3.48615
3.59281
3.68207
3.7527
3.80688
3.84682
3.8794
3.89819
3.93596
1.30323
1.8362
3.48563
8.52627
12.3422
11.4337
10.6361
10.325
10.2096
10.0973
9.94821
9.77175
9.58061
9.38131
9.17659
8.96844
8.75871
8.54915
8.34116
8.13576
7.93368
7.73542
7.54142
7.35198
7.1674
6.98772
6.81294
6.64279
6.47754
6.31713
6.16132
6.00974
5.86197
5.71763
5.57635
5.43789
5.30199
5.16849
5.03719
4.90803
4.78089
4.65575
4.53262
4.41148
4.29245
4.17551
4.06088
3.94846
3.83856
3.73104
3.6262
3.52393
3.42445
3.3277
3.23381
3.14278
3.05465
2.96948
2.88725
2.80807
2.73188
2.65882
2.5889
2.52225
2.45892
2.39922
2.34296
2.29055
2.24227
2.19864
2.16038
2.12871
2.10502
2.09331
2.09417
2.09884
2.11156
2.13958
2.19623
2.27676
2.37202
2.47237
2.5731
2.67095
2.76953
2.87056
2.98244
3.10483
3.23528
3.36562
3.48762
3.59394
3.68163
3.75088
3.80445
3.8461
3.87844
3.90653
3.92441
3.96035
1.2996
1.8318
3.47307
8.50511
12.3693
11.4375
10.6008
10.2821
10.1828
10.0889
9.95113
9.78109
9.59393
9.39743
9.19478
8.98804
8.77919
8.57016
8.36249
8.15728
7.95522
7.75681
7.56241
7.37241
7.18708
7.00665
6.83113
6.66045
6.4945
6.3331
6.17636
6.02396
5.87556
5.73078
5.58926
5.45069
5.3148
5.18134
5.05015
4.92106
4.79402
4.66893
4.54583
4.42468
4.30557
4.18853
4.07369
3.96108
3.85085
3.74303
3.63779
3.5351
3.43515
3.33787
3.24348
3.1518
3.06317
2.97724
2.89449
2.81444
2.73765
2.66361
2.5929
2.52508
2.46067
2.3994
2.3417
2.28747
2.23705
2.19074
2.14905
2.11273
2.08311
2.06131
2.054
2.05557
2.06168
2.0769
2.10913
2.1726
2.26091
2.3685
2.49074
2.62141
2.75995
2.90268
3.05179
3.20073
3.34315
3.47066
3.57902
3.66666
3.73597
3.79035
3.83372
3.86924
3.89872
3.92549
3.94356
3.97822
1.30083
1.82388
3.46342
8.48637
12.4041
11.4483
10.58
10.2514
10.1602
10.0781
9.94896
9.78369
9.59962
9.40541
9.20455
8.99909
8.79104
8.58244
8.37503
8.16999
7.96804
7.76963
7.5751
7.38484
7.19912
7.01824
6.84226
6.67119
6.50472
6.34307
6.18584
6.03294
5.8841
5.739
5.59732
5.45868
5.32281
5.18939
5.05829
4.92928
4.80232
4.67728
4.55422
4.43307
4.31394
4.19685
4.0819
3.96918
3.85875
3.75078
3.64523
3.54237
3.44204
3.34457
3.24972
3.15784
3.06868
2.98252
2.8992
2.81884
2.74145
2.66699
2.59563
2.52722
2.46205
2.39998
2.34136
2.28603
2.23431
2.1864
2.14266
2.10374
2.07026
2.0442
2.02679
2.02715
2.03031
2.03966
2.06071
2.10395
2.18129
2.28714
2.42273
2.58084
2.75733
2.93933
3.11874
3.28298
3.42535
3.54169
3.63414
3.7063
3.76345
3.80966
3.84833
3.88154
3.91031
3.93686
3.95564
3.98855
1.29984
1.82108
3.45713
8.47634
12.4278
11.4571
10.5714
10.236
10.148
10.072
9.9476
9.7852
9.60291
9.40993
9.20997
9.0051
8.79736
8.58886
8.38147
8.17644
7.97449
7.77608
7.5815
7.39112
7.20523
7.02414
6.84794
6.67668
6.51016
6.34824
6.19075
6.03758
5.8885
5.74321
5.60141
5.4627
5.32682
5.1934
5.06232
4.93331
4.80636
4.68132
4.55824
4.43706
4.31788
4.20072
4.08568
3.97287
3.86231
3.75422
3.6485
3.54551
3.44496
3.34736
3.25225
3.16026
3.07079
2.98454
2.90085
2.8204
2.74261
2.66804
2.59625
2.52764
2.46203
2.39962
2.34046
2.28464
2.23234
2.18374
2.1391
2.09909
2.06384
2.03606
2.01393
2.01179
2.0139
2.02086
2.03753
2.07188
2.14078
2.24327
2.38454
2.55986
2.76125
2.96909
3.16564
3.33468
3.47211
3.57866
3.66084
3.72461
3.77596
3.81867
3.85551
3.88794
3.91654
3.94298
3.96217
3.99387
)
;

boundaryField
{
    inlet
    {
        type            fixedValue;
        value           uniform 1;
    }
    outlet
    {
        type            waveTransmissive;
        gamma           1.4;
        fieldInf        1;
        lInf            3;
        value           nonuniform List<scalar> 
40
(
3.13167
3.12833
3.12274
3.11455
3.10495
3.09406
3.08257
3.07051
3.05831
3.0457
3.03294
3.0198
3.00642
2.99266
2.97867
2.96447
2.95025
2.93628
2.92298
2.91102
2.90145
2.89586
2.89627
2.90183
2.91662
2.94407
2.99853
3.09477
3.22433
3.37767
3.53495
3.67129
3.77285
3.84175
3.88828
3.92117
3.94529
3.9629
3.9731
3.97836
)
;
    }
    bottom
    {
        type            symmetryPlane;
    }
    top
    {
        type            symmetryPlane;
    }
    obstacle
    {
        type            zeroGradient;
    }
    defaultFaces
    {
        type            empty;
    }
}


// ************************************************************************* //
