/*--------------------------------*- C++ -*----------------------------------*\
  =========                 |
  \\      /  F ield         | OpenFOAM: The Open Source CFD Toolbox
   \\    /   O peration     | Website:  https://openfoam.org
    \\  /    A nd           | Version:  10
     \\/     M anipulation  |
\*---------------------------------------------------------------------------*/
FoamFile
{
    format      ascii;
    class       volScalarField;
    location    "6.5";
    object      rho;
}
// * * * * * * * * * * * * * * * * * * * * * * * * * * * * * * * * * * * * * //

dimensions      [1 -3 0 0 0 0 0];

internalField   nonuniform List<scalar> 
5250
(
1.40001
1.40003
1.40007
1.40018
1.40041
1.40108
1.40254
1.40642
1.41546
1.43796
1.48912
1.60505
1.84637
2.40751
4.68962
5.81603
5.72175
5.65219
5.67058
5.74789
5.83318
5.88473
5.92259
5.9549
5.98601
1.40001
1.40003
1.40006
1.40018
1.40039
1.40112
1.40235
1.40674
1.41434
1.43908
1.48576
1.60472
1.83943
2.39374
4.64168
5.82006
5.72228
5.64923
5.66803
5.74593
5.83129
5.88304
5.92173
5.95487
5.9869
1.40001
1.40002
1.40007
1.40015
1.40044
1.40094
1.40261
1.4058
1.41547
1.43517
1.48754
1.59471
1.8324
2.36121
4.53504
5.82988
5.72282
5.6399
5.65813
5.73569
5.81974
5.87022
5.90874
5.94211
5.97459
1.40001
1.40002
1.40007
1.40015
1.40041
1.40091
1.40251
1.40544
1.41505
1.43314
1.48425
1.58658
1.81579
2.31546
4.36649
5.84837
5.72496
5.62473
5.64146
5.71568
5.79991
5.84948
5.88634
5.91616
5.94882
1.40001
1.40002
1.40005
1.40016
1.40034
1.40095
1.40211
1.40565
1.4129
1.43331
1.47597
1.57968
1.79034
2.25805
4.13482
5.87635
5.73036
5.60472
5.61884
5.68877
5.76844
5.815
5.85186
5.8853
5.91782
1.40001
1.40002
1.40006
1.40013
1.40036
1.40077
1.40217
1.4047
1.4129
1.42865
1.47325
1.56228
1.76619
2.18689
3.83912
5.91224
5.74045
5.58219
5.59178
5.65564
5.73201
5.77305
5.80393
5.83288
5.86878
1.40001
1.40002
1.40005
1.40012
1.40032
1.40072
1.4019
1.4044
1.41129
1.42649
1.46531
1.54836
1.7335
2.11257
3.4912
5.94491
5.75583
5.5584
5.56093
5.61194
5.68313
5.71867
5.74238
5.7649
5.79983
1.40001
1.40002
1.40005
1.40011
1.40028
1.40064
1.40173
1.40376
1.41043
1.42267
1.45934
1.5313
1.7008
2.03861
3.10714
5.94021
5.7661
5.53763
5.53018
5.56316
5.62278
5.64674
5.65747
5.66662
5.69706
1.40001
1.40002
1.40004
1.4001
1.40023
1.40064
1.40134
1.40389
1.40806
1.42287
1.44915
1.52351
1.66831
1.98295
2.87439
5.76419
5.70096
5.50004
5.48654
5.50014
5.54642
5.5551
5.54567
5.52857
5.53461
1.40001
1.40001
1.40004
1.40009
1.40022
1.40052
1.40135
1.40307
1.40819
1.41837
1.44749
1.50701
1.64652
1.92864
2.67777
5.41312
5.55637
5.47238
5.42584
5.42646
5.44815
5.43662
5.40215
5.32792
5.27122
1.40001
1.40001
1.40003
1.40008
1.4002
1.40045
1.4012
1.4027
1.40728
1.41616
1.44234
1.49494
1.62153
1.87693
2.5032
4.97998
5.48114
5.4339
5.35518
5.34621
5.33447
5.30027
5.207
4.98852
4.36219
1.40001
1.40001
1.40003
1.40007
1.40015
1.40044
1.40091
1.40265
1.40552
1.41573
1.43378
1.4874
1.59056
1.82674
2.34156
4.47097
5.44061
5.40121
5.2918
5.25539
5.22311
5.15384
5.00214
4.69042
4.02427
1.40001
1.40001
1.40002
1.40006
1.40013
1.40036
1.40081
1.40214
1.40494
1.41272
1.42968
1.47306
1.56486
1.76799
2.19269
3.88777
5.42999
5.38093
5.24479
5.16845
5.11447
5.013
4.82353
4.4956
3.96907
1.40001
1.40001
1.40002
1.40005
1.40011
1.40031
1.40064
1.40183
1.40385
1.41088
1.42336
1.46161
1.53498
1.70983
2.05267
3.23913
5.39958
5.36118
5.22421
5.09662
5.01285
4.88959
4.69109
4.38868
3.97704
1.40001
1.40001
1.40002
1.40004
1.40009
1.40024
1.40053
1.40147
1.40311
1.40877
1.41873
1.45005
1.5095
1.65546
1.93924
2.71773
5.20864
5.29643
5.20824
5.03994
4.92816
4.79323
4.59984
4.32581
3.98487
1.40001
1.40001
1.40002
1.40003
1.40008
1.40017
1.40049
1.40102
1.4029
1.40619
1.41704
1.43745
1.49458
1.60683
1.85815
2.43179
4.67947
5.19174
5.14082
4.99444
4.857
4.7142
4.53019
4.28461
3.9876
1.40001
1.40001
1.40001
1.40003
1.40007
1.40014
1.40039
1.40081
1.40233
1.40487
1.41377
1.42958
1.47691
1.56782
1.77842
2.21092
3.96012
5.10755
5.07989
4.96641
4.80334
4.65096
4.47306
4.2506
3.98775
1.40001
1.40001
1.40001
1.40002
1.40005
1.40011
1.4003
1.40065
1.40173
1.40396
1.41018
1.42369
1.45875
1.53287
1.70059
2.02942
3.17303
5.02969
5.03862
4.96038
4.78258
4.60657
4.43063
4.22518
3.98897
1.40001
1.40001
1.40001
1.40002
1.40004
1.40009
1.40022
1.4005
1.4013
1.40294
1.40785
1.41741
1.44517
1.50081
1.63331
1.89135
2.55559
4.75443
5.0104
4.94275
4.77509
4.57788
4.39933
4.2073
3.99178
1.40001
1.40001
1.40001
1.40002
1.40003
1.40007
1.40016
1.40041
1.4009
1.40249
1.40525
1.41473
1.43159
1.48145
1.57773
1.79638
2.25556
4.07524
4.91542
4.88278
4.77014
4.56393
4.38009
4.19558
3.99629
1.40001
1.40001
1.40001
1.40001
1.40002
1.40006
1.40011
1.40031
1.40065
1.40185
1.40387
1.41088
1.42329
1.46128
1.53351
1.70617
2.03184
3.22684
4.80359
4.8291
4.76015
4.58577
4.37895
4.19275
4.0049
1.40001
1.40001
1.40001
1.40001
1.40002
1.40004
1.40009
1.4002
1.40054
1.40113
1.40323
1.40673
1.41878
1.44036
1.50176
1.62098
1.87042
2.48728
4.49619
4.81086
4.7542
4.6093
4.39151
4.19868
4.01596
1.40001
1.40001
1.40001
1.40001
1.40001
1.40003
1.40006
1.40015
1.40036
1.40087
1.40219
1.40505
1.41312
1.42955
1.4741
1.56396
1.76379
2.16856
3.75802
4.73283
4.70945
4.62279
4.42567
4.2182
4.03274
1.40001
1.40001
1.40001
1.40001
1.40001
1.40002
1.40005
1.4001
1.40027
1.40057
1.40159
1.40342
1.40926
1.42042
1.45256
1.51593
1.66631
1.93962
2.81777
4.54432
4.68956
4.6289
4.46852
4.25108
4.05885
1.40001
1.40001
1.40001
1.40001
1.40001
1.40002
1.40004
1.40007
1.40019
1.40039
1.40111
1.40231
1.4065
1.4138
1.43708
1.48048
1.59216
1.79858
2.28404
4.02482
4.63433
4.60254
4.50069
4.2916
4.09117
1.40001
1.40001
1.40001
1.40001
1.40001
1.40001
1.40003
1.40005
1.40013
1.40028
1.40076
1.40157
1.40448
1.40928
1.42584
1.4552
1.53651
1.69107
2.00597
3.12903
4.47736
4.55836
4.5071
4.3552
4.13159
1.40001
1.40001
1.40001
1.40001
1.40001
1.40001
1.40002
1.40004
1.40008
1.4002
1.40047
1.40113
1.4028
1.4065
1.41647
1.43774
1.49095
1.60209
1.81933
2.34668
4.08501
4.52361
4.4905
4.39456
4.18547
1.40001
1.40001
1.40001
1.40001
1.40001
1.40001
1.40001
1.40003
1.40005
1.40014
1.40029
1.40081
1.40169
1.40469
1.41008
1.42679
1.45899
1.54232
1.70292
2.02804
3.22512
4.38638
4.45336
4.40645
4.27118
1.40001
1.40001
1.40001
1.40001
1.40001
1.40001
1.40001
1.40002
1.40004
1.40009
1.4002
1.40051
1.4011
1.40302
1.40637
1.41748
1.43733
1.49439
1.60236
1.81906
2.35059
4.03156
4.42613
4.39909
4.31681
1.40001
1.40001
1.40001
1.40001
1.40001
1.40001
1.40001
1.40001
1.40003
1.40006
1.40013
1.40031
1.40078
1.40175
1.40463
1.4101
1.42671
1.45858
1.541
1.69893
2.01901
3.19393
4.28439
4.37119
4.32987
1.40001
1.40001
1.40001
1.40001
1.40001
1.40001
1.40001
1.40001
1.40002
1.40004
1.40009
1.4002
1.40048
1.40116
1.40268
1.40686
1.4155
1.43895
1.48753
1.59985
1.80011
2.31035
3.91222
4.33534
4.31708
1.40001
1.40001
1.40001
1.40001
1.40001
1.40001
1.40001
1.40001
1.40001
1.40002
1.40006
1.40012
1.4003
1.40072
1.4017
1.40431
1.40972
1.42491
1.45574
1.53248
1.68245
1.97788
3.0408
4.16293
4.29492
1.40001
1.40001
1.40001
1.40001
1.40001
1.40001
1.40001
1.40001
1.40001
1.40002
1.40004
1.40008
1.40019
1.40042
1.40113
1.40236
1.40662
1.41371
1.43712
1.47894
1.58737
1.77091
2.23122
3.7308
4.23568
1.40001
1.40001
1.40001
1.40001
1.40001
1.40001
1.40001
1.40001
1.40001
1.40001
1.40002
1.40005
1.40012
1.40027
1.40064
1.40159
1.40364
1.40929
1.42082
1.45201
1.51517
1.65568
1.90543
2.7634
4.00662
1.40001
1.40001
1.40001
1.40001
1.40001
1.40001
1.40001
1.40001
1.40001
1.40001
1.40002
1.40003
1.40008
1.40015
1.40042
1.40087
1.40238
1.40502
1.41361
1.42914
1.47418
1.55882
1.73506
2.11537
3.4431
1.40001
1.40001
1.40001
1.40001
1.40001
1.40001
1.40001
1.40001
1.40001
1.40001
1.40001
1.40002
1.40004
1.40011
1.40022
1.40059
1.40122
1.40333
1.40706
1.41887
1.44051
1.50037
1.61037
1.81981
2.39684
1.40001
1.40001
1.40001
1.40001
1.40001
1.40001
1.40001
1.40001
1.40001
1.40001
1.40001
1.40001
1.40003
1.40006
1.40014
1.40032
1.40077
1.40188
1.40433
1.411
1.42449
1.46106
1.53332
1.6894
1.9892
1.40001
1.40001
1.40001
1.40001
1.40001
1.40001
1.40001
1.40001
1.40001
1.40001
1.40001
1.40001
1.40002
1.40004
1.40008
1.4002
1.40045
1.40107
1.4026
1.40602
1.415
1.43398
1.48147
1.57792
1.75724
1.40001
1.40001
1.40001
1.40001
1.40001
1.40001
1.40001
1.40001
1.40001
1.40001
1.40001
1.40001
1.40001
1.40002
1.40005
1.40012
1.40025
1.40067
1.40139
1.40381
1.40797
1.42142
1.44556
1.51267
1.63231
1.40001
1.40001
1.40001
1.40001
1.40001
1.40001
1.40001
1.40001
1.40001
1.40001
1.40001
1.40001
1.40001
1.40002
1.40003
1.40007
1.40016
1.40037
1.40089
1.40214
1.40498
1.41241
1.42808
1.46822
1.55075
1.40001
1.40001
1.40001
1.40001
1.40001
1.40001
1.40001
1.40001
1.40001
1.40001
1.40001
1.40001
1.40001
1.40001
1.40002
1.40005
1.4001
1.40024
1.40056
1.40133
1.4033
1.40754
1.41908
1.4429
1.50354
1.40001
1.40001
1.40001
1.40001
1.40001
1.40001
1.40001
1.40001
1.40001
1.40001
1.40001
1.40001
1.40001
1.40001
1.40002
1.40003
1.40008
1.40016
1.40045
1.40094
1.4026
1.40558
1.41516
1.43345
1.48479
1.40001
1.40001
1.40001
1.40001
1.40001
1.40001
1.40001
1.40001
1.40001
1.40001
1.40001
1.40001
1.40001
1.40001
1.40002
1.40003
1.40007
1.40014
1.40039
1.40083
1.40231
1.40513
1.4138
1.43163
1.47978
1.40001
1.40001
1.40001
1.40001
1.40001
1.40001
1.40001
1.40001
1.40001
1.40001
1.40001
1.40001
1.40001
1.40001
1.40001
1.40003
1.40006
1.40015
1.40034
1.40085
1.40216
1.4051
1.41332
1.43133
1.47801
1.40001
1.40001
1.40001
1.40001
1.40001
1.40001
1.40001
1.40001
1.40001
1.40001
1.40001
1.40001
1.40001
1.40001
1.40001
1.40003
1.40006
1.40013
1.40037
1.40077
1.40225
1.40481
1.41371
1.43035
1.47946
1.40001
1.40001
1.40001
1.40001
1.40001
1.40001
1.40001
1.40001
1.40001
1.40001
1.40001
1.40001
1.40001
1.40001
1.40001
1.40002
1.40006
1.40013
1.40035
1.40081
1.40209
1.40514
1.41287
1.43179
1.47716
1.40001
1.40001
1.40001
1.40001
1.40001
1.40001
1.40001
1.40001
1.40001
1.40001
1.40001
1.40001
1.40001
1.40001
1.40001
1.40003
1.40006
1.40013
1.40034
1.40079
1.40215
1.40486
1.41335
1.43049
1.47817
1.40001
1.40001
1.40001
1.40001
1.40001
1.40001
1.40001
1.40001
1.40001
1.40001
1.40001
1.40001
1.40001
1.40001
1.40001
1.40003
1.40006
1.40013
1.40035
1.40075
1.40221
1.40465
1.41354
1.42976
1.47827
1.40001
1.40001
1.40001
1.40001
1.40001
1.40001
1.40001
1.40001
1.40001
1.40001
1.40001
1.40001
1.40001
1.40001
1.40001
1.40003
1.40005
1.40014
1.40031
1.40083
1.40197
1.40509
1.41242
1.43135
1.47519
1.40001
1.40001
1.40001
1.40001
1.40001
1.40001
1.40001
1.40001
1.40001
1.40001
1.40001
1.40001
1.40001
1.40001
1.40001
1.40003
1.40005
1.40014
1.40029
1.40087
1.40183
1.4054
1.41159
1.43268
1.47282
2.07221
1.44202
1.4782
1.97814
1.83754
1.75813
1.73875
1.72887
1.71881
1.6951
1.66982
1.64639
1.6271
1.60551
1.58152
1.55578
1.5309
1.50873
1.48876
1.46716
1.44207
1.42959
1.42535
1.42525
1.43247
1.45839
1.50236
1.55932
1.62611
1.69393
1.76312
1.82746
1.89113
1.94729
2.00169
2.04813
2.09248
2.13155
2.16899
2.20091
2.23125
2.25801
2.28158
2.30249
2.32142
2.33805
2.35162
2.3622
2.37087
2.37669
2.38144
2.38395
2.38624
2.38492
2.38346
2.37878
2.37518
2.36883
2.36244
2.35451
2.34611
2.33632
2.32627
2.31518
2.30362
2.29118
2.27858
2.2651
2.25137
2.23688
2.22232
2.20702
2.19163
2.17563
2.15959
2.14313
2.12651
2.10957
2.09248
2.0752
2.05778
2.04026
2.02253
2.00487
1.98701
1.96931
1.95144
1.93377
1.91598
1.89844
1.8809
1.8637
1.84655
1.82996
1.8136
1.79815
1.78335
1.7702
1.75866
1.75127
2.56437
2.00883
1.92276
2.0246
1.92158
1.7725
1.71918
1.70433
1.68743
1.65462
1.62037
1.59481
1.57308
1.55243
1.52625
1.50045
1.47276
1.44845
1.4253
1.40472
1.38116
1.36498
1.35756
1.35553
1.35742
1.38096
1.41956
1.47663
1.54452
1.61578
1.68981
1.75914
1.82866
1.89295
1.95433
2.01105
2.06328
2.10947
2.15538
2.19753
2.23838
2.27352
2.30539
2.33224
2.35863
2.38058
2.40049
2.41579
2.42995
2.44055
2.44969
2.45647
2.46208
2.46563
2.46642
2.46561
2.46385
2.46041
2.45612
2.45005
2.44343
2.43516
2.42649
2.41613
2.40552
2.3934
2.38111
2.36747
2.35373
2.3389
2.32397
2.3082
2.29226
2.27571
2.25894
2.24169
2.22422
2.20638
2.18834
2.17009
2.15158
2.13307
2.11427
2.09562
2.07669
2.058
2.03909
2.02049
2.0017
1.9833
1.96477
1.94676
1.92868
1.91132
1.89409
1.87789
1.86238
1.84863
1.83634
1.82823
3.08443
2.50551
2.25429
2.14791
2.06535
1.95553
1.84802
1.78547
1.71884
1.66231
1.61293
1.5738
1.5418
1.5266
1.50355
1.47206
1.43855
1.40682
1.38019
1.35723
1.33707
1.31843
1.30719
1.3025
1.30212
1.3217
1.35861
1.41777
1.48919
1.56495
1.64435
1.72266
1.79811
1.87114
1.93964
2.00135
2.06019
2.11357
2.166
2.21337
2.25676
2.29503
2.32995
2.36145
2.38993
2.41549
2.43759
2.45674
2.47311
2.4869
2.49859
2.50803
2.51642
2.52278
2.52614
2.52735
2.52742
2.52658
2.52435
2.52096
2.51615
2.51041
2.5034
2.49552
2.48644
2.47653
2.46558
2.45396
2.4414
2.42829
2.41424
2.39971
2.38422
2.36833
2.35154
2.33449
2.31658
2.29859
2.27975
2.26098
2.2414
2.222
2.20187
2.18199
2.16153
2.14132
2.12072
2.10034
2.07979
2.05942
2.03913
2.01901
1.99925
1.97967
1.96106
1.94271
1.92592
1.90976
1.8963
1.88573
3.36043
2.82737
2.49554
2.32808
2.22172
2.10837
2.0032
1.92496
1.85183
1.7741
1.6966
1.63393
1.57917
1.53926
1.50537
1.46726
1.429
1.39218
1.36247
1.34263
1.32319
1.3033
1.28613
1.27618
1.27364
1.29269
1.33112
1.39333
1.47259
1.56033
1.64808
1.73303
1.81629
1.89473
1.96827
2.03711
2.10177
2.16262
2.21974
2.27225
2.32059
2.3641
2.40421
2.43968
2.47221
2.50058
2.52596
2.54742
2.56569
2.58059
2.59296
2.60252
2.61107
2.61719
2.62094
2.62039
2.61943
2.61661
2.61353
2.60807
2.60243
2.59451
2.58663
2.57668
2.56681
2.55524
2.54378
2.53098
2.51821
2.50425
2.49027
2.47524
2.4602
2.44426
2.42834
2.41161
2.39484
2.37734
2.35975
2.34145
2.32318
2.30414
2.28536
2.26567
2.24653
2.22628
2.20689
2.18617
2.16665
2.14558
2.12607
2.10498
2.08588
2.06508
2.04659
2.02654
2.00942
1.99128
1.977
1.96427
3.5121
3.05426
2.71216
2.49383
2.36656
2.26131
2.15523
2.06821
1.98607
1.91191
1.82984
1.76042
1.69323
1.62814
1.56475
1.51012
1.4643
1.42277
1.38731
1.35745
1.33315
1.3116
1.29458
1.28613
1.29011
1.31144
1.35752
1.42327
1.50353
1.59096
1.68305
1.77562
1.86593
1.95154
2.03354
2.109
2.1808
2.24627
2.30814
2.36372
2.41547
2.46119
2.50332
2.53995
2.57384
2.60263
2.62916
2.65087
2.67037
2.6854
2.69877
2.70816
2.71738
2.72387
2.72871
2.72827
2.72702
2.72374
2.72003
2.7143
2.7078
2.69943
2.69028
2.67944
2.66793
2.65499
2.64149
2.62675
2.61153
2.59522
2.57856
2.56102
2.54327
2.52473
2.50612
2.4867
2.46738
2.44724
2.42741
2.40673
2.3866
2.36553
2.34522
2.32389
2.30348
2.282
2.26161
2.24011
2.21993
2.19877
2.17894
2.15808
2.13854
2.11818
2.0992
2.07979
2.06197
2.04453
2.02922
2.01696
3.60952
3.21983
2.89675
2.66298
2.50734
2.39676
2.29176
2.20262
2.11775
2.03955
1.96272
1.88686
1.82051
1.75307
1.68943
1.62302
1.56141
1.50442
1.4563
1.4135
1.37887
1.35515
1.33852
1.33603
1.3407
1.36531
1.41582
1.48173
1.56015
1.64763
1.74098
1.83921
1.93723
2.03172
2.11985
2.20113
2.27522
2.34254
2.40411
2.45993
2.51065
2.5558
2.5961
2.6312
2.66226
2.68884
2.7119
2.73115
2.7473
2.76003
2.77032
2.77727
2.78384
2.78866
2.79207
2.79117
2.78844
2.78384
2.77902
2.77262
2.76569
2.75713
2.74797
2.73743
2.72641
2.71415
2.70148
2.6876
2.6734
2.65808
2.64253
2.62589
2.609
2.5911
2.57295
2.55394
2.53477
2.51485
2.49487
2.47417
2.4536
2.43228
2.41132
2.38955
2.36829
2.34628
2.32508
2.30303
2.28178
2.25961
2.23841
2.21633
2.19537
2.17364
2.15327
2.13234
2.11317
2.09402
2.07744
2.0631
3.67268
3.34247
3.0446
2.81061
2.63728
2.5116
2.40803
2.31616
2.23479
2.1555
2.08194
2.0072
1.93866
1.87122
1.8075
1.74359
1.68196
1.62457
1.57153
1.52794
1.48936
1.46288
1.44708
1.44422
1.45739
1.49954
1.54941
1.60936
1.67968
1.75843
1.83659
1.92111
2.01487
2.11019
2.20188
2.28582
2.3611
2.42657
2.48554
2.53768
2.5853
2.62747
2.66585
2.69909
2.72925
2.75461
2.77736
2.79602
2.81231
2.82509
2.83571
2.84248
2.84882
2.85339
2.8567
2.85653
2.85325
2.84789
2.84173
2.83427
2.82597
2.8164
2.80593
2.79431
2.78175
2.76818
2.75377
2.73858
2.72273
2.70622
2.68921
2.67153
2.65357
2.63484
2.61607
2.59636
2.57685
2.55621
2.53608
2.5147
2.4941
2.47224
2.45136
2.42934
2.40851
2.38644
2.36548
2.34341
2.32245
2.30044
2.27959
2.25777
2.23714
2.21569
2.19548
2.17473
2.15539
2.1362
2.11899
2.10414
3.71754
3.43177
3.16179
2.93368
2.75375
2.61573
2.50705
2.41316
2.33331
2.25574
2.18446
2.11279
2.04526
1.9801
1.91638
1.85641
1.7955
1.74228
1.69134
1.6539
1.62432
1.60575
1.59536
1.60607
1.65094
1.69833
1.73919
1.78361
1.83034
1.87526
1.93178
1.98257
2.04068
2.12182
2.21466
2.30526
2.38801
2.45948
2.52244
2.57657
2.62536
2.66887
2.70798
2.74303
2.77431
2.80153
2.82557
2.84581
2.86314
2.877
2.8883
2.89603
2.90215
2.90689
2.91075
2.9119
2.90982
2.90515
2.89923
2.89168
2.88348
2.87378
2.86359
2.85181
2.83961
2.82583
2.81179
2.79623
2.78053
2.7634
2.74619
2.72764
2.70906
2.68925
2.66948
2.64864
2.62795
2.60637
2.58507
2.56294
2.54127
2.51903
2.49719
2.47467
2.45259
2.42978
2.40748
2.38447
2.36211
2.33908
2.31682
2.29406
2.27213
2.24998
2.22864
2.20749
2.18717
2.16778
2.14965
2.13436
3.7521
3.50055
3.25566
3.03735
2.85616
2.71036
2.59524
2.49823
2.41582
2.34096
2.27039
2.20355
2.13669
2.07569
2.01261
1.95647
1.89838
1.84966
1.80613
1.78109
1.76035
1.75032
1.7597
1.81494
1.88224
1.9227
1.94691
1.97097
1.98794
1.98951
2.0133
2.04111
2.07901
2.12896
2.19811
2.29018
2.38284
2.46989
2.54653
2.6112
2.66637
2.71301
2.75407
2.78982
2.8212
2.84862
2.873
2.89301
2.91039
2.92373
2.9348
2.94223
2.94699
2.95044
2.95322
2.9539
2.9521
2.94701
2.94055
2.93234
2.92348
2.91318
2.90233
2.89014
2.87738
2.86342
2.84888
2.83332
2.81724
2.80027
2.78286
2.76459
2.74596
2.72639
2.70662
2.68579
2.66499
2.64311
2.62156
2.59922
2.57735
2.55456
2.53243
2.50939
2.48706
2.46391
2.44141
2.41829
2.39567
2.37266
2.34998
2.32713
2.30452
2.28195
2.25972
2.23776
2.21645
2.19584
2.17679
2.15977
3.77869
3.55312
3.33052
3.12461
2.94661
2.7966
2.67567
2.57454
2.48921
2.4138
2.34387
2.27997
2.21524
2.15666
2.09745
2.04313
1.99184
1.94747
1.92181
1.90255
1.89187
1.90372
1.9536
2.06483
2.13846
2.15547
2.17152
2.17488
2.14628
2.11517
2.10123
2.11732
2.13845
2.17015
2.21202
2.26936
2.34657
2.43574
2.52443
2.6033
2.67134
2.72579
2.77165
2.80853
2.84068
2.86768
2.89147
2.91189
2.92932
2.94363
2.95514
2.9636
2.96916
2.9723
2.97493
2.97633
2.97591
2.97205
2.96628
2.95857
2.94974
2.9395
2.92852
2.91634
2.90347
2.88943
2.87474
2.8589
2.84257
2.8251
2.80735
2.78846
2.76951
2.74943
2.72947
2.70843
2.68772
2.66617
2.64503
2.62292
2.6012
2.57853
2.55622
2.53312
2.51039
2.48706
2.46414
2.44081
2.41799
2.39484
2.3723
2.34944
2.32727
2.30477
2.28304
2.26106
2.24004
2.21915
2.2
2.1822
3.80458
3.59691
3.3927
3.19798
3.02529
2.87488
2.74909
2.6442
2.55513
2.47818
2.40883
2.34467
2.28368
2.22665
2.17088
2.12072
2.07496
2.04817
2.02928
2.02197
2.02924
2.07598
2.21227
2.34484
2.39083
2.4008
2.39859
2.36402
2.29984
2.24536
2.21016
2.19383
2.20245
2.2175
2.24038
2.27492
2.31868
2.37511
2.4557
2.5415
2.62404
2.69619
2.75621
2.80373
2.84216
2.87292
2.89879
2.92067
2.9396
2.95548
2.96866
2.97872
2.9864
2.99048
2.99355
2.99518
2.99596
2.99381
2.98921
2.982
2.97373
2.96357
2.95286
2.94055
2.92788
2.91374
2.89931
2.88346
2.86734
2.84992
2.83223
2.81332
2.79419
2.77388
2.75352
2.73222
2.71112
2.68916
2.66742
2.64496
2.62266
2.59978
2.57704
2.55385
2.53081
2.50741
2.48415
2.46065
2.4373
2.41385
2.3906
2.36741
2.34446
2.32175
2.2993
2.2773
2.25567
2.23485
2.2152
2.1972
3.82911
3.63527
3.44486
3.26173
3.09403
2.94587
2.81764
2.70867
2.61667
2.53649
2.46654
2.40254
2.34313
2.28766
2.23637
2.19099
2.15843
2.14497
2.13578
2.14423
2.18877
2.30971
2.51847
2.62567
2.63421
2.63232
2.60757
2.52581
2.44492
2.37768
2.32893
2.29593
2.27932
2.27659
2.28734
2.30325
2.32905
2.35958
2.40447
2.46743
2.5477
2.63026
2.70681
2.77226
2.82465
2.86553
2.897
2.92219
2.94233
2.95936
2.97338
2.98471
2.9936
2.99948
3.00262
3.00448
3.00574
3.00521
3.00235
2.99652
2.98905
2.97977
2.96945
2.95783
2.94539
2.93185
2.91758
2.90224
2.88632
2.86927
2.85184
2.83318
2.81431
2.79429
2.7744
2.75347
2.73268
2.71095
2.68932
2.66687
2.64453
2.62153
2.59864
2.57527
2.55203
2.52849
2.50507
2.48146
2.45799
2.43441
2.41102
2.38755
2.36439
2.34117
2.31843
2.29572
2.27376
2.25201
2.23203
2.21274
3.85384
3.67153
3.49159
3.31782
3.15626
3.00934
2.88193
2.76928
2.67454
2.59148
2.51959
2.45499
2.39699
2.34358
2.29649
2.26152
2.24907
2.23998
2.25003
2.28585
2.39133
2.64047
2.82234
2.86158
2.86228
2.83976
2.76912
2.6704
2.58283
2.51036
2.45266
2.40783
2.37488
2.35333
2.3408
2.34444
2.35359
2.36811
2.39067
2.421
2.46664
2.53478
2.61222
2.69091
2.76166
2.82107
2.86695
2.90228
2.92843
2.949
2.96508
2.97837
2.98894
2.99693
3.00255
3.00487
3.00681
3.00737
3.00674
3.00267
2.99661
2.98806
2.97852
2.96715
2.95515
2.94164
2.9276
2.91218
2.89629
2.87908
2.86143
2.84247
2.82335
2.80325
2.78313
2.7621
2.74115
2.71936
2.69769
2.67533
2.65303
2.63023
2.6074
2.58425
2.56103
2.53761
2.51419
2.49064
2.46718
2.44366
2.42032
2.39701
2.3739
2.35099
2.32826
2.30596
2.28394
2.2626
2.2425
2.22333
3.88025
3.70633
3.53484
3.36887
3.21352
3.06937
2.94141
2.82865
2.72942
2.64449
2.56992
2.50391
2.44697
2.39661
2.35514
2.34396
2.33796
2.34384
2.38148
2.47773
2.71921
2.97665
3.06975
3.0712
3.05505
3.00191
2.89745
2.79763
2.71119
2.6378
2.57556
2.52291
2.4788
2.44341
2.41595
2.39828
2.3867
2.39305
2.40143
2.41399
2.4359
2.46796
2.52042
2.59036
2.6679
2.7424
2.8091
2.86206
2.90298
2.9323
2.95429
2.97042
2.98299
2.99273
3.00001
3.00471
3.00703
3.00833
3.00908
3.00773
3.00366
2.99676
2.98825
2.97788
2.96657
2.9538
2.94039
2.92569
2.91048
2.89397
2.87696
2.85876
2.84031
2.82071
2.80097
2.78018
2.75922
2.73746
2.71545
2.69293
2.67016
2.64708
2.62385
2.60037
2.5769
2.55314
2.52956
2.50567
2.48205
2.45819
2.43461
2.41095
2.38754
2.36428
2.34125
2.3186
2.29632
2.27461
2.25433
2.23453
3.91119
3.74181
3.57865
3.41882
3.26872
3.12812
2.99996
2.88573
2.78577
2.69601
2.62113
2.55286
2.49769
2.45063
2.43394
2.42778
2.43525
2.46997
2.56247
2.78696
3.09156
3.24771
3.25064
3.24274
3.20812
3.11547
3.00921
2.91471
2.83219
2.75983
2.69506
2.6372
2.5855
2.54016
2.501
2.46898
2.44411
2.42747
2.42121
2.42618
2.43311
2.4452
2.46754
2.50345
2.56145
2.63299
2.70859
2.78085
2.84122
2.88957
2.92421
2.94957
2.96675
2.97955
2.98865
2.99518
2.99966
3.00103
3.00245
3.00255
3.00135
2.99663
2.9898
2.9806
2.97027
2.95819
2.94537
2.93105
2.9161
2.89968
2.88277
2.86474
2.84624
2.8268
2.80699
2.78635
2.76548
2.74387
2.72213
2.69973
2.67727
2.65427
2.63125
2.60784
2.58445
2.56082
2.53726
2.51358
2.49
2.46642
2.44291
2.41954
2.39619
2.37318
2.35017
2.32768
2.30539
2.28372
2.26343
2.24339
3.94701
3.78017
3.62229
3.46821
3.32142
3.18388
3.05699
2.94138
2.83998
2.74914
2.67068
2.60497
2.5499
2.52445
2.51878
2.52463
2.55762
2.64585
2.85243
3.18594
3.38704
3.41553
3.40983
3.3801
3.30239
3.20275
3.10891
3.02423
2.94712
2.87638
2.81019
2.74886
2.69147
2.63907
2.59139
2.54938
2.51305
2.48321
2.46097
2.44528
2.44438
2.44809
2.45461
2.4672
2.49255
2.53405
2.59778
2.66945
2.74438
2.81194
2.86845
2.91036
2.94069
2.96086
2.9748
2.9841
2.99062
2.99424
2.99607
2.99698
2.99748
2.99573
2.99138
2.98394
2.9749
2.96383
2.95179
2.93817
2.92374
2.90797
2.89164
2.87412
2.85618
2.83712
2.81768
2.79729
2.77657
2.7551
2.73335
2.71102
2.68851
2.6655
2.64243
2.6189
2.59545
2.57161
2.54793
2.52402
2.50026
2.4765
2.4528
2.42936
2.40587
2.38286
2.35979
2.33734
2.31507
2.29339
2.27319
2.25291
3.99369
3.82479
3.66905
3.51989
3.37589
3.24043
3.11445
2.9986
2.89504
2.80358
2.72552
2.66023
2.62133
2.61517
2.61798
2.64851
2.73065
2.92026
3.27042
3.50957
3.56107
3.55674
3.53237
3.4683
3.37474
3.285
3.20407
3.12833
3.05646
2.98705
2.91997
2.85573
2.79424
2.73667
2.68284
2.63371
2.58925
2.55002
2.51641
2.48959
2.46928
2.46053
2.45847
2.46234
2.46886
2.48302
2.51123
2.56076
2.62593
2.70039
2.77228
2.83682
2.88726
2.92482
2.9498
2.96636
2.97653
2.98287
2.98634
2.98747
2.98856
2.98831
2.98677
2.9817
2.97465
2.96511
2.95421
2.94147
2.92767
2.91245
2.89648
2.87933
2.86158
2.84279
2.82351
2.80332
2.78277
2.76146
2.73986
2.71767
2.69524
2.67238
2.64933
2.626
2.60255
2.57893
2.55525
2.53154
2.50781
2.48422
2.46058
2.43727
2.41389
2.39099
2.36809
2.34573
2.32368
2.30207
2.28211
2.26179
4.05655
3.87695
3.71801
3.57065
3.42969
3.2959
3.17094
3.05584
2.95168
2.85973
2.78581
2.72796
2.72038
2.72198
2.74784
2.82144
2.99695
3.35353
3.61475
3.69169
3.68896
3.66925
3.6176
3.5304
3.44572
3.36914
3.29742
3.22803
3.15923
3.0912
3.02353
2.95757
2.8933
2.8322
2.77405
2.71986
2.66944
2.62355
2.58212
2.5461
2.51528
2.49191
2.47487
2.47148
2.46597
2.47041
2.4776
2.49425
2.52924
2.58413
2.65247
2.72545
2.79646
2.85562
2.90208
2.93349
2.9544
2.96656
2.97368
2.97646
2.97802
2.97848
2.97848
2.97614
2.97124
2.96368
2.95434
2.9428
2.93001
2.91566
2.90049
2.88402
2.86689
2.8486
2.82976
2.80992
2.78963
2.76855
2.74709
2.72505
2.70268
2.67993
2.6569
2.63366
2.61021
2.58668
2.56299
2.53937
2.51562
2.49212
2.46851
2.44526
2.42201
2.39917
2.3765
2.35425
2.33251
2.31111
2.29149
2.27142
4.12982
3.93771
3.77284
3.62434
3.4844
3.35238
3.22839
3.11477
3.01244
2.92539
2.85391
2.83684
2.834
2.85559
2.92337
3.08846
3.44414
3.71911
3.81586
3.81371
3.79702
3.75201
3.67071
3.59045
3.5192
3.45228
3.38807
3.3228
3.25662
3.18859
3.12092
3.05324
2.98784
2.92415
2.86365
2.80571
2.75168
2.70063
2.65413
2.61117
2.57309
2.54017
2.51219
2.49095
2.47903
2.47298
2.46959
2.47427
2.48336
2.50279
2.54377
2.6031
2.67411
2.74704
2.81431
2.86897
2.90971
2.93624
2.95227
2.96091
2.96435
2.96531
2.96584
2.96503
2.96249
2.9572
2.94988
2.94013
2.9287
2.91542
2.90104
2.88525
2.86872
2.85099
2.83268
2.81332
2.7935
2.77283
2.75174
2.73003
2.70793
2.68543
2.66258
2.63952
2.61619
2.59282
2.56924
2.54576
2.52215
2.49878
2.47535
2.45227
2.42924
2.40665
2.38423
2.36235
2.34094
2.32002
2.30083
2.28136
4.21665
4.00918
3.83286
3.67947
3.54054
3.40908
3.28729
3.17493
3.07862
2.99794
2.96598
2.96052
2.97861
3.04061
3.19713
3.54842
3.8318
3.93896
3.93695
3.92174
3.88028
3.79999
3.72405
3.65686
3.59686
3.53744
3.47746
3.41359
3.34836
3.28048
3.21306
3.14521
3.07932
3.01419
2.95203
2.89169
2.83465
2.78034
2.72968
2.68213
2.63862
2.59815
2.5628
2.53164
2.50633
2.48834
2.47897
2.47057
2.46868
2.47392
2.48544
2.50947
2.5582
2.62089
2.69163
2.76457
2.82707
2.8776
2.91182
2.93379
2.94519
2.94977
2.95099
2.95114
2.95028
2.94707
2.9418
2.93403
2.9244
2.91267
2.89954
2.88479
2.86904
2.85202
2.83425
2.8155
2.79609
2.77593
2.75516
2.73388
2.71203
2.68986
2.66723
2.64442
2.62127
2.5981
2.57469
2.5514
2.52795
2.50477
2.48152
2.45864
2.43583
2.4135
2.3914
2.3699
2.34897
2.3287
2.31012
2.29174
4.25107
4.09604
3.90216
3.74096
3.59877
3.46992
3.35057
3.24498
3.15491
3.10958
3.10128
3.11595
3.17352
3.32439
3.67244
3.9596
4.07206
4.07
4.05348
4.00965
3.9278
3.8516
3.78826
3.73171
3.67793
3.62186
3.56332
3.50089
3.43639
3.36937
3.30226
3.23435
3.16795
3.10205
3.03867
2.97662
2.91788
2.86097
2.8074
2.75605
2.70788
2.66276
2.62125
2.58319
2.54976
2.521
2.49758
2.48338
2.47252
2.46397
2.46682
2.47257
2.48616
2.51448
2.56875
2.63395
2.7058
2.77554
2.83451
2.87856
2.90817
2.92415
2.93187
2.93282
2.93314
2.93191
2.92876
2.92296
2.91513
2.90531
2.89386
2.88062
2.86606
2.85005
2.83306
2.81501
2.79621
2.7766
2.75635
2.7355
2.71408
2.69231
2.67002
2.64758
2.62469
2.60185
2.57865
2.55566
2.53245
2.50956
2.4866
2.46407
2.44164
2.41977
2.3982
2.37737
2.35713
2.33787
2.32015
2.30353
4.26128
4.16851
3.97792
3.80572
3.66151
3.5324
3.41934
3.32328
3.26751
3.25615
3.26807
3.32292
3.47196
3.81995
4.10692
4.21835
4.2154
4.19553
4.14457
4.05642
3.97854
3.91631
3.86282
3.81252
3.76059
3.70573
3.64703
3.58516
3.52069
3.45456
3.38777
3.32057
3.25419
3.18833
3.1243
3.06143
3.00094
2.94193
2.8857
2.83147
2.78002
2.73129
2.68505
2.64233
2.60239
2.56657
2.53493
2.50789
2.48834
2.47427
2.46351
2.45582
2.45991
2.46766
2.4844
2.51875
2.57604
2.6425
2.71492
2.78023
2.83513
2.8729
2.89713
2.90845
2.91131
2.91138
2.9106
2.90722
2.90111
2.89294
2.88332
2.87191
2.85884
2.84428
2.82836
2.81139
2.7933
2.77452
2.7548
2.73469
2.71374
2.69259
2.67073
2.64882
2.62634
2.60393
2.58112
2.55849
2.53565
2.51313
2.49055
2.4685
2.44653
2.42532
2.40439
2.38453
2.36526
2.34755
2.33108
2.3173
4.23597
4.19151
4.0756
3.89006
3.73337
3.60629
3.50018
3.4366
3.42262
3.43299
3.48823
3.64114
3.99577
4.28137
4.38472
4.37969
4.35284
4.28883
4.19369
4.11278
4.04812
3.99578
3.94679
3.89794
3.84543
3.79002
3.73053
3.669
3.60463
3.53952
3.47286
3.4065
3.33977
3.27406
3.20899
3.1454
3.08322
3.02287
2.96452
2.90806
2.85401
2.80186
2.75244
2.70527
2.66116
2.61985
2.58218
2.54783
2.51833
2.49293
2.47625
2.46063
2.44956
2.44441
2.44881
2.45837
2.47877
2.52109
2.57921
2.64748
2.71824
2.77996
2.82888
2.86118
2.87917
2.88597
2.8863
2.88537
2.88245
2.87601
2.86833
2.85841
2.84696
2.83378
2.81939
2.80362
2.78674
2.76887
2.75006
2.73069
2.71049
2.69003
2.66885
2.6476
2.62579
2.604
2.58182
2.55983
2.53754
2.5157
2.49365
2.47234
2.451
2.43073
2.4107
2.39218
2.37431
2.3588
2.34429
2.3345
4.21417
4.19405
4.13181
3.98251
3.81927
3.69054
3.61655
3.59963
3.60876
3.66834
3.83181
4.19935
4.48366
4.57289
4.56447
4.52791
4.44454
4.34065
4.25462
4.18611
4.13234
4.08253
4.03491
3.98335
3.92996
3.87207
3.8127
3.75016
3.6867
3.62128
3.55538
3.48876
3.42218
3.35614
3.29059
3.22654
3.16333
3.10203
3.04189
2.98377
2.92725
2.87286
2.82062
2.77052
2.72312
2.6778
2.63565
2.59578
2.55975
2.52681
2.49828
2.47593
2.45831
2.44327
2.43071
2.43187
2.43617
2.44697
2.46923
2.51899
2.57833
2.64809
2.71438
2.77316
2.81451
2.84154
2.8546
2.8554
2.85506
2.85303
2.84808
2.83988
2.82952
2.81819
2.80508
2.79107
2.77538
2.75896
2.74125
2.72291
2.70375
2.68404
2.66384
2.64327
2.62233
2.60134
2.57994
2.55885
2.53736
2.51649
2.49536
2.47514
2.45492
2.43597
2.41747
2.40077
2.38519
2.37284
2.36148
2.35454
4.12188
4.18282
4.15213
4.07475
3.91892
3.81102
3.79039
3.79739
3.86353
4.04448
4.4322
4.71562
4.78653
4.77364
4.72678
4.61504
4.50052
4.40484
4.33309
4.27422
4.224
4.17369
4.124
4.06967
4.01431
3.95458
3.89452
3.83112
3.76793
3.70216
3.63684
3.56989
3.50373
3.43708
3.37155
3.30649
3.24271
3.18004
3.11876
3.05904
3.00088
2.94469
2.89008
2.83783
2.78712
2.73898
2.69264
2.64895
2.60766
2.56921
2.53403
2.50253
2.4751
2.45519
2.43492
2.42047
2.40912
2.41192
2.41758
2.43079
2.45873
2.51026
2.57227
2.64113
2.70423
2.7572
2.79214
2.81458
2.82043
2.82054
2.81898
2.81457
2.80622
2.7964
2.78525
2.77252
2.75882
2.74387
2.72789
2.711
2.69303
2.67469
2.6553
2.63609
2.61582
2.59616
2.5755
2.55571
2.53513
2.51562
2.49564
2.47698
2.45831
2.44134
2.42508
2.41118
2.39963
2.39094
2.38228
2.38025
3.82907
4.15634
4.16192
4.1321
4.0477
4.02035
4.01604
4.07772
4.27574
4.69981
4.98471
5.02898
5.0093
4.94692
4.80464
4.67446
4.57123
4.49124
4.42918
4.37394
4.32257
4.2688
4.21463
4.1569
4.09864
4.03696
3.9755
3.91124
3.84763
3.78158
3.71628
3.64914
3.58291
3.51589
3.44996
3.38429
3.3198
3.25623
3.19404
3.13302
3.07373
3.01567
2.95956
2.90484
2.852
2.801
2.75155
2.70465
2.65902
2.61652
2.57562
2.53816
2.5036
2.47251
2.44723
2.42531
2.40554
2.39002
2.38375
2.38591
2.3927
2.40868
2.44323
2.496
2.55966
2.62589
2.6858
2.73167
2.76126
2.77595
2.77806
2.77754
2.7752
2.76891
2.75913
2.74785
2.73563
2.72244
2.70823
2.69327
2.67706
2.66048
2.6426
2.62484
2.60594
2.58752
2.56825
2.54967
2.5306
2.51249
2.49432
2.47744
2.46119
2.44674
2.4338
2.42477
2.41722
2.41191
2.41001
2.41237
3.08298
3.99344
4.16039
4.18177
4.18539
4.21442
4.31856
4.60177
5.01143
5.279
5.29294
5.26435
5.18121
5.0153
4.86691
4.75209
4.66527
4.59644
4.53626
4.48006
4.42394
4.36686
4.30783
4.24747
4.18538
4.12217
4.05788
3.99278
3.92716
3.86091
3.79448
3.72765
3.66097
3.5942
3.5279
3.46194
3.39669
3.33232
3.26888
3.20671
3.14574
3.08612
3.02803
2.97117
2.91619
2.86231
2.8106
2.76007
2.71173
2.665
2.62054
2.57823
2.53834
2.5012
2.46726
2.43735
2.41254
2.38846
2.36916
2.35269
2.35235
2.35442
2.36189
2.37878
2.42059
2.47433
2.53937
2.60191
2.65827
2.69557
2.71881
2.72766
2.72812
2.7268
2.72296
2.71462
2.70442
2.69314
2.68041
2.66768
2.65325
2.63902
2.62301
2.60739
2.59035
2.57385
2.55646
2.53981
2.52281
2.50685
2.49118
2.47702
2.4642
2.4532
2.44689
2.44131
2.4396
2.43951
2.44253
2.45964
2.19463
3.57074
4.10334
4.26383
4.36456
4.55799
4.94717
5.39851
5.6267
5.61329
5.55393
5.41417
5.23656
5.07754
4.94907
4.85416
4.77854
4.71247
4.64949
4.58753
4.52529
4.46265
4.3993
4.33568
4.27118
4.20626
4.14025
4.07386
4.00653
3.93917
3.8712
3.80358
3.73561
3.6683
3.60091
3.53441
3.46819
3.40309
3.33862
3.27543
3.21315
3.15223
3.09252
3.03411
2.97705
2.92139
2.86728
2.81451
2.76348
2.71378
2.66581
2.61944
2.57504
2.53267
2.49284
2.45575
2.4219
2.39308
2.36623
2.34124
2.32269
2.31002
2.30996
2.31285
2.32264
2.34451
2.39049
2.44729
2.51047
2.57103
2.61766
2.64983
2.66591
2.67083
2.67076
2.66893
2.66408
2.65472
2.64429
2.63297
2.6211
2.60867
2.59569
2.58211
2.56807
2.55366
2.53918
2.52477
2.51085
2.49765
2.48566
2.47541
2.46721
2.46325
2.46182
2.46153
2.4642
2.47368
2.48663
2.5296
1.87073
2.60476
3.85697
4.35479
4.70309
5.27674
5.83553
6.01596
5.98888
5.88911
5.65628
5.45966
5.2943
5.15796
5.0567
4.97531
4.90382
4.83512
4.76663
4.69828
4.63014
4.56287
4.49523
4.42785
4.35919
4.29032
4.22034
4.15105
4.08122
4.01239
3.94304
3.87475
3.80614
3.73861
3.67105
3.60446
3.53804
3.47256
3.4075
3.34343
3.28021
3.21773
3.15645
3.09585
3.03684
2.97849
2.92172
2.86586
2.81164
2.75861
2.70723
2.65727
2.60908
2.56256
2.51807
2.47567
2.43594
2.39877
2.36629
2.33604
2.30808
2.28459
2.26592
2.26022
2.26
2.26375
2.27588
2.30597
2.3535
2.41412
2.47478
2.52983
2.56859
2.59392
2.60591
2.60743
2.60725
2.60565
2.5995
2.59108
2.58097
2.57118
2.56032
2.54987
2.53843
2.52753
2.51603
2.5054
2.49502
2.4863
2.47888
2.47437
2.47387
2.47438
2.47736
2.48615
2.50043
2.53001
2.55098
2.61599
1.71704
2.06983
3.22351
4.39986
5.42173
6.2736
6.44374
6.39388
6.21723
5.91948
5.67909
5.50174
5.3633
5.26275
5.17858
5.10232
5.02751
4.95365
4.87802
4.80267
4.72623
4.65181
4.57711
4.50556
4.43429
4.36561
4.29598
4.22736
4.15678
4.08704
4.01581
3.94592
3.87516
3.80605
3.73649
3.66863
3.60073
3.53422
3.468
3.40272
3.33787
3.27388
3.21075
3.14828
3.08708
3.02646
2.9674
2.90901
2.85219
2.79633
2.74198
2.68887
2.63733
2.58723
2.53897
2.49234
2.44802
2.40576
2.36637
2.33044
2.29765
2.26702
2.23909
2.21807
2.20223
2.20042
2.20102
2.2064
2.22302
2.26029
2.31384
2.37309
2.43161
2.47685
2.51082
2.52832
2.53754
2.53865
2.53919
2.53743
2.53155
2.52457
2.51693
2.50905
2.5014
2.49396
2.487
2.48098
2.47592
2.47309
2.47362
2.47535
2.4791
2.48819
2.50158
2.52617
2.55593
2.60217
2.63391
2.71102
1.62583
1.87348
2.50414
4.1823
6.6038
6.86876
6.78621
6.47843
6.15386
5.88374
5.69443
5.55019
5.45034
5.37037
5.29336
5.21534
5.13552
5.05481
4.97386
4.89386
4.81471
4.73688
4.66005
4.58441
4.50904
4.43508
4.36079
4.28788
4.21452
4.14255
4.07023
3.99944
3.92836
3.85875
3.78884
3.72036
3.65155
3.58408
3.5164
3.44987
3.38348
3.31797
3.25294
3.18869
3.12523
3.06259
3.00094
2.94032
2.88068
2.82241
2.76508
2.70938
2.65477
2.60182
2.55039
2.50054
2.45276
2.40659
2.36312
2.32161
2.28374
2.24868
2.21575
2.18593
2.16127
2.14231
2.13384
2.13216
2.13457
2.14328
2.16806
2.21214
2.26922
2.32631
2.37822
2.417
2.44283
2.45768
2.46464
2.46657
2.46773
2.4669
2.4628
2.45868
2.45472
2.45215
2.44928
2.4507
2.45258
2.45606
2.46287
2.47377
2.48784
2.51027
2.54209
2.58365
2.62843
2.68592
2.72481
2.80127
1.58812
1.82552
2.38989
4.04385
6.86926
6.84947
6.53743
6.19925
5.93626
5.77733
5.65243
5.56727
5.49877
5.42956
5.35498
5.27554
5.19319
5.10954
5.02674
4.94432
4.8639
4.78348
4.70523
4.62617
4.54957
4.47191
4.39693
4.3209
4.2477
4.17368
4.10237
4.03017
3.96029
3.8894
3.8205
3.75055
3.68236
3.61319
3.54563
3.47722
3.41035
3.34277
3.27678
3.2103
3.14547
3.08051
3.01714
2.9542
2.8926
2.83209
2.77263
2.71483
2.65792
2.60299
2.54907
2.49722
2.44663
2.39821
2.35143
2.30703
2.26476
2.22555
2.18917
2.15497
2.12368
2.09688
2.07632
2.06134
2.05882
2.05903
2.06347
2.07858
2.11364
2.16436
2.21987
2.27467
2.31824
2.35166
2.37197
2.38467
2.39232
2.39558
2.39865
2.40043
2.40182
2.40504
2.40907
2.41393
2.42252
2.43904
2.45404
2.47603
2.50638
2.54753
2.5958
2.65132
2.70573
2.7651
2.80267
2.86732
1.58162
1.80977
2.39603
4.19346
6.43371
6.32197
5.99912
5.79292
5.69231
5.62551
5.57935
5.53196
5.47511
5.40821
5.3351
5.25686
5.1756
5.09255
5.01105
4.93102
4.85296
4.7742
4.69598
4.61622
4.53791
4.45914
4.38349
4.30736
4.235
4.16184
4.09225
4.02121
3.95322
3.88341
3.81612
3.74702
3.67994
3.61124
3.54414
3.47575
3.40863
3.34067
3.2738
3.20665
3.14048
3.07469
3.00976
2.94592
2.88274
2.82134
2.76031
2.70166
2.64322
2.58742
2.53197
2.4791
2.42695
2.37728
2.32863
2.28266
2.23794
2.19632
2.15649
2.12031
2.08531
2.05418
2.0264
2.00447
1.98714
1.98151
1.98078
1.98272
1.99351
2.01804
2.06222
2.11563
2.1711
2.21826
2.25683
2.2829
2.30163
2.31424
2.32378
2.33201
2.33982
2.3494
2.36044
2.37726
2.39657
2.42076
2.44981
2.49
2.53895
2.5956
2.65574
2.71689
2.77107
2.82245
2.85166
2.90125
1.58025
1.80305
2.36855
4.22854
6.18228
5.92805
5.65828
5.55098
5.51567
5.49716
5.46745
5.4214
5.36292
5.2977
5.22663
5.15317
5.07705
5.00122
4.92347
4.84599
4.7665
4.68771
4.60703
4.52774
4.44793
4.37146
4.29654
4.22624
4.15676
4.09117
4.02494
3.96157
3.89661
3.83365
3.76877
3.70509
3.63961
3.57469
3.50838
3.44227
3.37527
3.30851
3.24127
3.17472
3.10798
3.04253
2.97707
2.91342
2.84995
2.78857
2.7276
2.66875
2.61063
2.55443
2.49945
2.4459
2.39433
2.34357
2.29557
2.24802
2.20374
2.15999
2.11987
2.08077
2.04554
2.01096
1.98084
1.953
1.93071
1.91296
1.90422
1.90276
1.90443
1.91122
1.93021
1.96839
2.01916
2.07198
2.12266
2.16378
2.19702
2.22114
2.2403
2.25719
2.27305
2.29036
2.31284
2.33955
2.36929
2.40676
2.4552
2.51281
2.5756
2.64133
2.70326
2.75994
2.80442
2.84402
2.86296
2.90183
1.57849
1.80558
2.37623
4.26838
6.13557
5.82718
5.55642
5.44897
5.41359
5.3862
5.34546
5.29472
5.23548
5.17215
5.10301
5.03013
4.95297
4.87324
4.79128
4.70831
4.62601
4.54467
4.46674
4.39109
4.3199
4.25113
4.18588
4.12319
4.06248
4.00329
3.94391
3.88538
3.8251
3.76546
3.70307
3.64156
3.57658
3.51321
3.44593
3.38136
3.31275
3.24798
3.17938
3.11533
3.04797
2.98532
2.92002
2.85919
2.79637
2.73764
2.6775
2.62097
2.56373
2.50943
2.45531
2.40331
2.35246
2.30306
2.25549
2.20909
2.16486
2.12189
2.08119
2.04213
2.00562
1.97094
1.9385
1.90894
1.8825
1.86012
1.84294
1.8323
1.8311
1.83209
1.83754
1.85172
1.88564
1.93238
1.985
2.03657
2.08229
2.1208
2.15214
2.1797
2.20552
2.23393
2.2667
2.30326
2.34822
2.40354
2.46655
2.53448
2.60207
2.66493
2.7191
2.76361
2.79721
2.82557
2.8391
2.87258
1.58077
1.80381
2.3831
4.27686
6.11224
5.78856
5.50758
5.39444
5.34913
5.31205
5.26792
5.21386
5.15159
5.0803
5.00318
4.92065
4.83601
4.7502
4.66597
4.58381
4.50571
4.43117
4.36096
4.29413
4.23032
4.16873
4.10839
4.04898
3.99018
3.93136
3.87241
3.81217
3.75173
3.68903
3.62675
3.56172
3.49807
3.43174
3.36756
3.30123
3.2373
3.17201
3.10895
3.04524
2.98355
2.92154
2.86167
2.80139
2.74363
2.68525
2.62969
2.57349
2.52017
2.46638
2.41541
2.36418
2.3157
2.26714
2.22126
2.17559
2.1323
2.08992
2.04934
2.01061
1.97323
1.93863
1.90493
1.87456
1.84562
1.82087
1.79885
1.78245
1.77146
1.77068
1.77147
1.77656
1.7888
1.81925
1.8637
1.91671
1.97025
2.02169
2.06671
2.10882
2.14733
2.19076
2.23399
2.28695
2.34807
2.41664
2.48713
2.55619
2.61795
2.67075
2.71299
2.74639
2.77174
2.79355
2.80534
2.83587
1.57898
1.80328
2.38514
4.26493
6.11044
5.77993
5.48264
5.36118
5.31874
5.28421
5.2385
5.18074
5.11424
5.03644
4.95039
4.85831
4.76628
4.676
4.59158
4.51148
4.43791
4.36763
4.30208
4.23779
4.17623
4.11433
4.0536
3.99164
3.92991
3.86729
3.80442
3.74107
3.6771
3.61329
3.54875
3.48513
3.4208
3.35793
3.29449
3.23263
3.17051
3.10963
3.04905
2.98911
2.93017
2.87123
2.81398
2.75626
2.70072
2.64459
2.59074
2.53662
2.48446
2.43274
2.38235
2.33322
2.28482
2.23839
2.1922
2.14848
2.10488
2.06381
2.02318
1.98497
1.94757
1.91268
1.87894
1.84756
1.81821
1.79125
1.76749
1.74691
1.73122
1.72172
1.72143
1.72285
1.72753
1.74183
1.7705
1.81708
1.87046
1.93028
1.98843
2.04691
2.10348
2.16225
2.22496
2.29443
2.36701
2.4408
2.50922
2.57013
2.62027
2.66106
2.69289
2.71869
2.73896
2.75776
2.76849
2.79701
1.57735
1.80216
2.38458
4.24682
6.12324
5.78548
5.46952
5.3425
5.30346
5.27398
5.2317
5.17278
5.10235
5.02378
4.93673
4.84232
4.74472
4.64972
4.56068
4.47956
4.40486
4.33587
4.26973
4.20591
4.14223
4.07896
4.01473
3.95036
3.88497
3.81966
3.75402
3.68893
3.62413
3.56003
3.49664
3.4339
3.37203
3.31065
3.25015
3.18996
3.13059
3.07144
3.01304
2.95492
2.89749
2.8405
2.78418
2.72849
2.67354
2.61932
2.56606
2.51343
2.46221
2.41118
2.36235
2.31298
2.26678
2.21915
2.17572
2.13013
2.08937
2.04633
2.0081
1.96814
1.93245
1.89611
1.86318
1.83093
1.80127
1.77353
1.74824
1.72608
1.70722
1.69269
1.68671
1.68687
1.68914
1.69588
1.71033
1.74506
1.79269
1.85327
1.92063
1.99472
2.07082
2.1505
2.23129
2.31389
2.39106
2.46217
2.52136
2.57115
2.60973
2.64163
2.66655
2.68825
2.70579
2.72303
2.73283
2.75932
1.57946
1.79832
2.38406
4.23074
6.13953
5.79325
5.4634
5.33058
5.29381
5.26832
5.2294
5.17298
5.10198
5.02301
4.93745
4.84448
4.74556
4.64759
4.55465
4.47073
4.39396
4.32401
4.25691
4.19232
4.12722
4.0626
3.99644
3.93057
3.8635
3.79719
3.73073
3.66527
3.60054
3.53674
3.47412
3.41205
3.35129
3.29067
3.2313
3.17183
3.1135
3.05502
2.99754
2.94005
2.88341
2.82707
2.77137
2.71645
2.66183
2.60862
2.55525
2.50396
2.45207
2.4028
2.3527
2.30543
2.25751
2.21216
2.16681
2.12339
2.08088
2.03952
2.00002
1.96105
1.9246
1.88858
1.85523
1.82277
1.79268
1.76428
1.73813
1.71474
1.69385
1.67755
1.66473
1.66436
1.6652
1.66901
1.67756
1.70012
1.73948
1.79785
1.86977
1.95661
2.05088
2.15029
2.24551
2.3351
2.41042
2.47447
2.52341
2.56405
2.5946
2.6215
2.64258
2.66248
2.67843
2.69486
2.70409
2.72844
1.58119
1.79583
2.38377
4.22157
6.15057
5.79889
5.46126
5.32463
5.28872
5.2658
5.22901
5.17446
5.10414
5.0251
4.94017
4.84817
4.74938
4.65035
4.55578
4.47034
4.39251
4.32192
4.25438
4.18942
4.12387
4.05873
3.99206
3.92573
3.85839
3.79187
3.72529
3.65985
3.59517
3.53151
3.46903
3.40715
3.34657
3.28614
3.22694
3.16765
3.10949
3.05117
2.99387
2.93654
2.88008
2.8239
2.76838
2.71361
2.65914
2.60607
2.55277
2.50166
2.44968
2.40072
2.35026
2.30357
2.25489
2.2105
2.16397
2.12184
2.07786
2.03792
1.99694
1.95919
1.92156
1.88622
1.85217
1.81977
1.78938
1.76062
1.73415
1.71012
1.68836
1.67131
1.65557
1.6536
1.65392
1.65652
1.6632
1.68017
1.71446
1.76963
1.84348
1.93842
2.04471
2.15722
2.26057
2.35195
2.42346
2.48155
2.52394
2.55953
2.58605
2.61061
2.62985
2.64891
2.66398
2.67992
2.68882
2.71186
)
;

boundaryField
{
    inlet
    {
        type            calculated;
        value           uniform 1.40001;
    }
    outlet
    {
        type            calculated;
        value           nonuniform List<scalar> 
40
(
1.74693
1.82369
1.88104
1.95938
2.01194
2.05797
2.09891
2.12907
2.15443
2.17682
2.19179
2.20731
2.21791
2.2291
2.23795
2.24748
2.25636
2.26599
2.27593
2.2863
2.29806
2.3118
2.32894
2.34889
2.37447
2.40641
2.45332
2.5227
2.60831
2.70246
2.79186
2.85729
2.89083
2.89124
2.86194
2.82521
2.78638
2.74871
2.71787
2.70133
)
;
    }
    bottom
    {
        type            symmetryPlane;
    }
    top
    {
        type            symmetryPlane;
    }
    obstacle
    {
        type            calculated;
        value           nonuniform List<scalar> 
110
(
5.98601
5.9869
5.97459
5.94882
5.91782
5.86878
5.79983
5.69706
5.53461
5.27122
2.07221
1.44202
1.4782
1.97814
1.83754
1.75813
1.73875
1.72887
1.71881
1.6951
1.66982
1.64639
1.6271
1.60551
1.58152
1.55578
1.5309
1.50873
1.48876
1.46716
1.44207
1.42959
1.42535
1.42525
1.43247
1.45839
1.50236
1.55932
1.62611
1.69393
1.76312
1.82746
1.89113
1.94729
2.00169
2.04813
2.09248
2.13155
2.16899
2.20091
2.23125
2.25801
2.28158
2.30249
2.32142
2.33805
2.35162
2.3622
2.37087
2.37669
2.38144
2.38395
2.38624
2.38492
2.38346
2.37878
2.37518
2.36883
2.36244
2.35451
2.34611
2.33632
2.32627
2.31518
2.30362
2.29118
2.27858
2.2651
2.25137
2.23688
2.22232
2.20702
2.19163
2.17563
2.15959
2.14313
2.12651
2.10957
2.09248
2.0752
2.05778
2.04026
2.02253
2.00487
1.98701
1.96931
1.95144
1.93377
1.91598
1.89844
1.8809
1.8637
1.84655
1.82996
1.8136
1.79815
1.78335
1.7702
1.75866
1.75127
)
;
    }
    defaultFaces
    {
        type            empty;
    }
}


// ************************************************************************* //
