/*--------------------------------*- C++ -*----------------------------------*\
  =========                 |
  \\      /  F ield         | OpenFOAM: The Open Source CFD Toolbox
   \\    /   O peration     | Website:  https://openfoam.org
    \\  /    A nd           | Version:  10
     \\/     M anipulation  |
\*---------------------------------------------------------------------------*/
FoamFile
{
    format      ascii;
    class       volScalarField;
    location    "5";
    object      Ma;
}
// * * * * * * * * * * * * * * * * * * * * * * * * * * * * * * * * * * * * * //

dimensions      [0 0 0 0 0 0 0];

internalField   nonuniform List<scalar> 
5250
(
3
2.99997
2.99991
2.99975
2.99941
2.99847
2.99631
2.99082
2.97726
2.94413
2.86054
2.65327
2.17633
1.29212
0.534537
0.267121
0.32345
0.338951
0.305402
0.250152
0.199005
0.158023
0.117466
0.0729049
0.0398677
3
2.99997
2.99992
2.99975
2.99944
2.99846
2.99647
2.99077
2.97805
2.94439
2.86361
2.65798
2.18821
1.30954
0.543613
0.268126
0.32576
0.342077
0.308772
0.254353
0.204414
0.164756
0.126283
0.0866639
0.0625852
3
2.99997
2.99991
2.99979
2.99939
2.99867
2.99624
2.99177
2.97756
2.94819
2.86572
2.67213
2.21167
1.34909
0.564878
0.272889
0.332807
0.351035
0.318642
0.266284
0.219033
0.182468
0.148521
0.116714
0.100144
3
2.99998
2.99992
2.99979
2.99945
2.99866
2.99665
2.99169
2.9798
2.94899
2.87538
2.68709
2.25095
1.41124
0.597673
0.282283
0.344907
0.365975
0.33498
0.285518
0.241475
0.208588
0.179557
0.154031
0.141446
3
2.99998
2.99993
2.99979
2.99952
2.99866
2.99708
2.99184
2.98196
2.95152
2.88577
2.70796
2.30205
1.49626
0.641975
0.29955
0.3634
0.387321
0.35788
0.311426
0.270543
0.241189
0.216479
0.195747
0.185683
3
2.99998
2.99994
2.99981
2.99955
2.99881
2.99721
2.99287
2.98277
2.95704
2.89415
2.73581
2.36074
1.60389
0.699363
0.330224
0.391349
0.416542
0.388454
0.344914
0.306662
0.280495
0.259738
0.243244
0.235809
3
2.99998
2.99994
2.99984
2.99958
2.99894
2.99746
2.99345
2.9848
2.96012
2.90595
2.75999
2.42113
1.7155
0.763356
0.366906
0.423871
0.448737
0.4233
0.384126
0.349314
0.326554
0.310091
0.298526
0.295559
3
2.99998
2.99995
2.99984
2.99964
2.99899
2.99776
2.99396
2.98614
2.96398
2.91394
2.78182
2.46981
1.80467
0.831523
0.40434
0.45044
0.47207
0.454584
0.423854
0.395536
0.378369
0.368154
0.364152
0.371196
3
2.99999
2.99995
2.99987
2.99964
2.99917
2.99783
2.9948
2.98704
2.96797
2.92112
2.80342
2.51574
1.89608
0.926031
0.463982
0.470997
0.486061
0.482544
0.462533
0.443597
0.43464
0.43379
0.443978
0.474077
3
2.99999
2.99996
2.99988
2.99969
2.99925
2.99802
2.9955
2.98787
2.9725
2.92736
2.82636
2.56277
1.99421
1.04485
0.535484
0.486355
0.502107
0.509371
0.500078
0.492346
0.493555
0.508793
0.54878
0.650186
3
2.99999
2.99997
2.99989
2.99975
2.99928
2.99843
2.99566
2.9902
2.97415
2.93888
2.84395
2.61747
2.09858
1.19004
0.619561
0.503934
0.521282
0.536429
0.537166
0.539928
0.554446
0.592479
0.675361
0.843627
3
2.99999
2.99997
2.99992
2.99975
2.99946
2.99847
2.99665
2.99087
2.97912
2.94563
2.86922
2.66967
2.21727
1.36833
0.718322
0.528979
0.546049
0.565554
0.574464
0.586439
0.614287
0.67121
0.77778
0.959511
3
3
2.99998
2.99992
2.99982
2.99951
2.99882
2.99705
2.99269
2.98238
2.95517
2.8919
2.72754
2.34527
1.58473
0.834438
0.572136
0.58419
0.601447
0.615035
0.633241
0.670069
0.735692
0.843392
1.00226
3
3
2.99998
2.99995
2.99984
2.99964
2.99897
2.99776
2.99384
2.98619
2.96363
2.91433
2.78256
2.47709
1.83133
0.966488
0.635617
0.633476
0.645655
0.661564
0.681454
0.720272
0.78541
0.883452
1.0194
3.00001
3
2.99999
2.99995
2.99988
2.99967
2.99924
2.99797
2.99546
2.98768
2.97228
2.92699
2.82604
2.56472
2.00617
1.10782
0.703551
0.672773
0.68668
0.704416
0.727002
0.764666
0.8259
0.911652
1.02863
3.00001
3
2.99999
2.99997
2.9999
2.99975
2.99936
2.99844
2.99618
2.99042
2.9771
2.94167
2.85903
2.6467
2.17124
1.31927
0.808152
0.704057
0.716644
0.737097
0.765407
0.803154
0.859374
0.935571
1.03538
3.00001
3
2.99999
2.99997
2.99993
2.99979
2.99953
2.99871
2.99714
2.99216
2.98259
2.95354
2.89093
2.7223
2.33895
1.58059
0.938836
0.745322
0.74769
0.767354
0.798732
0.836612
0.88832
0.956143
1.04259
3.00001
3
3
2.99998
2.99994
2.99986
2.9996
2.99913
2.99759
2.99471
2.98579
2.96739
2.91629
2.79866
2.50696
1.89995
1.10077
0.811596
0.791077
0.805206
0.833446
0.870061
0.916218
0.975925
1.05076
3.00001
3
3
2.99999
2.99996
2.99988
2.99973
2.99929
2.99828
2.99576
2.98948
2.97478
2.93636
2.84609
2.61824
2.1179
1.2834
0.886831
0.828183
0.840374
0.865482
0.901452
0.943162
0.995742
1.06053
3.00001
3.00001
3
2.99999
2.99997
2.99992
2.99979
2.99946
2.99874
2.99668
2.99253
2.97996
2.95445
2.88133
2.71495
2.31288
1.55442
1.01378
0.871084
0.872932
0.893441
0.927902
0.967884
1.01501
1.07173
3.00001
3.00001
3
3
2.99998
2.99994
2.99985
2.99961
2.9991
2.99759
2.99469
2.98556
2.96778
2.91568
2.80006
2.51014
1.9096
1.18348
0.935995
0.912842
0.926059
0.955054
0.992997
1.03519
1.08461
3.00001
3.00001
3
3
2.99999
2.99996
2.99989
2.99974
2.99932
2.99836
2.99597
2.99003
2.97616
2.93991
2.85566
2.64255
2.17323
1.38948
1.01647
0.95042
0.959099
0.982855
1.01709
1.05556
1.09913
3.00001
3.00001
3.00001
3
2.99999
2.99997
2.99993
2.99981
2.99951
2.99887
2.99699
2.99334
2.98195
2.95951
2.8942
2.74802
2.38969
1.69481
1.15147
1.00023
0.993438
1.00836
1.03799
1.07508
1.11514
3.00001
3.00001
3.00001
3
3
2.99998
2.99995
2.99987
2.99968
2.99918
2.99811
2.99503
2.98882
2.97047
2.93238
2.82769
2.59088
2.06353
1.34572
1.07546
1.03278
1.03962
1.06227
1.09515
1.13208
3.00001
3.00001
3.00001
3
3
2.99999
2.99997
2.99991
2.99979
2.99942
2.99874
2.99652
2.99245
2.97958
2.95382
2.88117
2.71643
2.32446
1.61329
1.18477
1.0763
1.07132
1.08501
1.11358
1.14888
3.00001
3.00001
3.00001
3.00001
3
3
2.99998
2.99995
2.99985
2.99964
2.99912
2.99779
2.99488
2.98674
2.9698
2.92217
2.81688
2.5536
2.00161
1.35937
1.13886
1.10709
1.11322
1.13522
1.16617
3.00001
3.00001
3.00001
3.00001
3
3
2.99999
2.99997
2.9999
2.99977
2.9994
2.99857
2.9965
2.99141
2.97958
2.94868
2.878
2.69859
2.29792
1.59982
1.23069
1.14633
1.14242
1.15581
1.18212
3.00001
3.00001
3.00001
3.00001
3.00001
3
3
2.99998
2.99994
2.99985
2.9996
2.99912
2.99761
2.99483
2.98588
2.96894
2.91879
2.80999
2.53723
1.97603
1.39452
1.20288
1.17524
1.18127
1.20188
3.00001
3.00001
3.00001
3.00001
3.00001
3
3
2.99999
2.99996
2.99991
2.99974
2.99944
2.99848
2.9966
2.99119
2.97961
2.94884
2.87786
2.70069
2.30392
1.63618
1.29608
1.21623
1.21016
1.22098
3.00001
3.00001
3.00001
3.00001
3.00001
3.00001
3
3
2.99998
2.99994
2.99985
2.99963
2.9991
2.99775
2.99479
2.98662
2.96949
2.92207
2.8171
2.55723
2.01868
1.46157
1.27318
1.24242
1.24519
3.00001
3.00001
3.00001
3.00001
3.00001
3.00001
3
3
2.99999
2.99997
2.99991
2.99978
2.99942
2.99864
2.99666
2.99188
2.98072
2.95182
2.88631
2.72046
2.34947
1.71359
1.3716
1.28348
1.27323
3.00001
3.00001
3.00001
3.00001
3.00001
3.00001
3.00001
3
3
2.99998
2.99995
2.99987
2.99965
2.99921
2.99789
2.99542
2.98768
2.97308
2.9298
2.83841
2.60652
2.12146
1.55155
1.34359
1.30663
3.00001
3.00001
3.00001
3.00001
3.00001
3.00001
3.00001
3
3
2.99999
2.99997
2.99992
2.99979
2.99952
2.99871
2.99719
2.99244
2.98354
2.95662
2.90107
2.75275
2.4267
1.82192
1.44515
1.34429
3.00001
3.00001
3.00001
3.00001
3.00001
3.00001
3.00001
3.00001
3
3
2.99999
2.99995
2.99989
2.99969
2.9993
2.99822
2.99581
2.98983
2.97537
2.94122
2.85697
2.66035
2.22295
1.6472
1.41478
3.00001
3.00001
3.00001
3.00001
3.00001
3.00001
3.00001
3.00001
3.00001
3
2.99999
2.99998
2.99993
2.99982
2.99959
2.99891
2.99763
2.9936
2.98621
2.96339
2.91758
2.79294
2.51963
1.97117
1.5433
3.00001
3.00001
3.00001
3.00001
3.00001
3.00001
3.00001
3.00001
3.00001
3
3
2.99999
2.99996
2.99991
2.99974
2.99943
2.99846
2.99669
2.99112
2.98058
2.94973
2.88447
2.71695
2.34815
1.77913
3.00001
3.00001
3.00001
3.00001
3.00001
3.00001
3.00001
3.00001
3.00001
3.00001
3
3
2.99998
2.99994
2.99987
2.99964
2.99922
2.99792
2.99544
2.98825
2.97333
2.9335
2.84476
2.62788
2.17714
3.00001
3.00001
3.00001
3.00001
3.00001
3.00001
3.00001
3.00001
3.00001
3.00001
3
3
2.99999
2.99997
2.99992
2.99981
2.99953
2.99886
2.99731
2.99332
2.98478
2.96126
2.91166
2.78093
2.49444
3.00001
3.00001
3.00001
3.00001
3.00001
3.00001
3.00001
3.00001
3.00001
3.00001
3.00001
3
3
2.99999
2.99996
2.9999
2.99974
2.99936
2.99852
2.99623
2.99163
2.97826
2.95164
2.87769
2.71773
3.00001
3.00001
3.00001
3.00001
3.00001
3.00001
3.00001
3.00001
3.00001
3.00001
3.00001
3.00001
3
3
2.99998
2.99994
2.99987
2.99964
2.9992
2.99793
2.99537
2.98838
2.97315
2.93467
2.84617
3.00001
3.00001
3.00001
3.00001
3.00001
3.00001
3.00001
3.00001
3.00001
3.00001
3.00001
3.00001
3
3
2.99999
2.99997
2.99992
2.99982
2.99951
2.99894
2.99722
2.99385
2.98442
2.96432
2.91225
3.00001
3.00001
3.00001
3.00001
3.00001
3.00001
3.00001
3.00001
3.00001
3.00001
3.00001
3.00001
3.00001
3
3
2.99999
2.99996
2.99989
2.99976
2.99935
2.99859
2.99629
2.99184
2.97924
2.95273
3.00001
3.00001
3.00001
3.00001
3.00001
3.00001
3.00001
3.00001
3.00001
3.00001
3.00001
3.00001
3.00001
3.00001
3
3
2.99998
2.99995
2.99985
2.99966
2.99911
2.99798
2.995
2.9883
2.97206
3.00001
3.00001
3.00001
3.00001
3.00001
3.00001
3.00001
3.00001
3.00001
3.00001
3.00001
3.00001
3.00001
3.00001
3
3
2.99999
2.99996
2.99991
2.99975
2.99941
2.99857
2.99652
2.99181
2.97953
3.00001
3.00001
3.00001
3.00001
3.00001
3.00001
3.00001
3.00001
3.00001
3.00001
3.00001
3.00001
3.00001
3.00001
3.00001
3
2.99999
2.99997
2.99993
2.99979
2.99954
2.99876
2.9972
2.99277
2.98304
3.00001
3.00001
3.00001
3.00001
3.00001
3.00001
3.00001
3.00001
3.00001
3.00001
3.00001
3.00001
3.00001
3.00001
3.00001
3
3
2.99998
2.99993
2.99982
2.99958
2.99884
2.99747
2.99297
2.9845
3.00001
3.00001
3.00001
3.00001
3.00001
3.00001
3.00001
3.00001
3.00001
3.00001
3.00001
3.00001
3.00001
3.00001
3.00001
3
2.99999
2.99998
2.99993
2.99983
2.99957
2.99894
2.99739
2.99343
2.98434
3.00001
3.00001
3.00001
3.00001
3.00001
3.00001
3.00001
3.00001
3.00001
3.00001
3.00001
3.00001
3.00001
3.00001
3.00001
3
3
2.99998
2.99994
2.99982
2.9996
2.99891
2.99746
2.99347
2.98424
3.00001
3.00001
3.00001
3.00001
3.00001
3.00001
3.00001
3.00001
3.00001
3.00001
3.00001
3.00001
3.00001
3.00001
3.00001
3
3
2.99998
2.99994
2.99982
2.9996
2.99891
2.9975
2.99344
2.98445
3.00001
3.00001
3.00001
3.00001
3.00001
3.00001
3.00001
3.00001
3.00001
3.00001
3.00001
3.00001
3.00001
3.00001
3.00001
3
3
2.99998
2.99994
2.99984
2.99958
2.99896
2.99743
2.99352
2.98455
1.11642
1.30355
1.30488
1.1236
0.785387
0.389271
0.181307
0.112425
0.140588
0.21115
0.280164
0.341076
0.388632
0.42247
0.444744
0.463664
0.484123
0.507062
0.53142
0.554605
0.576593
0.598177
0.62002
0.640826
0.654483
0.660911
0.663299
0.658459
0.640433
0.609445
0.567411
0.518098
0.464926
0.410041
0.356238
0.3048
0.256255
0.210215
0.165702
0.123698
0.0839649
0.047853
0.0223541
0.0400216
0.0710521
0.102843
0.133388
0.162436
0.189616
0.215964
0.243575
0.270812
0.297058
0.321944
0.34642
0.369859
0.393123
0.415361
0.43755
0.458736
0.479949
0.500183
0.520504
0.539867
0.559357
0.577905
0.596608
0.614383
0.632336
0.649366
0.666571
0.682875
0.699302
0.714874
0.730442
0.745214
0.759774
0.77363
0.786995
0.79972
0.811702
0.822954
0.833321
0.842734
0.851097
0.858018
0.863639
0.868741
0.873257
0.876771
0.87895
0.880466
0.880986
0.881819
0.882243
0.883653
0.88518
0.887653
0.88993
0.897087
1.12981
1.23862
1.26196
1.22138
1.13687
0.915484
0.639954
0.479556
0.37376
0.286703
0.205927
0.135112
0.0804943
0.0633775
0.109433
0.169098
0.227056
0.276383
0.316312
0.347077
0.37295
0.397067
0.420119
0.443214
0.459757
0.466061
0.467178
0.460841
0.440863
0.406637
0.362119
0.31185
0.259804
0.206912
0.157949
0.113231
0.076092
0.0545004
0.0610937
0.0864478
0.117506
0.148445
0.178189
0.206709
0.235453
0.263668
0.291328
0.317884
0.343024
0.366895
0.391688
0.416616
0.440608
0.463341
0.485666
0.507164
0.528451
0.548923
0.569262
0.5888
0.608267
0.626971
0.645641
0.663576
0.681519
0.698716
0.715984
0.732483
0.749103
0.764932
0.780893
0.79606
0.811329
0.825836
0.840319
0.854129
0.867686
0.880678
0.893153
0.905086
0.916324
0.926885
0.936653
0.945537
0.953496
0.960164
0.965625
0.970718
0.97528
0.978934
0.981581
0.983595
0.984857
0.98632
0.987463
0.989291
0.99131
0.993907
0.996271
1.00265
1.13019
1.23236
1.31223
1.35121
1.33674
1.2471
1.01891
0.816007
0.696773
0.607938
0.528871
0.454181
0.384409
0.319607
0.257319
0.199164
0.145505
0.0989783
0.0666031
0.0701477
0.103673
0.143255
0.179666
0.213519
0.24029
0.25045
0.248833
0.237412
0.217237
0.183567
0.148157
0.114788
0.0962702
0.0968428
0.114926
0.142754
0.17321
0.203574
0.232486
0.261445
0.290031
0.317628
0.344096
0.369585
0.394677
0.419229
0.443396
0.466768
0.489049
0.509973
0.53134
0.553252
0.574855
0.595169
0.615039
0.63418
0.653196
0.671556
0.689801
0.707407
0.724934
0.741832
0.758725
0.774969
0.791271
0.806896
0.822616
0.83765
0.852788
0.867258
0.881805
0.895731
0.90965
0.923014
0.936225
0.948948
0.96133
0.973252
0.984664
0.995562
1.00584
1.01545
1.02435
1.03244
1.03971
1.04585
1.05091
1.05571
1.06007
1.06364
1.06651
1.0689
1.07077
1.07276
1.07457
1.07676
1.07914
1.08177
1.08394
1.08957
1.13889
1.24413
1.33136
1.40057
1.41396
1.37793
1.27472
1.08939
0.948811
0.859902
0.783947
0.713686
0.65021
0.588983
0.529265
0.473269
0.42092
0.370219
0.320863
0.273121
0.22781
0.184382
0.14337
0.103908
0.0676577
0.0347923
0.0135456
0.0211604
0.0569785
0.108436
0.154945
0.197748
0.236433
0.269954
0.301333
0.330863
0.358742
0.384712
0.409439
0.433246
0.456783
0.479427
0.501628
0.522941
0.544093
0.564667
0.585126
0.604987
0.624126
0.641896
0.659803
0.678383
0.697364
0.715233
0.732664
0.749467
0.766208
0.78245
0.798659
0.814345
0.830041
0.845196
0.860414
0.87508
0.88983
0.904037
0.918319
0.932078
0.945884
0.959189
0.972491
0.985314
0.998055
1.01034
1.02243
1.03409
1.0454
1.05627
1.06667
1.07655
1.08584
1.09451
1.1025
1.10975
1.11629
1.12186
1.12654
1.13105
1.1352
1.13882
1.14198
1.14488
1.14766
1.15033
1.15311
1.15592
1.15886
1.1617
1.16384
1.16911
1.14186
1.24475
1.33459
1.40837
1.45072
1.45027
1.4071
1.30332
1.15476
1.05249
0.986793
0.923497
0.863965
0.809605
0.75692
0.706521
0.65807
0.609831
0.564712
0.521871
0.479402
0.437211
0.397058
0.358669
0.322884
0.293332
0.27805
0.272526
0.289871
0.323518
0.363937
0.404467
0.439973
0.469352
0.494574
0.51724
0.538234
0.557773
0.576496
0.594612
0.612546
0.630109
0.64745
0.664389
0.681246
0.697811
0.714411
0.730706
0.746595
0.761305
0.775922
0.791095
0.807125
0.822514
0.837518
0.851911
0.866335
0.880313
0.894462
0.908118
0.921964
0.935285
0.948805
0.961799
0.974987
0.987685
1.00052
1.01293
1.02538
1.0375
1.04951
1.06129
1.0728
1.08413
1.09506
1.10576
1.11601
1.12587
1.13524
1.14407
1.15234
1.15994
1.16695
1.17323
1.17895
1.18387
1.18818
1.19231
1.1963
1.19997
1.20356
1.20704
1.21062
1.21414
1.21785
1.22137
1.22495
1.2279
1.23026
1.23531
1.13992
1.23698
1.32628
1.40078
1.46041
1.48366
1.47259
1.42686
1.33169
1.21799
1.14129
1.08582
1.03445
0.987397
0.941214
0.896977
0.854479
0.812424
0.772043
0.732693
0.692286
0.653458
0.615899
0.577366
0.540308
0.511144
0.48983
0.479501
0.489825
0.519906
0.55816
0.595865
0.629557
0.655118
0.674138
0.689132
0.702529
0.714961
0.72742
0.739611
0.752195
0.764575
0.777307
0.789789
0.802635
0.815261
0.828291
0.841096
0.853978
0.865787
0.8776
0.889561
0.902805
0.915865
0.928867
0.941174
0.953665
0.96567
0.978016
0.989874
1.00206
1.0138
1.02576
1.03735
1.04908
1.0605
1.07197
1.0832
1.09437
1.10534
1.11613
1.12677
1.13713
1.1473
1.15711
1.16664
1.17572
1.18444
1.1926
1.20026
1.20736
1.21381
1.21978
1.22506
1.23001
1.2343
1.23838
1.24213
1.24616
1.25004
1.25432
1.25841
1.26298
1.26739
1.27233
1.27665
1.28106
1.28432
1.28717
1.29238
1.13633
1.22761
1.31239
1.38875
1.4512
1.49774
1.50757
1.4905
1.44512
1.36064
1.27283
1.21349
1.1671
1.12592
1.08698
1.05026
1.01526
0.978362
0.942553
0.908882
0.872673
0.835651
0.797233
0.75847
0.722178
0.688435
0.654783
0.637114
0.646139
0.676756
0.716772
0.757097
0.791952
0.81781
0.834049
0.842719
0.848289
0.853327
0.859214
0.865888
0.873538
0.881508
0.890091
0.898692
0.907845
0.917027
0.926771
0.936522
0.946655
0.956044
0.965361
0.974622
0.985196
0.996084
1.00721
1.01774
1.02849
1.03886
1.04952
1.05992
1.07053
1.08092
1.09145
1.10183
1.11223
1.12254
1.13278
1.14297
1.15303
1.16299
1.1728
1.1824
1.1918
1.20091
1.2097
1.21813
1.22615
1.23365
1.24071
1.24709
1.25304
1.25829
1.2632
1.26751
1.27166
1.27541
1.27923
1.2829
1.28701
1.29121
1.29611
1.30096
1.3066
1.31193
1.31772
1.3229
1.32812
1.33204
1.33505
1.33949
1.13386
1.21774
1.29822
1.372
1.43774
1.49046
1.52286
1.52594
1.50673
1.46078
1.38696
1.31893
1.2724
1.23548
1.20148
1.1696
1.14217
1.11322
1.08302
1.05226
1.0201
0.985354
0.947997
0.910178
0.868931
0.824058
0.7784
0.756381
0.76639
0.798189
0.841236
0.885994
0.924043
0.952741
0.971858
0.979546
0.979431
0.977233
0.976075
0.976711
0.979335
0.983104
0.988086
0.993306
0.999362
1.00548
1.01236
1.01933
1.02703
1.03428
1.0415
1.04841
1.0565
1.06524
1.07456
1.08359
1.09276
1.10178
1.11096
1.12014
1.1294
1.13868
1.14798
1.15729
1.16656
1.17584
1.18505
1.1942
1.20329
1.21223
1.22105
1.22966
1.23802
1.24608
1.25379
1.26107
1.26795
1.27425
1.28013
1.28536
1.2902
1.29443
1.29843
1.302
1.30562
1.30906
1.3129
1.3168
1.3214
1.32616
1.33183
1.3377
1.34426
1.35066
1.35734
1.36347
1.36948
1.37442
1.37783
1.38173
1.13383
1.20968
1.285
1.35521
1.42088
1.47634
1.52023
1.54089
1.53992
1.51985
1.47589
1.41235
1.35681
1.32147
1.29265
1.26411
1.24009
1.21753
1.19447
1.16946
1.13961
1.10613
1.06924
1.03079
0.983801
0.922927
0.864176
0.843528
0.856821
0.889953
0.935097
0.985064
1.02726
1.05735
1.07958
1.09235
1.09432
1.08864
1.08094
1.07501
1.07146
1.07048
1.07118
1.07319
1.07628
1.07979
1.08416
1.08875
1.0942
1.09963
1.10512
1.11031
1.11621
1.12301
1.13072
1.13854
1.14644
1.15437
1.16233
1.17043
1.17853
1.18676
1.19502
1.20336
1.21176
1.22017
1.22861
1.23699
1.24529
1.25345
1.26144
1.26919
1.27666
1.28375
1.29047
1.2967
1.30245
1.30763
1.31234
1.3165
1.32033
1.32374
1.32706
1.33019
1.33356
1.33704
1.34117
1.34557
1.35086
1.35652
1.36306
1.36992
1.37736
1.38457
1.39218
1.39911
1.40604
1.41176
1.41604
1.41979
1.13608
1.2052
1.27343
1.34078
1.40298
1.46041
1.50792
1.54363
1.5555
1.55102
1.53041
1.48971
1.43505
1.39068
1.36402
1.33899
1.31726
1.29771
1.27952
1.2596
1.23294
1.20272
1.16663
1.12327
1.06269
0.983475
0.91993
0.905776
0.922772
0.956348
1.00541
1.05971
1.10596
1.13872
1.16036
1.1761
1.18456
1.18402
1.17653
1.16598
1.15651
1.14957
1.14529
1.14338
1.14324
1.14432
1.14641
1.14905
1.15254
1.15643
1.16049
1.16434
1.16844
1.17349
1.17962
1.18635
1.19327
1.20034
1.20748
1.21469
1.222
1.22939
1.23686
1.24442
1.252
1.25965
1.26727
1.27488
1.28241
1.28981
1.29702
1.30394
1.3105
1.31663
1.32229
1.32741
1.33199
1.33604
1.33964
1.34284
1.34583
1.34866
1.35161
1.35463
1.35819
1.36209
1.36682
1.37211
1.37824
1.38495
1.39247
1.4001
1.40821
1.41612
1.42438
1.43196
1.43961
1.44611
1.45124
1.45518
1.14119
1.20266
1.2658
1.32797
1.38807
1.44328
1.49377
1.53356
1.56206
1.56803
1.56064
1.53955
1.50361
1.45476
1.42073
1.39793
1.37882
1.36132
1.34442
1.32769
1.30266
1.27514
1.23833
1.18779
1.10673
1.01
0.952357
0.947568
0.967843
1.00611
1.05951
1.11523
1.16217
1.19771
1.22215
1.23831
1.24956
1.25567
1.25466
1.24699
1.23521
1.22344
1.21359
1.20662
1.20229
1.20019
1.19978
1.20051
1.20216
1.20456
1.20741
1.21026
1.21321
1.21672
1.22135
1.22697
1.23308
1.23942
1.24591
1.25252
1.25922
1.26603
1.27293
1.27988
1.28688
1.29388
1.30086
1.30778
1.31459
1.32125
1.32767
1.33375
1.33944
1.34465
1.34931
1.35341
1.35697
1.36005
1.36282
1.36536
1.36792
1.37052
1.37354
1.37689
1.38104
1.38581
1.39151
1.39786
1.40517
1.41298
1.42129
1.42965
1.43843
1.44697
1.45581
1.46411
1.47238
1.47969
1.48558
1.48993
1.1493
1.20392
1.26087
1.31858
1.37453
1.42848
1.47759
1.52122
1.5556
1.57618
1.57882
1.57043
1.54977
1.51513
1.47433
1.44568
1.42588
1.41132
1.3947
1.37809
1.35581
1.32713
1.28493
1.21802
1.11087
1.00936
0.972961
0.978207
1.00141
1.04477
1.09996
1.15405
1.19944
1.23631
1.26409
1.28419
1.29739
1.30562
1.31047
1.31005
1.3035
1.29193
1.27912
1.26754
1.2585
1.25234
1.24856
1.24687
1.24664
1.24758
1.24942
1.25168
1.25398
1.25657
1.25998
1.26455
1.26996
1.27573
1.28172
1.28785
1.29409
1.30041
1.30681
1.31324
1.3197
1.32617
1.33259
1.33893
1.3451
1.35105
1.35667
1.3619
1.36668
1.37093
1.37463
1.3778
1.38051
1.3829
1.38513
1.38735
1.38977
1.3925
1.39584
1.39992
1.4049
1.41076
1.41754
1.42516
1.43341
1.44198
1.45091
1.45993
1.46921
1.47833
1.48761
1.49643
1.50511
1.51295
1.51944
1.52399
1.15961
1.20812
1.25946
1.31213
1.36417
1.41546
1.46309
1.50767
1.54476
1.57416
1.58801
1.58843
1.57962
1.55951
1.5265
1.49203
1.46626
1.44969
1.43372
1.41567
1.39308
1.35894
1.30351
1.207
1.08312
1.00287
0.986966
0.999137
1.02868
1.07611
1.1308
1.18052
1.22316
1.25904
1.28855
1.31221
1.32989
1.3418
1.34916
1.35332
1.35363
1.34874
1.33872
1.32619
1.31398
1.30369
1.2961
1.29112
1.28863
1.28782
1.28849
1.29015
1.29217
1.29432
1.29687
1.30045
1.3051
1.31039
1.31598
1.3218
1.32772
1.33373
1.33978
1.34582
1.35184
1.35777
1.3636
1.36927
1.37472
1.37985
1.3846
1.38891
1.3927
1.39598
1.39876
1.40112
1.40326
1.40528
1.40739
1.40969
1.41237
1.41563
1.41975
1.42483
1.43091
1.43798
1.4459
1.45438
1.46324
1.47243
1.48188
1.49143
1.50113
1.51071
1.52028
1.52948
1.53847
1.54666
1.55362
1.55828
1.1717
1.21465
1.2608
1.30829
1.35726
1.40442
1.45135
1.49403
1.53391
1.56596
1.59065
1.59879
1.59762
1.58813
1.56683
1.53771
1.50563
1.48289
1.46529
1.4441
1.41514
1.36796
1.28651
1.15688
1.0417
0.998277
0.999063
1.01562
1.05129
1.10092
1.15115
1.19596
1.23532
1.26982
1.29991
1.32569
1.347
1.36397
1.3759
1.38328
1.38742
1.38954
1.3875
1.38033
1.36953
1.35764
1.34666
1.33818
1.33222
1.32914
1.32801
1.32862
1.33031
1.33239
1.33462
1.33732
1.34103
1.34568
1.35083
1.35624
1.36179
1.36742
1.37306
1.37869
1.38424
1.38969
1.39493
1.39995
1.40459
1.40886
1.41265
1.41594
1.4187
1.42102
1.423
1.42475
1.42659
1.42858
1.4308
1.43336
1.43658
1.44069
1.44596
1.45226
1.45962
1.46762
1.47623
1.48515
1.49453
1.50408
1.51388
1.52369
1.53357
1.54331
1.55297
1.5623
1.57139
1.57972
1.58694
1.59169
1.18466
1.2231
1.26457
1.3079
1.3525
1.39724
1.44079
1.48332
1.52182
1.55747
1.58514
1.60523
1.60978
1.60651
1.59629
1.57448
1.54544
1.51326
1.48865
1.46166
1.42219
1.3516
1.22661
1.08637
1.01093
0.996547
1.00524
1.02987
1.07087
1.11832
1.16258
1.2026
1.23893
1.27198
1.30209
1.32913
1.35308
1.37364
1.39054
1.40362
1.41229
1.41812
1.42174
1.42292
1.4196
1.41159
1.40093
1.39043
1.38153
1.37506
1.37127
1.3697
1.3701
1.37172
1.37393
1.37626
1.37907
1.38278
1.38734
1.39223
1.39728
1.40236
1.40748
1.41251
1.41748
1.42221
1.42668
1.43075
1.43439
1.43755
1.44022
1.44244
1.44416
1.44572
1.44712
1.44854
1.45032
1.45247
1.45498
1.458
1.46207
1.46732
1.47388
1.48122
1.4893
1.49774
1.50674
1.51598
1.52561
1.53534
1.54527
1.55515
1.56507
1.57478
1.58442
1.59368
1.60272
1.61101
1.61831
1.62301
1.19896
1.23381
1.2709
1.3105
1.35108
1.39296
1.43398
1.47436
1.51254
1.54802
1.57837
1.60354
1.61748
1.61918
1.61415
1.60111
1.57873
1.54533
1.50774
1.46801
1.4067
1.2958
1.13891
1.02475
0.991672
0.994672
1.00981
1.04256
1.0861
1.12815
1.16694
1.20294
1.23678
1.26859
1.29854
1.32644
1.35229
1.37579
1.39672
1.41497
1.43002
1.44107
1.4494
1.4557
1.45916
1.45981
1.45551
1.4471
1.43731
1.42817
1.42102
1.41638
1.41412
1.41378
1.41501
1.41696
1.4191
1.42157
1.42486
1.42891
1.43328
1.43772
1.44212
1.44638
1.45046
1.45425
1.45764
1.46058
1.463
1.46494
1.46633
1.46756
1.46846
1.46912
1.46998
1.47155
1.4736
1.47599
1.47897
1.48287
1.48823
1.49461
1.50194
1.50967
1.51813
1.52686
1.53614
1.54552
1.55527
1.56496
1.57487
1.58459
1.59438
1.60389
1.61334
1.6224
1.63124
1.63937
1.64662
1.65123
1.21459
1.24703
1.28029
1.31613
1.35321
1.39119
1.43022
1.46768
1.50541
1.53953
1.57225
1.5981
1.61981
1.62706
1.62557
1.61736
1.59895
1.56809
1.52254
1.46198
1.36474
1.20243
1.05295
0.9905
0.983806
0.993126
1.01784
1.05509
1.09455
1.13149
1.16615
1.19935
1.23135
1.2623
1.29218
1.32096
1.34862
1.3748
1.39949
1.42204
1.4423
1.45973
1.47364
1.48446
1.49331
1.49901
1.50194
1.501
1.49535
1.48659
1.47747
1.46932
1.46325
1.45963
1.45815
1.45833
1.45958
1.46134
1.46321
1.46562
1.46872
1.4722
1.47563
1.47894
1.48187
1.48443
1.48647
1.48796
1.48905
1.48984
1.4901
1.48981
1.48969
1.48997
1.49119
1.49296
1.49516
1.49794
1.5018
1.50702
1.51342
1.52039
1.52813
1.53629
1.54504
1.55399
1.56337
1.57278
1.58243
1.592
1.60169
1.61118
1.6207
1.62993
1.63911
1.64788
1.6565
1.66441
1.67152
1.67605
1.23063
1.26064
1.29176
1.3238
1.35803
1.3928
1.42863
1.46424
1.49961
1.53317
1.56522
1.5933
1.6167
1.63094
1.63239
1.62555
1.6103
1.57842
1.52507
1.4355
1.28448
1.10306
0.998986
0.976136
0.980921
0.997402
1.02716
1.06284
1.09708
1.12986
1.16178
1.1934
1.22462
1.25586
1.28674
1.31729
1.34706
1.37591
1.40357
1.42952
1.45387
1.47572
1.49491
1.51074
1.5234
1.53378
1.54104
1.54474
1.54624
1.54332
1.53615
1.52672
1.51745
1.50985
1.50441
1.50117
1.49971
1.4995
1.50028
1.5015
1.5028
1.5045
1.50648
1.5085
1.50993
1.51095
1.51168
1.51192
1.51155
1.51066
1.50963
1.50871
1.50821
1.50905
1.51056
1.51251
1.51507
1.51874
1.52388
1.53
1.53695
1.54449
1.55265
1.5612
1.57018
1.57935
1.58874
1.59818
1.60771
1.61716
1.62665
1.63593
1.64523
1.65418
1.66314
1.6716
1.67998
1.68759
1.69454
1.69892
1.24469
1.27497
1.3046
1.33403
1.36487
1.39709
1.4299
1.4633
1.49647
1.52902
1.55939
1.58825
1.61161
1.62841
1.63067
1.62325
1.60683
1.57146
1.50163
1.37677
1.18075
1.02528
0.973949
0.972069
0.980096
1.00131
1.03213
1.06429
1.09567
1.1272
1.15881
1.19097
1.2234
1.25608
1.2885
1.32068
1.35203
1.38269
1.4119
1.44004
1.46617
1.49082
1.51287
1.53261
1.54894
1.5624
1.57316
1.58167
1.58662
1.58879
1.5877
1.58212
1.57315
1.56325
1.55407
1.54633
1.54107
1.53764
1.53583
1.53518
1.53474
1.53484
1.53502
1.53514
1.5349
1.53422
1.53305
1.53163
1.53001
1.52824
1.52657
1.52564
1.52601
1.52731
1.52914
1.53164
1.53527
1.54024
1.54627
1.55302
1.56058
1.56849
1.57703
1.5857
1.59485
1.60392
1.61335
1.62255
1.63201
1.64115
1.65048
1.65943
1.66847
1.67712
1.6858
1.694
1.7021
1.70948
1.71614
1.72039
1.26289
1.28894
1.31699
1.34507
1.37332
1.40306
1.43324
1.46469
1.49486
1.52678
1.55505
1.58318
1.60562
1.61998
1.61937
1.60894
1.58678
1.54002
1.4462
1.28333
1.10663
1.01021
0.98832
0.992848
1.00402
1.02506
1.05377
1.08383
1.1142
1.1446
1.17568
1.207
1.239
1.27091
1.30298
1.33436
1.36515
1.39485
1.42381
1.45151
1.47829
1.50335
1.52699
1.54855
1.56776
1.58444
1.59803
1.60937
1.61906
1.62484
1.6274
1.62772
1.62427
1.61659
1.60588
1.59528
1.58582
1.57826
1.57278
1.5688
1.56591
1.56367
1.56165
1.55964
1.5574
1.55488
1.5522
1.54942
1.54684
1.54447
1.5432
1.54279
1.5441
1.54597
1.54836
1.55176
1.55669
1.56253
1.56928
1.57664
1.58461
1.59285
1.6015
1.61026
1.61929
1.62829
1.63746
1.64649
1.65559
1.66448
1.67343
1.68211
1.69081
1.6991
1.70734
1.71509
1.72268
1.72955
1.73574
1.73964
1.28112
1.30208
1.32947
1.35679
1.38328
1.411
1.43833
1.46819
1.49596
1.52549
1.55241
1.57745
1.59774
1.60373
1.59679
1.58124
1.54678
1.47795
1.35022
1.20443
1.10145
1.04967
1.03571
1.03903
1.04621
1.061
1.08428
1.11151
1.13931
1.1672
1.19575
1.2249
1.25472
1.28482
1.31502
1.34475
1.37426
1.403
1.43134
1.45892
1.4858
1.51157
1.53621
1.55901
1.58046
1.59952
1.6168
1.6311
1.64325
1.65336
1.66048
1.66414
1.66496
1.66299
1.65657
1.64639
1.6349
1.6236
1.61341
1.60492
1.59795
1.5923
1.58732
1.58281
1.57833
1.57405
1.56992
1.56623
1.5632
1.5613
1.56041
1.56168
1.56331
1.5654
1.56848
1.57306
1.57881
1.58533
1.59266
1.60037
1.60858
1.61694
1.62571
1.63443
1.64347
1.65234
1.66142
1.67025
1.67924
1.68785
1.69653
1.70475
1.71303
1.72084
1.72865
1.73594
1.74308
1.74947
1.75515
1.75875
1.30543
1.31909
1.34184
1.3689
1.3942
1.4204
1.44545
1.47298
1.499
1.52566
1.54989
1.57082
1.58227
1.57907
1.56518
1.53647
1.47825
1.3725
1.25364
1.17254
1.12613
1.09781
1.08506
1.08429
1.08856
1.09631
1.11051
1.13212
1.15694
1.18316
1.2101
1.23788
1.26629
1.29533
1.32431
1.3534
1.38191
1.41026
1.43801
1.46543
1.49203
1.51803
1.54282
1.5668
1.58927
1.61056
1.62998
1.64749
1.66254
1.67505
1.68562
1.69361
1.69815
1.69932
1.69843
1.69369
1.68419
1.6714
1.6575
1.64405
1.63212
1.62184
1.61306
1.60538
1.59859
1.59253
1.5873
1.58336
1.5806
1.57937
1.5803
1.58181
1.58372
1.58665
1.59108
1.59662
1.60315
1.61025
1.61791
1.62579
1.6341
1.64243
1.65109
1.65963
1.66846
1.67709
1.68592
1.69438
1.70292
1.71106
1.71925
1.72704
1.73483
1.74217
1.74945
1.75615
1.76265
1.76834
1.77328
1.77637
1.33072
1.33718
1.35573
1.38084
1.40516
1.43004
1.45372
1.47855
1.50273
1.52599
1.54597
1.55821
1.55691
1.54377
1.51745
1.46462
1.36878
1.26393
1.19958
1.17236
1.15856
1.14689
1.13594
1.12967
1.12896
1.13234
1.1386
1.15077
1.17089
1.19565
1.22204
1.24931
1.27692
1.30502
1.33305
1.36105
1.3889
1.4165
1.44386
1.47095
1.49746
1.52358
1.54888
1.57337
1.59699
1.61928
1.6404
1.65984
1.67732
1.69281
1.70544
1.7163
1.72438
1.72949
1.73102
1.7309
1.72734
1.71848
1.7043
1.68785
1.67134
1.6559
1.64215
1.63052
1.62075
1.61312
1.60736
1.60292
1.60093
1.60054
1.60192
1.60367
1.60651
1.61048
1.61579
1.62191
1.6288
1.63596
1.64365
1.65145
1.65968
1.66781
1.67632
1.68467
1.69331
1.70157
1.70999
1.71799
1.72612
1.73382
1.74161
1.74894
1.75627
1.76308
1.76976
1.77582
1.78153
1.78642
1.79041
1.79297
1.36716
1.36244
1.37149
1.39141
1.41615
1.44025
1.46292
1.4852
1.50626
1.52486
1.53641
1.5349
1.52123
1.49522
1.44346
1.3519
1.25372
1.20052
1.18463
1.18584
1.18943
1.1904
1.1866
1.17748
1.16958
1.16721
1.17011
1.17581
1.18745
1.20743
1.23295
1.25986
1.28718
1.31454
1.34198
1.36936
1.39677
1.42388
1.45101
1.4775
1.50398
1.52962
1.55507
1.57973
1.60373
1.62696
1.64898
1.66985
1.68915
1.70644
1.72204
1.73465
1.74515
1.75255
1.75691
1.75814
1.758
1.75454
1.74555
1.73148
1.7137
1.69467
1.67619
1.65993
1.64675
1.63637
1.6294
1.62517
1.62344
1.62425
1.62589
1.62837
1.63193
1.63682
1.64274
1.64914
1.65603
1.66316
1.6708
1.67847
1.68648
1.6944
1.70266
1.71056
1.71871
1.72643
1.73437
1.74184
1.74947
1.75665
1.76388
1.77064
1.77733
1.78347
1.78937
1.79457
1.79928
1.80314
1.80608
1.808
1.4107
1.38845
1.39033
1.40434
1.42572
1.44955
1.47143
1.49114
1.50778
1.51764
1.51489
1.50007
1.47264
1.41936
1.32722
1.23368
1.18878
1.18116
1.18866
1.20226
1.21757
1.22475
1.22592
1.22246
1.21265
1.20399
1.20213
1.20553
1.21189
1.22414
1.2449
1.27054
1.29738
1.32452
1.35139
1.37845
1.40536
1.43218
1.45886
1.48516
1.51119
1.53686
1.56201
1.58695
1.61097
1.63471
1.65713
1.67877
1.69887
1.71743
1.73438
1.74902
1.76166
1.77141
1.77729
1.77985
1.78069
1.77981
1.77509
1.76521
1.75172
1.73447
1.71569
1.69724
1.68088
1.66815
1.65865
1.65302
1.65091
1.65159
1.65308
1.65552
1.65967
1.66495
1.67088
1.67707
1.68389
1.69086
1.69823
1.70552
1.71322
1.7207
1.72847
1.73592
1.74357
1.75084
1.75829
1.76532
1.77247
1.77913
1.78584
1.79194
1.79801
1.8033
1.80837
1.81245
1.81609
1.81876
1.82038
1.82147
1.50138
1.42832
1.41603
1.42068
1.43645
1.45764
1.47785
1.49404
1.50225
1.49764
1.48114
1.4506
1.39341
1.29906
1.20914
1.17075
1.16695
1.17668
1.19718
1.22343
1.24347
1.25364
1.25646
1.2571
1.25322
1.24459
1.23871
1.23898
1.24289
1.25003
1.26325
1.28404
1.30923
1.33571
1.36219
1.38884
1.41528
1.44189
1.46826
1.49444
1.52027
1.54565
1.57061
1.59515
1.61904
1.64263
1.66507
1.68696
1.70735
1.72652
1.74418
1.75972
1.77367
1.78468
1.79288
1.79698
1.79842
1.79868
1.79637
1.78939
1.77956
1.76756
1.75304
1.73712
1.72121
1.70734
1.6959
1.68826
1.68397
1.68353
1.68454
1.68639
1.68996
1.69494
1.70086
1.70694
1.71357
1.72003
1.72711
1.73393
1.74119
1.74798
1.75523
1.76198
1.76919
1.77582
1.78278
1.78908
1.79556
1.80146
1.80733
1.81266
1.81766
1.82201
1.82572
1.82863
1.83082
1.83203
1.83203
1.83273
1.67575
1.4853
1.4475
1.44253
1.44899
1.46396
1.48118
1.49002
1.48381
1.46493
1.43029
1.36682
1.2691
1.18193
1.14853
1.14828
1.15948
1.18462
1.21698
1.24443
1.26441
1.2766
1.28235
1.28507
1.28617
1.28401
1.27894
1.27621
1.27831
1.28259
1.29014
1.30327
1.32384
1.34837
1.37439
1.40071
1.42691
1.45296
1.47906
1.50475
1.5305
1.55546
1.58029
1.6043
1.628
1.65104
1.67329
1.69491
1.71508
1.73435
1.75175
1.76769
1.78154
1.79294
1.80186
1.80692
1.80943
1.81074
1.81072
1.80787
1.8012
1.79351
1.78498
1.77428
1.76273
1.75072
1.73961
1.73016
1.7234
1.71993
1.71945
1.72003
1.72159
1.72515
1.73027
1.73605
1.74225
1.74877
1.75533
1.76185
1.76839
1.7749
1.78141
1.78789
1.79423
1.80056
1.80662
1.8126
1.81819
1.82357
1.82844
1.83295
1.83672
1.83989
1.8421
1.84371
1.84399
1.84337
1.84199
1.84235
1.95934
1.59259
1.48397
1.46426
1.46252
1.46907
1.47695
1.47271
1.45166
1.41196
1.34043
1.23767
1.15343
1.12421
1.12711
1.14061
1.16921
1.20507
1.23565
1.25974
1.2787
1.29324
1.30388
1.31081
1.31546
1.31798
1.3187
1.31748
1.31706
1.31991
1.32423
1.33179
1.34484
1.3647
1.38826
1.4138
1.43961
1.4654
1.49104
1.5164
1.54172
1.56642
1.59085
1.61449
1.63765
1.66007
1.6818
1.7026
1.72238
1.7409
1.75777
1.77288
1.78587
1.79688
1.80567
1.81176
1.81516
1.81744
1.81895
1.81939
1.81822
1.81574
1.81211
1.80804
1.80182
1.79463
1.78563
1.77685
1.7684
1.76227
1.75812
1.75706
1.75708
1.75788
1.76045
1.76462
1.77025
1.77616
1.78228
1.78828
1.79432
1.80024
1.80615
1.81196
1.8177
1.82329
1.82876
1.83397
1.83888
1.84338
1.84732
1.85064
1.85311
1.85478
1.85559
1.8553
1.85415
1.85211
1.84891
1.84786
2.34378
1.81409
1.56594
1.49893
1.4813
1.47379
1.46439
1.441
1.39349
1.30931
1.2034
1.12536
1.1005
1.10555
1.12393
1.15673
1.19375
1.22463
1.25003
1.27117
1.29003
1.30705
1.32183
1.33404
1.34354
1.35013
1.35447
1.35692
1.35822
1.36002
1.36304
1.36721
1.37432
1.38699
1.40623
1.42925
1.45392
1.47912
1.50446
1.52938
1.55415
1.57834
1.60216
1.62521
1.64765
1.66927
1.69008
1.71
1.72868
1.74587
1.76149
1.77527
1.78719
1.79706
1.80516
1.81158
1.81637
1.82037
1.82359
1.82702
1.82998
1.8329
1.83455
1.83538
1.83507
1.83251
1.82813
1.82173
1.81459
1.80718
1.80032
1.79537
1.79252
1.79184
1.79191
1.79307
1.79641
1.80115
1.80667
1.81231
1.81806
1.82357
1.82904
1.83431
1.83946
1.84444
1.84917
1.85359
1.85758
1.86099
1.86368
1.86546
1.86633
1.86631
1.8653
1.86353
1.8609
1.85653
1.84982
1.84672
2.63529
2.20052
1.73311
1.54861
1.50022
1.47422
1.43862
1.37483
1.27152
1.16274
1.09675
1.07859
1.08599
1.10973
1.14616
1.18237
1.21311
1.23822
1.2602
1.28068
1.30053
1.31976
1.33795
1.35415
1.36802
1.37902
1.38766
1.39328
1.39695
1.39973
1.40258
1.40579
1.41022
1.41735
1.42963
1.44812
1.46975
1.49323
1.51766
1.54198
1.56606
1.58972
1.61281
1.63509
1.6565
1.67698
1.69653
1.71502
1.73219
1.74789
1.76164
1.77372
1.78383
1.79266
1.79988
1.80674
1.81238
1.81858
1.82419
1.83097
1.83734
1.8442
1.84972
1.85554
1.85896
1.86109
1.86019
1.85828
1.85469
1.84855
1.84121
1.83377
1.82768
1.82329
1.8212
1.82087
1.82114
1.82271
1.82634
1.83112
1.8364
1.84167
1.84688
1.85178
1.85648
1.86085
1.86494
1.86852
1.87156
1.87379
1.8751
1.87534
1.87483
1.87349
1.87125
1.867
1.86104
1.85421
1.84598
1.84196
2.79474
2.51559
2.01591
1.6485
1.51926
1.45775
1.36717
1.23351
1.11222
1.05793
1.05037
1.06257
1.09435
1.13539
1.17138
1.20088
1.22512
1.24657
1.26709
1.28782
1.30862
1.32953
1.34978
1.3689
1.38617
1.40096
1.41333
1.42321
1.43013
1.435
1.43852
1.44167
1.44529
1.45014
1.45781
1.46996
1.48691
1.50694
1.52868
1.55158
1.57496
1.59813
1.62041
1.6419
1.66232
1.68156
1.69959
1.7163
1.73141
1.74493
1.75646
1.76655
1.77504
1.78276
1.78999
1.797
1.80468
1.81233
1.82113
1.82998
1.83964
1.84897
1.85821
1.86642
1.87358
1.87921
1.88258
1.88379
1.8821
1.87948
1.87527
1.86856
1.86098
1.85365
1.8481
1.84421
1.84285
1.84284
1.84354
1.84566
1.84936
1.85401
1.85873
1.86335
1.8676
1.87139
1.87464
1.87711
1.87887
1.87949
1.87921
1.87835
1.87653
1.87288
1.86757
1.86057
1.85278
1.845
1.83656
1.83276
2.88368
2.72943
2.37638
1.85729
1.56979
1.4112
1.20775
1.05536
1.00381
1.00808
1.0297
1.0697
1.11511
1.15297
1.18272
1.20623
1.22684
1.24718
1.26797
1.28976
1.31191
1.33421
1.35601
1.37709
1.39674
1.41463
1.43019
1.44349
1.45425
1.4622
1.46791
1.47211
1.4756
1.47928
1.48416
1.49178
1.50326
1.5187
1.53689
1.55694
1.57807
1.5995
1.62101
1.64145
1.66118
1.67902
1.69555
1.7102
1.72317
1.73419
1.74365
1.75165
1.75909
1.76606
1.77358
1.78148
1.79048
1.80003
1.81085
1.82175
1.8335
1.84467
1.85611
1.86629
1.87628
1.88417
1.89118
1.89519
1.8975
1.89643
1.89423
1.89078
1.88526
1.87768
1.87006
1.86316
1.85831
1.85512
1.85435
1.85479
1.85596
1.85831
1.86187
1.86598
1.86973
1.87298
1.87536
1.87661
1.87674
1.87638
1.87505
1.87193
1.86733
1.86078
1.8534
1.845
1.83663
1.82906
1.82155
1.81867
2.9331
2.8422
2.62981
2.19429
1.66778
1.2608
0.982217
0.917454
0.936451
0.976735
1.03082
1.07988
1.12009
1.15127
1.17561
1.19666
1.21719
1.23861
1.26087
1.28407
1.30755
1.33078
1.3534
1.37539
1.39623
1.41575
1.43342
1.44898
1.46246
1.47344
1.48183
1.48805
1.49268
1.49651
1.50028
1.50517
1.51233
1.52276
1.53686
1.55323
1.57143
1.59031
1.60978
1.62845
1.64635
1.66293
1.67779
1.69055
1.70131
1.71032
1.71794
1.72495
1.73182
1.73934
1.74769
1.75711
1.7676
1.77914
1.7914
1.80424
1.81712
1.83003
1.84245
1.85459
1.86543
1.87583
1.884
1.89153
1.89594
1.8991
1.89861
1.89665
1.89384
1.88946
1.8828
1.87488
1.8674
1.86128
1.85726
1.85502
1.85454
1.85523
1.85674
1.85878
1.8613
1.86342
1.86452
1.8649
1.86436
1.86217
1.85858
1.85258
1.84553
1.83705
1.82855
1.81998
1.81228
1.80603
1.80035
1.79874
2.95264
2.88178
2.72226
2.35438
1.71392
1.00346
0.708587
0.74346
0.815074
0.899378
0.970506
1.02329
1.06294
1.0938
1.12046
1.1457
1.17066
1.19584
1.22109
1.24643
1.27164
1.29672
1.32091
1.34415
1.36638
1.38746
1.40698
1.42485
1.4407
1.45459
1.46607
1.47518
1.48219
1.48759
1.49207
1.49615
1.50128
1.50814
1.51793
1.53071
1.54559
1.56165
1.57834
1.59508
1.61065
1.62528
1.63835
1.64964
1.65877
1.66687
1.6739
1.68121
1.68893
1.69796
1.70793
1.71925
1.73147
1.74476
1.75844
1.77267
1.78665
1.80078
1.81423
1.82754
1.83971
1.85136
1.86143
1.87079
1.87792
1.88397
1.88699
1.88814
1.88648
1.88437
1.88102
1.87522
1.86751
1.85965
1.85277
1.8475
1.84406
1.8422
1.84155
1.84157
1.84206
1.84233
1.84173
1.8402
1.83783
1.8332
1.82704
1.81893
1.81043
1.80132
1.79296
1.78542
1.77937
1.7751
1.77151
1.77118
2.95752
2.89735
2.74607
2.39543
1.70135
0.795356
0.432715
0.528648
0.651966
0.759613
0.836854
0.893354
0.938223
0.976746
1.01208
1.04549
1.07728
1.1079
1.13733
1.16589
1.19365
1.22074
1.24738
1.27291
1.29736
1.32065
1.34265
1.36314
1.3819
1.39882
1.41375
1.4263
1.43656
1.44466
1.45103
1.45618
1.46096
1.46636
1.47314
1.4824
1.49402
1.50707
1.52098
1.5352
1.54863
1.56106
1.57225
1.5824
1.59153
1.59987
1.60843
1.61751
1.62793
1.63927
1.652
1.6655
1.68011
1.69502
1.71055
1.72592
1.74151
1.75664
1.77162
1.78576
1.79964
1.81232
1.82454
1.8352
1.84518
1.85306
1.85987
1.86386
1.86589
1.86504
1.86346
1.86079
1.85574
1.84853
1.83995
1.83229
1.8254
1.82051
1.81646
1.81388
1.81122
1.80894
1.80556
1.8018
1.79598
1.78928
1.78077
1.7721
1.76287
1.75474
1.74733
1.74191
1.73763
1.73557
1.73348
1.73433
2.95845
2.90278
2.75161
2.40411
1.68499
0.711946
0.282972
0.403835
0.53124
0.620734
0.688488
0.744384
0.79415
0.839943
0.882451
0.92221
0.959411
0.994548
1.02793
1.05985
1.09056
1.12019
1.14892
1.17697
1.20383
1.2297
1.25421
1.27762
1.29933
1.31946
1.33769
1.35372
1.36743
1.37867
1.38755
1.39452
1.39982
1.40447
1.40952
1.41575
1.42338
1.43275
1.44337
1.45407
1.46475
1.47506
1.48508
1.49471
1.50437
1.51426
1.52507
1.53699
1.55021
1.56467
1.58016
1.59652
1.61343
1.63076
1.64825
1.66579
1.68311
1.70009
1.71662
1.73259
1.74797
1.76264
1.77648
1.78932
1.80106
1.81159
1.82053
1.82785
1.83283
1.8352
1.8349
1.83366
1.83116
1.82652
1.81867
1.80946
1.79992
1.79129
1.78342
1.7767
1.77016
1.76401
1.75706
1.74968
1.74096
1.73196
1.72233
1.71336
1.70493
1.69815
1.69265
1.68915
1.68679
1.68615
1.68536
1.68705
2.95964
2.90348
2.75484
2.40634
1.68267
0.695551
0.256308
0.375674
0.47736
0.538774
0.587541
0.634308
0.680825
0.726133
0.769486
0.810637
0.849786
0.886962
0.922545
0.956818
0.989697
1.02161
1.05246
1.08237
1.11162
1.13969
1.16666
1.19261
1.21687
1.23984
1.26086
1.27978
1.29657
1.31042
1.32188
1.3304
1.33624
1.34015
1.34401
1.34772
1.35147
1.35609
1.36169
1.3675
1.37469
1.38256
1.39132
1.40078
1.41202
1.42441
1.4387
1.45429
1.47148
1.48944
1.50837
1.52761
1.54722
1.56674
1.58623
1.60538
1.62421
1.64256
1.66039
1.67768
1.69429
1.71034
1.72548
1.73996
1.75311
1.76552
1.77608
1.78566
1.79272
1.79821
1.79986
1.79958
1.79832
1.79548
1.78947
1.78079
1.76907
1.75766
1.74502
1.73383
1.72177
1.71092
1.69904
1.68784
1.67596
1.66525
1.65485
1.64641
1.63906
1.63399
1.63009
1.62815
1.62695
1.62704
1.62697
1.62895
2.96059
2.90285
2.75695
2.40779
1.68407
0.694424
0.256518
0.377117
0.471196
0.516147
0.547687
0.581531
0.619042
0.658258
0.697601
0.736172
0.773855
0.810536
0.846259
0.880955
0.914944
0.947932
0.980128
1.01158
1.04209
1.07175
1.10049
1.12799
1.15415
1.17906
1.20201
1.2231
1.24205
1.25805
1.27139
1.28142
1.28739
1.29081
1.29355
1.29512
1.29493
1.29423
1.29399
1.29626
1.30005
1.30474
1.31133
1.32057
1.3339
1.34906
1.36647
1.38504
1.40508
1.42555
1.44674
1.46785
1.48908
1.50996
1.5306
1.55082
1.57064
1.58998
1.60874
1.62692
1.64439
1.66117
1.6772
1.69239
1.70674
1.71993
1.73214
1.74273
1.75204
1.75901
1.76381
1.76484
1.76437
1.76271
1.75888
1.75123
1.73961
1.72555
1.70983
1.69284
1.6759
1.6585
1.6421
1.62624
1.612
1.59945
1.58909
1.581
1.5749
1.57101
1.56831
1.56727
1.56682
1.56721
1.56739
1.56927
2.96048
2.90359
2.75723
2.40957
1.68638
0.696368
0.259292
0.380811
0.474554
0.514576
0.538442
0.565019
0.596701
0.631428
0.667152
0.702961
0.738636
0.773842
0.808674
0.842991
0.876819
0.909993
0.942735
0.9747
1.00599
1.03641
1.0661
1.09431
1.12167
1.14753
1.17152
1.19399
1.21408
1.23144
1.24604
1.25699
1.26312
1.26609
1.26786
1.26788
1.26478
1.25951
1.25452
1.25159
1.25321
1.25633
1.26099
1.26875
1.28182
1.29822
1.31744
1.33781
1.35924
1.38115
1.40327
1.42527
1.44701
1.4683
1.48931
1.50983
1.52993
1.54957
1.56857
1.58709
1.60493
1.62222
1.63884
1.65475
1.6699
1.68405
1.69723
1.70913
1.71961
1.7282
1.73476
1.73742
1.73741
1.73641
1.73353
1.72712
1.71615
1.70044
1.68185
1.66065
1.63837
1.61605
1.59479
1.57548
1.55908
1.54521
1.53482
1.52671
1.52127
1.51741
1.51539
1.51408
1.51374
1.51389
1.5136
1.5153
2.96009
2.90449
2.75706
2.41042
1.68812
0.698136
0.261219
0.382886
0.477011
0.515831
0.537259
0.561416
0.591242
0.624537
0.659023
0.693806
0.728597
0.763086
0.797424
0.831424
0.865021
0.89821
0.930965
0.963178
0.994628
1.02549
1.05533
1.084
1.11167
1.13795
1.16239
1.18536
1.20603
1.22397
1.23918
1.25066
1.25689
1.25962
1.26074
1.26021
1.25547
1.24804
1.2398
1.23456
1.23359
1.23604
1.23992
1.24679
1.25906
1.27546
1.29524
1.31602
1.3379
1.36004
1.38225
1.40421
1.42577
1.44703
1.46788
1.4884
1.50837
1.52802
1.54696
1.56562
1.58353
1.60104
1.61785
1.63404
1.64948
1.66404
1.67765
1.69006
1.70108
1.71035
1.71758
1.72136
1.72168
1.72086
1.71825
1.71238
1.70143
1.68511
1.66472
1.64075
1.61519
1.58936
1.56495
1.54351
1.52537
1.51095
1.50002
1.49191
1.48622
1.48256
1.48003
1.47885
1.47798
1.4778
1.47699
1.47844
)
;

boundaryField
{
    inlet
    {
        type            calculated;
        value           uniform 3.00001;
    }
    outlet
    {
        type            calculated;
        value           nonuniform List<scalar> 
40
(
0.897087
1.00265
1.08957
1.16911
1.23531
1.29238
1.33949
1.38173
1.41979
1.45518
1.48993
1.52399
1.55828
1.59169
1.62301
1.65123
1.67605
1.69892
1.72039
1.73964
1.75875
1.77637
1.79297
1.808
1.82147
1.83273
1.84235
1.84786
1.84672
1.84196
1.83276
1.81867
1.79874
1.77118
1.73433
1.68705
1.62895
1.56927
1.5153
1.47844
)
;
    }
    bottom
    {
        type            symmetryPlane;
    }
    top
    {
        type            symmetryPlane;
    }
    obstacle
    {
        type            calculated;
        value           uniform 0;
    }
    defaultFaces
    {
        type            empty;
    }
}


// ************************************************************************* //
