/*--------------------------------*- C++ -*----------------------------------*\
  =========                 |
  \\      /  F ield         | OpenFOAM: The Open Source CFD Toolbox
   \\    /   O peration     | Website:  https://openfoam.org
    \\  /    A nd           | Version:  10
     \\/     M anipulation  |
\*---------------------------------------------------------------------------*/
FoamFile
{
    format      ascii;
    class       volScalarField;
    location    "5";
    object      p;
}
// * * * * * * * * * * * * * * * * * * * * * * * * * * * * * * * * * * * * * //

dimensions      [1 -1 -2 0 0 0 0];

internalField   nonuniform List<scalar> 
5250
(
1.00001
1.00003
1.00008
1.00021
1.00054
1.00127
1.00335
1.00765
1.02045
1.04747
1.12449
1.31244
1.85367
3.42207
8.01443
11.6854
11.2844
11.041
11.1247
11.3536
11.5817
11.72
11.8253
11.9078
11.9703
1.00001
1.00003
1.00008
1.00021
1.00052
1.00127
1.00323
1.00765
1.01985
1.04711
1.12186
1.30781
1.83783
3.37825
7.8994
11.6989
11.2841
11.0313
11.1158
11.3456
11.5737
11.7124
11.8192
11.9031
11.9671
1.00001
1.00003
1.00008
1.00019
1.00052
1.0012
1.00315
1.00746
1.01886
1.04632
1.11641
1.29789
1.8049
3.28379
7.64173
11.7262
11.2799
11.0013
11.0844
11.3121
11.5381
11.675
11.7814
11.8648
11.9291
1
1.00003
1.00007
1.0002
1.00046
1.00123
1.00279
1.00749
1.01698
1.04558
1.10752
1.28469
1.75397
3.14356
7.24447
11.7661
11.2745
10.952
11.0305
11.2516
11.4747
11.6079
11.7114
11.7931
11.8588
1
1.00002
1.00007
1.00019
1.00043
1.00114
1.00261
1.00691
1.01611
1.04153
1.10104
1.26201
1.69446
2.96162
6.72226
11.8033
11.2678
10.8861
10.9566
11.1664
11.3858
11.5135
11.612
11.6908
11.759
1
1.00002
1.00006
1.00016
1.00041
1.00099
1.00255
1.00594
1.01555
1.03641
1.09445
1.23459
1.62845
2.75204
6.09754
11.7891
11.249
10.8047
10.8631
11.0537
11.2663
11.3849
11.4739
11.546
11.6162
1
1.00002
1.00005
1.00015
1.00035
1.00095
1.00215
1.0058
1.01304
1.03513
1.08171
1.21569
1.55688
2.55574
5.4938
11.6379
11.1762
10.702
10.7473
10.9104
11.1094
11.213
11.285
11.3415
11.4081
1
1.00002
1.00005
1.00014
1.00033
1.00085
1.00204
1.00503
1.01258
1.03041
1.07686
1.19234
1.50569
2.39802
5.04696
11.1992
10.9842
10.5864
10.6118
10.732
10.9067
10.9867
11.029
11.051
11.0937
1
1.00002
1.00005
1.00012
1.0003
1.00077
1.0018
1.00474
1.01082
1.0288
1.06746
1.17629
1.45247
2.25285
4.60527
10.4966
10.6979
10.512
10.4661
10.5269
10.6552
10.697
10.6875
10.6366
10.5866
1
1.00001
1.00004
1.0001
1.00029
1.00064
1.00174
1.00391
1.01052
1.024
1.06352
1.15291
1.4066
2.10215
4.16477
9.61849
10.5379
10.412
10.2864
10.3077
10.3612
10.3445
10.2551
10.0353
9.69579
1
1.00001
1.00004
1.0001
1.00023
1.00061
1.00144
1.00361
1.00894
1.02163
1.05486
1.13545
1.35216
1.95443
3.71597
8.58189
10.4264
10.3133
10.0994
10.0676
10.0436
9.95021
9.69299
9.09255
7.53701
1
1.00001
1.00003
1.00008
1.00021
1.00049
1.00128
1.00306
1.00761
1.01887
1.04624
1.1165
1.29764
1.80054
3.25627
7.3877
10.3434
10.2155
9.93183
9.82015
9.73155
9.53743
9.12266
8.29236
6.6488
1
1.00001
1.00003
1.00007
1.00018
1.00041
1.00108
1.00246
1.00659
1.01484
1.04007
1.09323
1.24681
1.64242
2.79636
6.08583
10.2359
10.1099
9.78995
9.57901
9.42384
9.14667
8.63001
7.77059
6.43173
1
1.00001
1.00002
1.00005
1.00015
1.00033
1.00087
1.00203
1.00518
1.01249
1.03086
1.07666
1.19238
1.5008
2.36433
4.80198
9.92499
9.90931
9.67756
9.35779
9.1291
8.80541
8.27085
7.47412
6.40357
1
1.00001
1.00002
1.00005
1.00011
1.00029
1.00066
1.00177
1.00399
1.01062
1.02442
1.06367
1.15416
1.40587
2.0922
4.07699
9.0365
9.63367
9.48016
9.15338
8.86712
8.51929
8.00721
7.29348
6.40097
1
1
1.00001
1.00004
1.00009
1.00023
1.00054
1.00142
1.00321
1.0086
1.01945
1.05193
1.12268
1.32454
1.85964
3.41311
7.56226
9.3566
9.26316
8.99739
8.64967
8.28336
7.80151
7.16476
6.39564
1
1
1.00001
1.00003
1.00007
1.00019
1.00042
1.00112
1.00254
1.00671
1.01548
1.04007
1.09643
1.24948
1.6532
2.80744
6.00486
9.16835
9.12001
8.89306
8.48197
8.0912
7.63451
7.06204
6.38709
1
1
1.00001
1.00002
1.00006
1.00013
1.00034
1.00079
1.00202
1.00485
1.01191
1.02953
1.07206
1.18152
1.46754
2.25279
4.3871
8.75829
8.98194
8.7973
8.38229
7.94366
7.49804
6.97735
6.37735
1
1
1.00001
1.00002
1.00004
1.0001
1.00026
1.0006
1.00157
1.00356
1.00947
1.02143
1.05694
1.1344
1.3547
1.93518
3.58486
7.6985
8.72994
8.60931
8.28412
7.82287
7.38392
6.90514
6.36647
1
1
1
1.00001
1.00003
1.00008
1.00018
1.00049
1.00109
1.0029
1.00653
1.01741
1.03997
1.10463
1.25644
1.68779
2.87056
6.05844
8.45618
8.41364
8.19639
7.74515
7.29505
6.84375
6.35497
1
1
1
1.00001
1.00002
1.00006
1.00013
1.00035
1.00079
1.00209
1.00473
1.01241
1.02868
1.07367
1.17906
1.46678
2.23087
4.26324
8.00321
8.27492
8.11534
7.72601
7.24091
6.79767
6.34604
1
1
1
1.00001
1.00002
1.00004
1.0001
1.00025
1.00058
1.0015
1.00339
1.009
1.02029
1.05381
1.12625
1.33146
1.86167
3.33476
6.92092
8.0509
7.96004
7.6856
7.21593
6.76953
6.34192
1
1
1
1
1.00001
1.00003
1.00007
1.00017
1.00044
1.00099
1.00262
1.0059
1.01557
1.03592
1.09278
1.22689
1.59894
2.59855
5.23745
7.72211
7.74958
7.60152
7.2303
6.77051
6.34442
1
1
1
1
1.00001
1.00002
1.00005
1.00012
1.00028
1.00074
1.00164
1.00438
1.00978
1.02591
1.05956
1.15414
1.38206
2.00422
3.60377
7.02656
7.61983
7.51689
7.22952
6.78475
6.35536
1
1
1
1
1.00001
1.00001
1.00003
1.00009
1.00019
1.0005
1.00114
1.00296
1.00685
1.01737
1.04155
1.10386
1.25871
1.67508
2.78589
5.58676
7.36888
7.35542
7.20599
6.83963
6.38391
1
1
1
1
1
1.00001
1.00002
1.00006
1.00013
1.00034
1.00075
1.00199
1.00442
1.01175
1.02633
1.06928
1.16286
1.42436
2.08454
3.76102
6.83962
7.25134
7.15218
6.88612
6.44149
1
1
1
1
1
1.00001
1.00002
1.00004
1.00009
1.00022
1.00051
1.00131
1.00295
1.00778
1.01744
1.0461
1.10676
1.27778
1.70427
2.85301
5.63337
7.02917
7.01823
6.87588
6.54157
1
1
1
1
1
1
1.00001
1.00002
1.00006
1.00013
1.00035
1.00079
1.00207
1.00467
1.01207
1.02806
1.0707
1.17167
1.43895
2.12506
3.84501
6.5285
6.90677
6.82502
6.59411
1
1
1
1
1
1
1.00001
1.00001
1.00004
1.00009
1.00022
1.00052
1.00129
1.00312
1.00743
1.01863
1.04374
1.11092
1.2709
1.70086
2.7954
5.39792
6.67743
6.68868
6.5788
1
1
1
1
1
1
1
1.00001
1.00002
1.00006
1.00013
1.00035
1.00077
1.00203
1.00451
1.01191
1.02664
1.06966
1.16298
1.4212
2.05878
3.63766
6.15658
6.57856
6.52414
1
1
1
1
1
1
1
1.00001
1.00002
1.00004
1.00009
1.00021
1.00049
1.00126
1.00283
1.00739
1.0165
1.04346
1.0996
1.25786
1.64025
2.64153
4.99254
6.33485
6.40671
1
1
1
1
1
1
1
1
1.00001
1.00002
1.00005
1.00012
1.00032
1.00071
1.00184
1.00412
1.01065
1.02432
1.06146
1.14615
1.36849
1.9136
3.21673
5.77175
6.2933
1
1
1
1
1
1
1
1
1.00001
1.00001
1.00003
1.00007
1.00019
1.00043
1.00113
1.00253
1.00652
1.0149
1.03759
1.08923
1.22368
1.55873
2.41824
4.49066
5.99469
1
1
1
1
1
1
1
1
1
1.00001
1.00002
1.00005
1.00011
1.00027
1.00065
1.00152
1.00385
1.00867
1.02243
1.05091
1.13036
1.31254
1.78695
2.91015
5.28663
1
1
1
1
1
1
1
1
1
1
1.00001
1.00003
1.00006
1.00017
1.00037
1.00096
1.00215
1.00551
1.01257
1.03161
1.07468
1.18582
1.45903
2.15052
3.80014
1
1
1
1
1
1
1
1
1
1
1.00001
1.00002
1.00004
1.00009
1.00023
1.00052
1.00134
1.00301
1.00765
1.01767
1.04371
1.10459
1.25872
1.63964
2.56718
1
1
1
1
1
1
1
1
1
1
1
1.00001
1.00002
1.00006
1.00012
1.00032
1.00072
1.00178
1.00422
1.01002
1.02455
1.05769
1.1424
1.34455
1.84274
1
1
1
1
1
1
1
1
1
1
1
1.00001
1.00001
1.00003
1.00007
1.00018
1.00041
1.00105
1.00233
1.00602
1.01333
1.03466
1.07832
1.20075
1.48082
1
1
1
1
1
1
1
1
1
1
1
1
1.00001
1.00002
1.00004
1.0001
1.00023
1.00059
1.00129
1.00337
1.00743
1.01921
1.04323
1.10972
1.25925
1
1
1
1
1
1
1
1
1
1
1
1
1
1.00001
1.00002
1.00006
1.00013
1.00032
1.00074
1.00177
1.0043
1.00995
1.02471
1.05692
1.14151
1
1
1
1
1
1
1
1
1
1
1
1
1
1.00001
1.00001
1.00003
1.00008
1.00017
1.00043
1.00098
1.00238
1.0057
1.01332
1.0329
1.0766
1
1
1
1
1
1
1
1
1
1
1
1
1
1
1.00001
1.00002
1.00004
1.0001
1.00023
1.00057
1.00131
1.00317
1.00758
1.01779
1.04354
1
1
1
1
1
1
1
1
1
1
1
1
1
1
1
1.00001
1.00002
1.00006
1.00014
1.00032
1.00077
1.00188
1.00428
1.0108
1.02413
1
1
1
1
1
1
1
1
1
1
1
1
1
1
1
1.00001
1.00002
1.00004
1.00009
1.00022
1.00055
1.00123
1.00318
1.00709
1.01845
1
1
1
1
1
1
1
1
1
1
1
1
1
1
1
1.00001
1.00001
1.00003
1.00007
1.00018
1.00043
1.00105
1.00258
1.00609
1.0155
1
1
1
1
1
1
1
1
1
1
1
1
1
1
1
1
1.00001
1.00003
1.00006
1.00017
1.00038
1.001
1.00228
1.00599
1.01397
1
1
1
1
1
1
1
1
1
1
1
1
1
1
1
1
1.00001
1.00003
1.00006
1.00016
1.00037
1.00097
1.0022
1.00592
1.0133
1
1
1
1
1
1
1
1
1
1
1
1
1
1
1
1
1.00001
1.00003
1.00006
1.00015
1.00038
1.00091
1.00233
1.00546
1.01429
1
1
1
1
1
1
1
1
1
1
1
1
1
1
1
1
1.00001
1.00003
1.00006
1.00015
1.00037
1.00091
1.0023
1.00547
1.01412
1
1
1
1
1
1
1
1
1
1
1
1
1
1
1
1
1.00001
1.00003
1.00006
1.00016
1.00036
1.00095
1.00216
1.00583
1.01312
3.04226
1.57136
1.16831
1.23376
1.53466
2.27444
2.87777
3.06235
3.1577
3.17316
3.17278
3.16164
3.14841
3.14041
3.12596
3.10496
3.07475
3.03864
3.00067
2.96182
2.92366
2.88384
2.83934
2.8053
2.79019
2.78591
2.78782
2.81675
2.87905
2.97648
3.10071
3.24086
3.38756
3.53368
3.67095
3.79546
3.90641
4.00494
4.09314
4.16952
4.23391
4.28775
4.33326
4.37272
4.40188
4.42158
4.43355
4.43906
4.43847
4.43425
4.42354
4.40599
4.38453
4.36034
4.33257
4.30219
4.26878
4.23341
4.19564
4.15645
4.11546
4.07345
4.03012
3.98613
3.94122
3.89595
3.85013
3.80423
3.75813
3.71223
3.66649
3.62127
3.57659
3.53278
3.48994
3.44838
3.40831
3.37005
3.3339
3.30021
3.26935
3.24173
3.21782
3.19807
3.18311
3.17363
3.17317
3.17432
3.17776
3.18523
3.20001
3.21958
3.24186
3.26527
3.28822
3.30857
3.32497
3.33689
3.34447
3.35359
3.74835
2.38968
1.83797
1.79479
1.87796
2.16874
2.78937
3.10526
3.1773
3.1785
3.17352
3.1612
3.15125
3.15275
3.13637
3.11324
3.07884
3.03697
2.99554
2.9557
2.91709
2.87915
2.8413
2.80558
2.78776
2.78196
2.78221
2.80738
2.8668
2.96306
3.08729
3.22734
3.37297
3.51884
3.65622
3.78031
3.89112
3.98876
4.07974
4.15735
4.22202
4.27698
4.32335
4.3628
4.39221
4.41275
4.42524
4.43119
4.43087
4.42771
4.41851
4.40019
4.37853
4.35456
4.32734
4.29728
4.26426
4.22906
4.19161
4.15256
4.11183
4.06995
4.02684
3.98296
3.93826
3.89311
3.84749
3.80172
3.75581
3.71006
3.66451
3.61944
3.57495
3.5313
3.48867
3.44731
3.40748
3.3695
3.33364
3.30028
3.2698
3.2426
3.21912
3.1998
3.18524
3.17584
3.17559
3.17677
3.18021
3.18749
3.20156
3.21978
3.24062
3.26244
3.28384
3.30294
3.31841
3.32973
3.33678
3.34749
4.57838
3.30288
2.52644
2.08737
1.99757
2.08954
2.38941
2.97959
3.16077
3.18532
3.18055
3.16927
3.15778
3.14783
3.12863
3.10403
3.0718
3.03423
2.99743
2.95775
2.91662
2.87672
2.83835
2.80298
2.77944
2.76999
2.77055
2.79379
2.84841
2.94056
3.06287
3.20259
3.34626
3.49551
3.63567
3.76167
3.8745
3.97468
4.06513
4.14292
4.20853
4.26421
4.31094
4.34979
4.3796
4.40086
4.41402
4.42039
4.42025
4.41791
4.41036
4.39388
4.37089
4.34644
4.31965
4.29011
4.2576
4.22271
4.18561
4.1468
4.10637
4.06469
4.02186
3.97818
3.93374
3.88881
3.84346
3.79793
3.75233
3.70685
3.66163
3.61687
3.57275
3.52947
3.48726
3.44637
3.40709
3.36972
3.33457
3.30201
3.27242
3.2462
3.22375
3.20545
3.19182
3.18294
3.18289
3.18401
3.18726
3.19407
3.20657
3.22214
3.23969
3.25785
3.27562
3.29148
3.30444
3.31402
3.32027
3.33195
5.03257
3.87445
3.03039
2.4791
2.19137
2.20605
2.3303
2.65839
3.08042
3.19046
3.20001
3.19229
3.17466
3.15411
3.13026
3.10281
3.07025
3.03205
2.99307
2.95208
2.91084
2.87038
2.83273
2.80133
2.7799
2.76654
2.76619
2.78429
2.83152
2.9236
3.04524
3.18031
3.3248
3.4714
3.61012
3.73597
3.84878
3.94966
4.0397
4.11841
4.18545
4.24234
4.28984
4.32903
4.35946
4.3816
4.39566
4.40274
4.40292
4.40133
4.39558
4.38207
4.35853
4.33345
4.30686
4.27793
4.24617
4.21191
4.17539
4.13705
4.09709
4.05583
4.01343
3.97015
3.92614
3.88162
3.83673
3.79164
3.74653
3.70154
3.65687
3.61267
3.56917
3.52657
3.48511
3.44507
3.40678
3.3705
3.33661
3.30547
3.27744
3.2529
3.23221
3.21561
3.20352
3.19568
3.19569
3.19666
3.19943
3.20532
3.21509
3.22658
3.23898
3.25147
3.26338
3.27369
3.28227
3.28857
3.29382
3.30456
5.30676
4.28702
3.4665
2.87404
2.47897
2.33566
2.36937
2.51091
2.84319
3.13933
3.20837
3.20667
3.19614
3.17285
3.14031
3.10841
3.07435
3.03529
2.9953
2.95412
2.91274
2.87305
2.83775
2.80853
2.78802
2.77806
2.78076
2.79963
2.84924
2.93495
3.0437
3.16949
3.30113
3.44017
3.57538
3.70069
3.81406
3.91603
4.00691
4.08691
4.15566
4.21408
4.26279
4.30276
4.33403
4.35711
4.3722
4.38016
4.38106
4.3799
4.37553
4.36484
4.34317
4.31769
4.29089
4.26234
4.23136
4.19791
4.16217
4.1245
4.08517
4.04449
4.00267
3.95995
3.91653
3.87258
3.82831
3.78385
3.73941
3.69514
3.65123
3.60787
3.56527
3.52368
3.48333
3.44462
3.40779
3.37319
3.34118
3.31213
3.28639
3.26427
3.24601
3.23173
3.22161
3.21515
3.21475
3.21543
3.21732
3.22125
3.2269
3.23281
3.23868
3.2439
3.24802
3.25103
3.2534
3.25529
3.25846
3.2656
5.49231
4.60288
3.84033
3.23592
2.79581
2.50993
2.46259
2.50961
2.65392
2.96656
3.17004
3.21186
3.20893
3.19549
3.16487
3.12407
3.0851
3.04411
3.00318
2.96241
2.92163
2.88475
2.85438
2.83137
2.81888
2.81989
2.82967
2.8598
2.92048
2.99161
3.07611
3.17562
3.28624
3.402
3.52681
3.6505
3.76604
3.87094
3.9641
4.04591
4.11644
4.1766
4.22689
4.26824
4.30084
4.32525
4.34167
4.35088
4.35288
4.35205
4.34875
4.34041
4.32285
4.29776
4.27081
4.2425
4.21224
4.17973
4.14497
4.10821
4.06974
4.02984
3.98881
3.94684
3.90419
3.86103
3.81757
3.77397
3.73043
3.68712
3.64425
3.60204
3.56071
3.52052
3.48182
3.44491
3.41014
3.37787
3.34847
3.32227
3.29957
3.28055
3.26532
3.25378
3.2458
3.24077
3.23928
3.2394
3.23975
3.24036
3.24022
3.23963
3.23815
3.23516
3.23041
3.22518
3.22035
3.2168
3.21686
3.21871
5.61919
4.84523
4.14463
3.55617
3.09121
2.75329
2.55443
2.5568
2.60796
2.7485
3.03546
3.18467
3.21041
3.20602
3.1898
3.15415
3.10695
3.0616
3.01894
2.97829
2.93953
2.90771
2.88535
2.87397
2.8755
2.88643
2.91842
2.98472
3.04941
3.10064
3.15218
3.212
3.28266
3.36067
3.45766
3.573
3.69342
3.80697
3.90773
3.99467
4.06848
4.13083
4.1829
4.22588
4.26012
4.28623
4.30441
4.31531
4.31901
4.31848
4.31616
4.31001
4.2967
4.27363
4.2473
4.21932
4.18966
4.15806
4.12438
4.08872
4.05132
4.01245
3.9724
3.93141
3.88974
3.84758
3.80515
3.76265
3.72027
3.67822
3.63673
3.59602
3.55637
3.51807
3.48158
3.44712
3.4151
3.38589
3.35985
3.33723
3.31823
3.30284
3.29094
3.28219
3.27613
3.27205
3.26941
3.26741
3.26486
3.26075
3.25462
3.24662
3.23605
3.22417
3.21124
3.19818
3.18603
3.17614
3.17027
3.17129
5.71059
5.02985
4.39149
3.82974
3.3618
2.99562
2.7314
2.61496
2.62619
2.68193
2.8205
3.08591
3.19146
3.20478
3.19875
3.17964
3.13881
3.08726
3.04052
2.99939
2.96382
2.93911
2.92968
2.93238
2.94614
2.98511
3.0717
3.17885
3.24136
3.26682
3.28154
3.29216
3.30792
3.34303
3.39509
3.47061
3.58719
3.71073
3.8261
3.92555
4.00802
4.07551
4.1307
4.17565
4.21161
4.23951
4.25969
4.2727
4.27879
4.27867
4.27735
4.27326
4.2638
4.24465
4.21979
4.19251
4.16353
4.13281
4.10024
4.06581
4.02967
3.99206
3.95323
3.91345
3.87298
3.83206
3.79092
3.74978
3.70886
3.66841
3.62866
3.58991
3.55242
3.51672
3.48298
3.45166
3.42314
3.39777
3.37582
3.35742
3.34255
3.33098
3.3223
3.31593
3.31113
3.30701
3.30265
3.29721
3.28995
3.27996
3.26718
3.25123
3.2325
3.21231
3.19169
3.17146
3.1525
3.13646
3.12343
3.12371
5.77764
5.17198
4.59059
4.0617
3.60348
3.22368
2.93031
2.72894
2.66658
2.68463
2.74655
2.891
3.1125
3.18933
3.19541
3.18802
3.16657
3.12175
3.0703
3.02685
2.99456
2.98301
2.98588
2.99979
3.03943
3.1295
3.309
3.44387
3.48613
3.48257
3.46506
3.42135
3.36404
3.3577
3.37051
3.40466
3.47271
3.58175
3.70622
3.82283
3.92212
4.00245
4.06626
4.11613
4.1552
4.18532
4.20764
4.22293
4.23161
4.23351
4.23281
4.23023
4.22381
4.21022
4.18799
4.16215
4.13418
4.10445
4.07301
4.03989
4.00517
3.96902
3.93167
3.89336
3.85437
3.81496
3.77539
3.73593
3.69683
3.65836
3.62082
3.58452
3.5499
3.5173
3.48712
3.45973
3.43551
3.41471
3.39743
3.3836
3.37291
3.36487
3.3588
3.35391
3.34924
3.34374
3.33642
3.3264
3.31318
3.29651
3.27655
3.25238
3.22662
3.19972
3.17264
3.14622
3.12125
3.09962
3.08019
3.07674
5.82655
5.28351
4.7519
4.25748
3.81508
3.43452
3.12164
2.88453
2.73405
2.70707
2.72939
2.79661
2.94535
3.12387
3.18156
3.18374
3.17584
3.15368
3.10823
3.06262
3.03569
3.03723
3.04844
3.0838
3.16978
3.35363
3.62648
3.76912
3.77226
3.75277
3.69384
3.57111
3.45518
3.38823
3.378
3.38787
3.4167
3.47496
3.56738
3.68463
3.79877
3.89785
3.97837
4.04079
4.08794
4.12292
4.14863
4.16659
4.17789
4.18293
4.18276
4.18145
4.17761
4.16889
4.15127
4.12786
4.10146
4.07298
4.0428
4.01107
3.97789
3.94339
3.90774
3.87117
3.83394
3.79636
3.75871
3.72129
3.68442
3.64842
3.61363
3.58044
3.54938
3.52071
3.49488
3.47223
3.45302
3.43732
3.42499
3.41563
3.40864
3.40331
3.39877
3.39406
3.38805
3.37962
3.36782
3.35214
3.33242
3.3087
3.28049
3.25033
3.21879
3.18648
3.15422
3.12276
3.09279
3.06621
3.04185
3.03295
5.86727
5.37296
4.8851
4.42286
4.00001
3.62546
3.3055
3.04563
2.85446
2.74458
2.74526
2.76798
2.83517
2.98023
3.1274
3.17215
3.17245
3.16547
3.14571
3.10586
3.09151
3.09776
3.12373
3.19439
3.35478
3.6868
4.02166
4.12117
4.10657
4.05128
3.9239
3.73414
3.57731
3.4702
3.41155
3.39914
3.40597
3.42847
3.4741
3.54655
3.64992
3.75668
3.85482
3.93644
3.99968
4.04632
4.07959
4.10271
4.11772
4.12615
4.12827
4.1277
4.12556
4.12022
4.10883
4.08912
4.06505
4.03832
4.00972
3.97959
3.94812
3.91544
3.8817
3.84714
3.81201
3.77662
3.7413
3.7064
3.67228
3.63934
3.60794
3.57878
3.552
3.5281
3.50744
3.49025
3.47653
3.4661
3.45844
3.45286
3.44858
3.4447
3.44032
3.43417
3.42509
3.41207
3.39449
3.3725
3.34557
3.31412
3.2805
3.24536
3.20926
3.17272
3.13643
3.10099
3.06704
3.03633
3.00806
2.99391
5.89916
5.446
4.99594
4.5641
4.16179
3.79782
3.47745
3.20535
2.99007
2.82876
2.765
2.77043
2.7969
2.86655
3.00888
3.12881
3.1641
3.1655
3.16192
3.15141
3.1534
3.16944
3.22221
3.35306
3.63547
4.15388
4.45937
4.47901
4.44601
4.34636
4.13708
3.90876
3.72484
3.58923
3.49645
3.44139
3.41974
3.42285
3.43703
3.46792
3.51991
3.60371
3.70166
3.7966
3.87884
3.94414
3.99254
4.02652
4.049
4.06257
4.06912
4.06939
4.06854
4.06573
4.05906
4.04527
4.02444
4.00017
3.97368
3.94552
3.916
3.88534
3.85376
3.82149
3.78881
3.75605
3.72355
3.69173
3.66102
3.63182
3.60487
3.58038
3.55882
3.54057
3.5258
3.51449
3.50633
3.50071
3.49682
3.49377
3.49082
3.48697
3.48101
3.47151
3.45753
3.43849
3.41435
3.3847
3.35079
3.31469
3.2769
3.23787
3.19817
3.15831
3.11888
3.08042
3.04347
3.00956
2.9783
2.95966
5.9263
5.50699
5.09022
4.68633
4.30467
3.95317
3.63671
3.3599
3.12758
2.9459
2.81573
2.78007
2.78832
2.81865
2.89044
3.0314
3.13005
3.16143
3.17574
3.18446
3.20463
3.25341
3.36663
3.61298
4.12064
4.67994
4.86388
4.84523
4.77063
4.59745
4.32755
4.08527
3.8891
3.73524
3.61734
3.5307
3.47236
3.43749
3.43348
3.43856
3.45494
3.49094
3.55366
3.63815
3.72703
3.80864
3.87662
3.92856
3.96508
3.98865
4.00202
4.00732
4.00715
4.00589
4.00235
3.99448
3.97869
3.95798
3.93433
3.90866
3.88148
3.85318
3.82407
3.79446
3.76466
3.73502
3.70595
3.67793
3.6514
3.62706
3.60529
3.58653
3.57108
3.5592
3.55064
3.54519
3.54194
3.53997
3.53838
3.53644
3.53334
3.52791
3.51825
3.50319
3.48277
3.45633
3.42445
3.38869
3.3509
3.31113
3.26993
3.22781
3.18534
3.14299
3.10127
3.06065
3.02158
2.98538
2.95202
2.92977
5.95497
5.56287
5.17486
4.79503
4.43286
4.09383
3.78396
3.50618
3.26496
3.06466
2.91033
2.81094
2.79285
2.80338
2.83699
2.91433
3.04854
3.13716
3.17645
3.21127
3.26271
3.3687
3.58996
4.04731
4.76557
5.1918
5.21703
5.17569
5.05206
4.79323
4.50749
4.26386
4.06323
3.89794
3.76175
3.65084
3.563
3.49714
3.45352
3.43208
3.43266
3.43811
3.45739
3.49975
3.56947
3.64887
3.72924
3.80004
3.85607
3.89626
3.92219
3.93636
3.94153
3.94128
3.9398
3.93581
3.92714
3.91126
3.89122
3.86862
3.84434
3.81893
3.79282
3.76637
3.74
3.71412
3.68926
3.66586
3.64462
3.6261
3.61065
3.59848
3.58989
3.58463
3.58183
3.5817
3.58178
3.58156
3.58074
3.57861
3.574
3.56465
3.54882
3.52637
3.49754
3.46376
3.42686
3.38758
3.34623
3.30333
3.25942
3.215
3.17058
3.12656
3.08336
3.04139
3.00102
2.96333
2.92866
2.90364
5.99065
5.61843
5.25233
4.89396
4.54863
4.22224
3.91937
3.64376
3.39808
3.18629
3.01319
2.88008
2.808
2.80632
2.81843
2.85622
2.94006
3.07459
3.1678
3.24552
3.34452
3.54364
3.94604
4.74779
5.40305
5.57842
5.55362
5.46129
5.25179
4.95062
4.67651
4.44234
4.24219
4.06929
3.91923
3.78944
3.67879
3.58698
3.51376
3.45991
3.42775
3.41608
3.41477
3.42141
3.44411
3.49338
3.56551
3.64255
3.71472
3.77487
3.81957
3.84893
3.86509
3.87198
3.87189
3.8707
3.86709
3.85905
3.84386
3.82515
3.80444
3.78256
3.7601
3.73755
3.71538
3.69412
3.67444
3.65668
3.64214
3.63025
3.62231
3.61706
3.61602
3.61663
3.61839
3.62203
3.62392
3.62345
3.62187
3.61773
3.60889
3.59245
3.56805
3.53737
3.50231
3.4644
3.42382
3.38108
3.33679
3.29144
3.24559
3.19964
3.15403
3.10908
3.06514
3.02251
2.98155
2.94308
2.90778
2.88079
6.04099
5.67606
5.32544
4.98422
4.65348
4.33899
4.04393
3.77184
3.52519
3.3069
3.11981
2.97083
2.85293
2.8144
2.8191
2.83781
2.88695
2.98983
3.1399
3.28401
3.46791
3.83664
4.58433
5.50368
5.9057
5.8986
5.8385
5.68185
5.38362
5.09535
4.84189
4.61898
4.42051
4.2421
4.08138
3.93705
3.80871
3.69636
3.60014
3.52043
3.45869
3.41492
3.39577
3.38049
3.38205
3.39313
3.42155
3.47961
3.54962
3.62158
3.68471
3.73392
3.76807
3.78882
3.79871
3.80069
3.79999
3.79732
3.79095
3.77806
3.76224
3.74451
3.72637
3.70855
3.69148
3.67604
3.66262
3.65235
3.64523
3.64084
3.64126
3.64289
3.6466
3.65345
3.66057
3.66489
3.66449
3.66287
3.6587
3.64995
3.63249
3.60659
3.57487
3.53938
3.50053
3.45876
3.41485
3.36933
3.32285
3.27583
3.22879
3.18203
3.13593
3.09069
3.04663
3.00396
2.963
2.92437
2.889
2.86081
6.10903
5.73608
5.3943
5.06624
4.74964
4.44566
4.15897
3.89126
3.64592
3.42414
3.22925
3.06506
2.93454
2.84309
2.83061
2.84206
2.87772
2.95801
3.12029
3.33913
3.66546
4.32157
5.43199
6.11673
6.21585
6.17534
6.05313
5.79909
5.50567
5.24067
5.00477
4.79062
4.5935
4.41104
4.24234
4.087
3.94521
3.81676
3.7027
3.60293
3.51821
3.4494
3.39758
3.36674
3.3443
3.33372
3.33793
3.35445
3.39164
3.45412
3.52086
3.58542
3.64023
3.68116
3.70785
3.72226
3.72911
3.72916
3.7282
3.7249
3.71745
3.70528
3.69283
3.68067
3.66961
3.66151
3.65575
3.6543
3.65513
3.65782
3.6638
3.67494
3.68633
3.69608
3.7025
3.70228
3.70081
3.69692
3.68771
3.66898
3.64164
3.60962
3.57359
3.53388
3.49132
3.44649
3.40013
3.35277
3.30498
3.25712
3.20963
3.16271
3.11669
3.07172
3.02804
2.98581
2.94535
2.90707
2.87211
2.84347
6.17883
5.79938
5.46055
5.14238
4.83719
4.54422
4.26556
4.00332
3.76031
3.53777
3.33817
3.16383
3.02195
2.90686
2.86149
2.86849
2.89769
2.9756
3.14023
3.44995
4.0024
5.11777
6.16605
6.48335
6.45991
6.37146
6.174
5.89278
5.62697
5.38589
5.16375
4.95578
4.75918
4.57356
4.39868
4.2351
4.08296
3.94277
3.81481
3.69943
3.59703
3.50812
3.43363
3.37458
3.33396
3.30459
3.28255
3.28283
3.29004
3.31085
3.35483
3.4166
3.48246
3.5416
3.58884
3.62269
3.64457
3.65691
3.66315
3.66501
3.6647
3.66331
3.66006
3.65498
3.65234
3.65296
3.65517
3.66029
3.66979
3.68358
3.69809
3.7139
3.72725
3.73538
3.73596
3.73455
3.73053
3.72078
3.7011
3.67374
3.64121
3.60427
3.56386
3.52057
3.47516
3.42823
3.3804
3.33212
3.28386
3.23589
3.18857
3.14206
3.09663
3.05237
3.00951
2.96815
2.92857
2.89112
2.85698
2.82865
6.30027
5.88577
5.53214
5.2169
4.92034
4.63657
4.36557
4.10897
3.86898
3.64749
3.44569
3.26638
3.11512
2.99467
2.92842
2.93425
2.96437
3.05175
3.25067
3.67546
4.55313
5.93896
6.62289
6.65827
6.61349
6.4914
6.24545
5.98871
5.74926
5.52582
5.31374
5.11052
4.91523
4.72795
4.54915
4.37958
4.2197
4.07033
3.93158
3.80422
3.68807
3.58363
3.49133
3.4121
3.34673
3.29774
3.26137
3.23394
3.2185
3.22131
3.2335
3.2618
3.31688
3.37763
3.43906
3.49358
3.53678
3.5677
3.5885
3.60188
3.61157
3.61893
3.62538
3.63153
3.63861
3.64913
3.6623
3.67777
3.69544
3.71535
3.73486
3.75259
3.76264
3.76427
3.76294
3.75879
3.74871
3.72856
3.70152
3.66852
3.63107
3.59001
3.54621
3.50032
3.45309
3.40499
3.35657
3.30813
3.26008
3.2126
3.16599
3.12037
3.07596
3.03282
2.99118
2.95109
2.91286
2.87677
2.8439
2.81657
6.34411
5.97575
5.61136
5.29301
5.00102
4.72473
4.46035
4.21041
3.97317
3.75384
3.55184
3.37095
3.21797
3.09381
3.04659
3.05832
3.10491
3.23082
3.51667
4.12405
5.35026
6.40631
6.75973
6.74432
6.68338
6.54827
6.32746
6.0968
5.87506
5.66351
5.45938
5.26051
5.06661
4.878
4.69592
4.52126
4.35522
4.19826
4.05119
3.91374
3.78659
3.66976
3.56361
3.46857
3.38529
3.31496
3.25811
3.21762
3.18222
3.15757
3.15686
3.16244
3.17965
3.21693
3.27527
3.33977
3.401
3.45348
3.49539
3.52755
3.55278
3.57382
3.59297
3.6118
3.63135
3.65262
3.67605
3.70084
3.72577
3.74914
3.77021
3.78379
3.78659
3.7852
3.78069
3.7705
3.75063
3.72358
3.69061
3.65296
3.61166
3.56759
3.52158
3.47422
3.42616
3.37774
3.32945
3.28147
3.23417
3.18767
3.14225
3.09798
3.05511
3.01364
2.97371
2.93534
2.89878
2.86438
2.83304
2.80722
6.3239
6.10086
5.71454
5.37803
5.08233
4.80993
4.55102
4.30615
4.07353
3.85724
3.65795
3.47917
3.33385
3.21923
3.22032
3.24592
3.3309
3.54356
3.99946
4.92243
5.85413
6.45502
6.71252
6.70782
6.67581
6.59576
6.43268
6.2177
6.00524
5.80099
5.60171
5.40525
5.21151
5.02138
4.83632
4.6576
4.48646
4.3235
4.16934
4.02414
3.88818
3.76153
3.64445
3.53713
3.4401
3.35385
3.27941
3.21706
3.17055
3.13057
3.10253
3.08891
3.0918
3.10341
3.13031
3.18419
3.24728
3.31418
3.37765
3.43389
3.4822
3.52368
3.56052
3.59496
3.62843
3.66197
3.69491
3.72663
3.75539
3.77968
3.79625
3.80001
3.79879
3.79476
3.7856
3.76713
3.73998
3.70691
3.66923
3.62796
3.58406
3.53823
3.4912
3.44341
3.39537
3.34734
3.29977
3.25276
3.20677
3.16187
3.11829
3.07594
3.03496
2.9953
2.95715
2.9206
2.88587
2.8535
2.82403
2.80049
6.26402
6.12877
5.83291
5.47644
5.16845
4.89504
4.63955
4.39928
4.17155
3.95969
3.76631
3.59878
3.46725
3.41928
3.43668
3.50451
3.68255
4.06794
4.84658
5.5548
6.04025
6.36936
6.57199
6.62551
6.61609
6.58109
6.49861
6.33388
6.14011
5.9402
5.74069
5.54318
5.348
5.15612
4.96861
4.78686
4.61177
4.44415
4.28441
4.13294
3.98984
3.85538
3.72957
3.61271
3.50497
3.40676
3.31863
3.24122
3.17551
3.12326
3.08197
3.04951
3.02977
3.03062
3.03825
3.05848
3.10051
3.1655
3.24072
3.31907
3.39384
3.46165
3.52227
3.57682
3.62659
3.6721
3.71385
3.74972
3.77804
3.79814
3.80537
3.8045
3.80114
3.79296
3.77602
3.74916
3.71613
3.67866
3.63787
3.59454
3.54945
3.50311
3.4561
3.4087
3.36137
3.3144
3.26825
3.22312
3.17914
3.13626
3.09461
3.05414
3.015
2.97722
2.94102
2.9066
2.87415
2.84446
2.81749
2.79728
6.16541
6.10131
5.92556
5.57909
5.25972
4.98123
4.72707
4.49061
4.26889
4.06471
3.88493
3.73911
3.66541
3.67741
3.73596
3.8979
4.2559
4.9772
5.5894
5.91692
6.09163
6.23595
6.37367
6.47835
6.52333
6.51776
6.49123
6.42195
6.27852
6.08567
5.88119
5.6774
5.47754
5.28243
5.09238
4.90811
4.73011
4.55889
4.39486
4.23833
4.08954
3.94872
3.81596
3.69147
3.5754
3.46798
3.36958
3.28067
3.20185
3.13425
3.0785
3.03672
3.00299
2.982
2.98167
2.98672
3.00285
3.03824
3.10334
3.19041
3.28425
3.37835
3.46718
3.54718
3.61693
3.67546
3.72307
3.75989
3.78655
3.80152
3.80091
3.79778
3.79021
3.7749
3.74876
3.71653
3.68008
3.6404
3.59834
3.55448
3.50946
3.46357
3.41732
3.37104
3.32537
3.28042
3.23645
3.1934
3.15143
3.1105
3.07076
3.03223
2.99512
2.95953
2.9257
2.89397
2.86443
2.83826
2.81453
2.79859
6.00316
6.00558
5.92083
5.71007
5.37154
5.07538
4.81682
4.58315
4.36958
4.18024
4.02612
3.93938
3.94946
4.00618
4.1676
4.52582
5.24473
5.80901
6.04499
6.10418
6.11138
6.13033
6.1785
6.27749
6.38842
6.45477
6.451
6.42684
6.3612
6.22342
6.0239
5.81242
5.60458
5.40368
5.20969
5.02233
4.84145
4.66704
4.49949
4.33882
4.18553
4.0396
3.90135
3.77085
3.64824
3.53381
3.42764
3.33021
3.24192
3.16344
3.09569
3.03946
2.99631
2.96727
2.9508
2.95235
2.95914
2.9766
3.01351
3.08
3.16732
3.27292
3.38286
3.48736
3.57961
3.65533
3.71348
3.75334
3.77924
3.78344
3.7813
3.77532
3.76188
3.73728
3.70688
3.67231
3.63463
3.59453
3.55267
3.50939
3.46528
3.4205
3.37595
3.33184
3.28847
3.24577
3.20398
3.16303
3.12315
3.0843
3.04673
3.01047
2.97579
2.94287
2.91199
2.88363
2.85778
2.83613
2.8162
2.80524
5.58525
5.90374
5.87508
5.7533
5.49016
5.17945
4.91262
4.68212
4.48285
4.32204
4.23163
4.24235
4.30362
4.47777
4.8622
5.60786
6.14508
6.30052
6.28861
6.23747
6.12596
6.06349
6.07434
6.11498
6.20613
6.33276
6.3938
6.38825
6.36154
6.29202
6.14781
5.94478
5.73207
5.52403
5.32386
5.13176
4.94692
4.76904
4.59804
4.43385
4.27675
4.12674
3.98402
3.84885
3.72117
3.60147
3.4896
3.38613
3.29121
3.20546
3.12954
3.06432
3.01068
2.97061
2.9434
2.9425
2.94588
2.95653
2.98031
3.02689
3.09524
3.18015
3.28609
3.39648
3.5012
3.59148
3.66253
3.7108
3.74089
3.74309
3.74031
3.73271
3.71599
3.6877
3.65507
3.61951
3.5819
3.54259
3.50186
3.45994
3.41747
3.37511
3.33312
3.2915
3.25054
3.21018
3.17069
3.13203
3.09446
3.05801
3.02295
2.98938
2.95763
2.92798
2.90077
2.87663
2.85565
2.83887
2.82369
2.81943
4.642
5.67056
5.78326
5.73228
5.58888
5.29819
5.02342
4.79912
4.62566
4.53648
4.5503
4.62265
4.8231
5.26196
6.04125
6.55615
6.64783
6.61769
6.5157
6.30541
6.12238
6.02357
6.0244
6.03917
6.08246
6.17602
6.28123
6.31599
6.30811
6.27771
6.20325
6.05143
5.85286
5.64348
5.43743
5.23913
5.04882
4.86634
4.69132
4.52349
4.36287
4.20933
4.06309
3.92427
3.79294
3.66947
3.55373
3.4463
3.34719
3.25705
3.1764
3.10597
3.04663
2.99993
2.96604
2.95253
2.9544
2.96122
2.97758
3.01169
3.06836
3.13334
3.21217
3.30224
3.39637
3.48566
3.56277
3.62132
3.6608
3.6749
3.67331
3.66748
3.6542
3.62779
3.59545
3.56026
3.52355
3.48556
3.44653
3.407
3.36742
3.3279
3.28869
3.24976
3.21139
3.1736
3.13666
3.1006
3.06569
3.03203
2.99994
2.96962
2.94146
2.9159
2.89332
2.87474
2.85899
2.84802
2.8408
2.84128
2.98263
5.11389
5.65889
5.66464
5.60084
5.43975
5.16986
4.95461
4.85308
4.87091
4.95879
5.19647
5.71159
6.53986
7.04087
7.07554
7.02623
6.88154
6.5901
6.33477
6.15286
6.0429
6.00771
6.01061
6.02432
6.06018
6.13461
6.20249
6.21558
6.20599
6.17436
6.09801
5.94445
5.75243
5.54794
5.3452
5.14888
4.96062
4.78065
4.60851
4.44422
4.28735
4.13826
3.9967
3.86294
3.73707
3.61919
3.50969
3.40866
3.31675
3.23439
3.16225
3.1015
3.05264
3.01748
2.99509
2.99556
2.99907
3.00844
3.02844
3.06553
3.11615
3.16492
3.22413
3.29041
3.35978
3.42748
3.48804
3.53617
3.56764
3.5768
3.5752
3.56941
3.5555
3.52815
3.49627
3.46133
3.425
3.38836
3.35172
3.31521
3.27879
3.2426
3.20666
3.17117
3.13627
3.10217
3.06907
3.03721
3.00685
2.97832
2.95198
2.92836
2.90793
2.89163
2.87876
2.86961
2.86722
2.86806
2.87163
2.1973
3.85935
5.3094
5.58561
5.57467
5.50839
5.35363
5.20043
5.2187
5.32126
5.60301
6.21114
7.09626
7.5797
7.57316
7.495
7.29465
6.93865
6.63535
6.40696
6.24073
6.12154
6.04501
6.00417
5.99225
5.99644
6.01313
6.05142
6.09367
6.09411
6.08451
6.05268
5.97825
5.82887
5.64364
5.44443
5.24506
5.05189
4.86678
4.68998
4.52182
4.36193
4.21046
4.06701
3.93183
3.80492
3.68647
3.57671
3.47592
3.38463
3.30352
3.23329
3.17427
3.12666
3.09208
3.06852
3.06248
3.0635
3.06705
3.07494
3.09079
3.11379
3.13813
3.16617
3.1993
3.23824
3.28277
3.33202
3.37964
3.41993
3.44752
3.46058
3.46005
3.45645
3.44663
3.42594
3.39612
3.36299
3.32892
3.29492
3.26123
3.22791
3.19493
3.16227
3.13005
3.09843
3.06764
3.03795
3.00973
2.9833
2.95922
2.93783
2.9201
2.90642
2.89659
2.89108
2.89168
2.89439
2.90184
2.91896
1.64278
2.53672
4.49327
5.37769
5.54791
5.54917
5.5432
5.57115
5.7029
6.05965
6.8094
7.7219
8.15377
8.13075
8.00538
7.71683
7.32235
6.99385
6.73915
6.54043
6.37745
6.23936
6.12495
6.03661
5.97794
5.93958
5.92981
5.9337
5.94562
5.96449
5.96189
5.95031
5.91753
5.84547
5.70398
5.52405
5.33103
5.13716
4.94838
4.76767
4.59633
4.43419
4.28108
4.13669
4.00121
3.87464
3.75717
3.64909
3.55095
3.463
3.38554
3.31917
3.26467
3.22171
3.19
3.16778
3.15449
3.1475
3.14336
3.13874
3.13336
3.1279
3.12585
3.12621
3.12864
3.13545
3.15082
3.18032
3.21438
3.2508
3.28717
3.31637
3.33515
3.34102
3.33981
3.33459
3.32243
3.29763
3.26898
3.23804
3.20688
3.17621
3.14618
3.11682
3.08815
3.06024
3.03336
3.00778
2.98403
2.96253
2.94416
2.92896
2.91958
2.91166
2.91175
2.91351
2.91912
2.9318
2.95093
2.98973
1.33666
1.81645
2.89254
4.84765
5.45202
5.63831
5.77722
6.05954
6.62893
7.5874
8.45963
8.777
8.72966
8.5466
8.15746
7.73677
7.38681
7.11553
6.89729
6.7076
6.53444
6.37342
6.22639
6.09821
5.99402
5.9175
5.86191
5.83119
5.82215
5.82263
5.82166
5.81692
5.80287
5.76908
5.69734
5.56076
5.39271
5.21012
5.0234
4.84211
4.66918
4.50542
4.35115
4.2069
4.07255
3.94798
3.83341
3.72919
3.63545
3.55303
3.48223
3.42317
3.37535
3.33776
3.30859
3.28537
3.26547
3.24677
3.22667
3.20365
3.17763
3.14924
3.12189
3.09461
3.07259
3.05451
3.05441
3.05701
3.06571
3.08503
3.11741
3.15133
3.18345
3.20726
3.22304
3.22499
3.22344
3.21744
3.20419
3.17979
3.15331
3.12546
3.09804
3.07164
3.04644
3.02251
3.00015
2.97955
2.96154
2.94636
2.93532
2.9288
2.92662
2.92782
2.93236
2.94296
2.96419
2.99574
3.02111
3.07192
1.19003
1.45782
2.11642
3.63822
5.13637
5.70727
6.25768
7.0978
8.45648
9.37203
9.51332
9.4199
9.14279
8.61381
8.16474
7.79945
7.51713
7.28689
7.08251
6.88741
6.69812
6.51482
6.34092
6.18121
6.04065
5.92313
5.83247
5.75993
5.715
5.69025
5.67832
5.67132
5.66176
5.64244
5.6036
5.52589
5.40345
5.25306
5.08772
4.91531
4.74413
4.57917
4.42413
4.28054
4.14807
4.02692
3.91722
3.81916
3.73305
3.65907
3.59703
3.54624
3.50502
3.471
3.44116
3.41228
3.38163
3.34732
3.30864
3.26547
3.21884
3.17001
3.12165
3.07511
3.03328
2.99699
2.97083
2.95295
2.95323
2.95656
2.96634
2.98732
3.0197
3.05326
3.08321
3.10453
3.11786
3.11817
3.11635
3.11015
3.09658
3.07459
3.05175
3.02863
3.00685
2.98693
2.96964
2.95482
2.9444
2.93678
2.93601
2.93701
2.94093
2.95072
2.97036
2.99894
3.03123
3.07303
3.1028
3.1566
1.10275
1.2516
1.61062
2.46569
4.36599
5.6864
7.3157
9.24007
10.3567
10.3506
10.1769
9.73726
9.12962
8.62208
8.2289
7.93699
7.70173
7.48818
7.27968
7.07071
6.86197
6.65787
6.46169
6.27717
6.10785
5.95727
5.82919
5.7242
5.63908
5.58017
5.54233
5.51957
5.50475
5.49092
5.46976
5.42934
5.35723
5.24825
5.11527
4.96699
4.81158
4.65655
4.50658
4.36509
4.23407
4.11748
4.01412
3.9241
3.8474
3.78332
3.73057
3.68692
3.64931
3.61408
3.57774
3.53731
3.49113
3.43861
3.38059
3.31825
3.25354
3.18805
3.12399
3.06267
3.00623
2.95575
2.91327
2.87998
2.85725
2.8495
2.85094
2.85646
2.87016
2.89775
2.93119
2.96404
2.99224
3.01081
3.02258
3.02298
3.02138
3.01618
3.00485
2.98771
2.97134
2.95621
2.94505
2.93684
2.93639
2.93763
2.94188
2.95154
2.97097
2.99783
3.03131
3.07137
3.11138
3.15661
3.18658
3.23595
1.06164
1.141
1.35356
1.84971
3.03234
5.52025
9.65329
11.4434
11.3867
11.0479
10.3195
9.64781
9.1115
8.69427
8.38429
8.13995
7.91665
7.69505
7.46958
7.24168
7.01415
6.7932
6.57987
6.37653
6.18556
6.0098
5.85185
5.71541
5.59872
5.50381
5.4332
5.38395
5.35167
5.33023
5.31387
5.29261
5.25523
5.19362
5.10077
4.9853
4.85698
4.72182
4.58698
4.45678
4.33647
4.22612
4.13028
4.0493
3.98216
3.92697
3.88069
3.83944
3.79896
3.75536
3.70576
3.6487
3.58413
3.51309
3.43736
3.35896
3.27989
3.20189
3.12657
3.05487
2.98848
2.92816
2.87471
2.82938
2.79292
2.76721
2.75346
2.75389
2.75727
2.76683
2.78726
2.81945
2.85494
2.8872
2.91348
2.93094
2.94187
2.94606
2.94548
2.94328
2.93844
2.93096
2.92974
2.93091
2.93509
2.94434
2.96198
2.98749
3.02218
3.06317
3.10727
3.15353
3.19568
3.23782
3.26308
3.30314
1.04157
1.10735
1.25548
1.66585
2.72867
5.53241
11.6421
12.1728
11.7939
10.9538
10.1685
9.59614
9.17945
8.86994
8.61618
8.37685
8.13689
7.89299
7.64655
7.40062
7.15787
6.92049
6.69219
6.47364
6.2659
6.0708
5.89047
5.72756
5.58496
5.46054
5.3588
5.28001
5.22277
5.18401
5.15824
5.14129
5.12269
5.09219
5.04332
4.96904
4.87456
4.76974
4.65959
4.54974
4.44553
4.35056
4.26644
4.19569
4.13648
4.08587
4.03935
3.99229
3.94052
3.88137
3.81365
3.7378
3.65522
3.56796
3.4781
3.38774
3.29854
3.21204
3.12917
3.05098
2.97775
2.91068
2.84993
2.79618
2.75005
2.71236
2.685
2.66723
2.66597
2.66804
2.67492
2.69038
2.72134
2.75731
2.7935
2.82549
2.85133
2.87065
2.8844
2.89451
2.90242
2.90892
2.91771
2.93195
2.94799
2.97013
3.0036
3.0445
3.09087
3.14043
3.18929
3.23536
3.27364
3.30762
3.32522
3.35454
1.03631
1.09298
1.22813
1.60262
2.64735
5.66836
12.2612
12.0195
11.3305
10.5653
10.0187
9.64052
9.34756
9.09462
8.84279
8.58399
8.32061
8.05638
7.79385
7.53482
7.28027
7.03071
6.78946
6.55813
6.33733
6.12805
5.93175
5.75041
5.58632
5.44081
5.31432
5.20969
5.1275
5.06703
5.02571
5.00032
4.98507
4.97231
4.95263
4.91927
4.86562
4.7979
4.72004
4.63821
4.55844
4.48438
4.41688
4.35587
4.30078
4.24778
4.19249
4.1311
4.06136
3.98255
3.89558
3.80211
3.70443
3.60463
3.50478
3.40641
3.31087
3.2191
3.13174
3.04961
2.97238
2.90061
2.83489
2.77529
2.72235
2.67649
2.63876
2.61006
2.59135
2.58761
2.58928
2.59496
2.60872
2.63651
2.67402
2.71426
2.75303
2.78779
2.81792
2.84392
2.86777
2.89062
2.91625
2.9434
2.97709
3.01712
3.06371
3.11497
3.16809
3.21979
3.26661
3.3065
3.33669
3.36039
3.3707
3.38997
1.03566
1.08685
1.22242
1.58276
2.62553
5.7315
12.2905
11.7046
10.8495
10.3528
10.0372
9.77834
9.53318
9.27584
9.00621
8.73025
8.45321
8.17829
7.90695
7.63991
7.37767
7.12054
6.86962
6.628
6.39694
6.17724
5.96972
5.77587
5.59711
5.43557
5.29157
5.16731
5.0644
4.98371
4.92465
4.88597
4.86492
4.85869
4.85545
4.84859
4.83442
4.80584
4.76505
4.71828
4.66953
4.61843
4.56601
4.51235
4.45647
4.39475
4.32443
4.2442
4.15442
4.05642
3.95245
3.84485
3.73597
3.62763
3.5214
3.41831
3.31918
3.22452
3.13468
3.04985
2.97034
2.89576
2.82652
2.76293
2.70517
2.65361
2.60882
2.5716
2.54305
2.52432
2.52022
2.52186
2.52747
2.541
2.56872
2.609
2.65475
2.7018
2.74792
2.79192
2.83464
2.87717
2.92125
2.96818
3.01999
3.07539
3.13294
3.19004
3.24389
3.29152
3.33091
3.36126
3.38219
3.39637
3.40172
3.41269
1.036
1.08369
1.22167
1.57493
2.61634
5.73371
12.2916
11.5838
10.7355
10.3222
10.083
9.86529
9.62557
9.36466
9.09182
8.81412
8.53558
8.2584
7.98386
7.71291
7.44629
7.18481
6.92914
6.68106
6.44283
6.21566
6.00042
5.79815
5.6098
5.4371
5.28103
5.14304
5.02498
4.92831
4.85412
4.80247
4.77276
4.7703
4.77224
4.77751
4.78835
4.79573
4.79378
4.78751
4.77214
4.74117
4.70133
4.65153
4.58939
4.51413
4.42621
4.32697
4.21908
4.10512
3.98815
3.87048
3.75424
3.64071
3.53093
3.42543
3.3246
3.22858
3.13746
3.05126
2.97006
2.89378
2.82231
2.75596
2.69489
2.63941
2.5898
2.5468
2.51105
2.48405
2.46673
2.46532
2.4674
2.47423
2.48986
2.5217
2.56782
2.62158
2.68031
2.74146
2.80431
2.86848
2.93391
3.00138
3.06994
3.13738
3.20136
3.25897
3.30828
3.34791
3.37781
3.39862
3.41174
3.41865
3.42104
3.4264
1.03345
1.08705
1.21553
1.57689
2.60755
5.72393
12.2745
11.5269
10.6561
10.2657
10.0701
9.88128
9.6562
9.40308
9.13543
8.86122
8.58439
8.30736
8.03175
7.75894
7.49018
7.22638
6.9685
6.71757
6.47539
6.24357
6.02331
5.81543
5.62092
5.44103
5.27677
5.12957
5.00109
4.89305
4.80735
4.74559
4.70853
4.70682
4.71049
4.72087
4.74391
4.7817
4.81523
4.83946
4.83779
4.82955
4.81048
4.76929
4.69569
4.60409
4.49861
4.38256
4.26005
4.13433
4.00849
3.88453
3.76405
3.64784
3.53647
3.43
3.32848
3.23187
3.14007
3.05307
2.97079
2.89327
2.8204
2.75224
2.68894
2.63074
2.57798
2.53109
2.49071
2.4579
2.43357
2.42211
2.423
2.42702
2.43727
2.45904
2.50047
2.55561
2.62204
2.69722
2.77852
2.86379
2.95041
3.03616
3.11804
3.19303
3.25846
3.31263
3.3551
3.38646
3.40813
3.42184
3.42931
3.43178
3.43246
3.43455
1.03346
1.08649
1.21506
1.57464
2.60275
5.70987
12.2563
11.5004
10.608
10.2216
10.0507
9.88573
9.67461
9.42783
9.163
8.89004
8.61355
8.33616
8.05974
7.78589
7.51594
7.25095
6.99193
6.73978
6.49584
6.26159
6.03841
5.82711
5.6289
5.4446
5.27526
5.12238
4.98733
4.872
4.77863
4.71017
4.66793
4.66561
4.67004
4.68312
4.71259
4.76869
4.82679
4.87774
4.8911
4.88665
4.87251
4.83871
4.77047
4.6669
4.54719
4.41799
4.28462
4.1508
4.01927
3.89162
3.76885
3.65136
3.53931
3.43252
3.33083
3.23406
3.14201
3.05466
2.97186
2.89363
2.8199
2.75065
2.68604
2.62622
2.57152
2.52226
2.47912
2.44258
2.41473
2.39509
2.39517
2.39755
2.40484
2.42147
2.45535
2.50982
2.58034
2.66502
2.76043
2.86241
2.9656
3.06474
3.15502
3.23311
3.29701
3.34675
3.38337
3.40881
3.42515
3.43467
3.4385
3.43892
3.43879
3.4393
1.03554
1.08278
1.21926
1.56951
2.60233
5.70013
12.2458
11.4908
10.5875
10.2007
10.0412
9.88887
9.6853
9.44135
9.17726
8.90442
8.62785
8.35021
8.07339
7.79904
7.52851
7.26294
7.00332
6.7506
6.50587
6.27057
6.04593
5.83302
5.63297
5.44657
5.27478
5.11914
4.98089
4.86196
4.76472
4.69237
4.6475
4.64499
4.64978
4.66421
4.69658
4.7607
4.83195
4.89618
4.92103
4.91709
4.90333
4.87114
4.80522
4.69784
4.57125
4.43491
4.29587
4.15795
4.02363
3.89421
3.77035
3.65228
3.53988
3.43295
3.33116
3.23434
3.14218
3.05469
2.97162
2.89306
2.81891
2.7492
2.68401
2.62349
2.56794
2.51763
2.47326
2.43505
2.40547
2.38278
2.38005
2.382
2.38839
2.40331
2.43387
2.48701
2.55904
2.64858
2.7519
2.86336
2.9758
3.08181
3.17573
3.25421
3.3163
3.36304
3.3964
3.41884
3.43269
3.44015
3.44235
3.44214
3.44143
3.44163
)
;

boundaryField
{
    inlet
    {
        type            fixedValue;
        value           uniform 1;
    }
    outlet
    {
        type            waveTransmissive;
        gamma           1.4;
        fieldInf        1;
        lInf            3;
        value           nonuniform List<scalar> 
40
(
3.33947
3.33353
3.3182
3.29105
3.2523
3.20574
3.15895
3.11211
3.06587
3.02287
2.98457
2.95096
2.9216
2.89589
2.87337
2.85365
2.83651
2.82184
2.80987
2.80061
2.79392
2.79073
2.79202
2.79861
2.81271
2.83445
2.86461
2.91158
2.98194
3.06367
3.14793
3.22692
3.29384
3.34506
3.38037
3.40301
3.41668
3.4248
3.42953
3.43184
)
;
    }
    bottom
    {
        type            symmetryPlane;
    }
    top
    {
        type            symmetryPlane;
    }
    obstacle
    {
        type            zeroGradient;
    }
    defaultFaces
    {
        type            empty;
    }
}


// ************************************************************************* //
