/*--------------------------------*- C++ -*----------------------------------*\
  =========                 |
  \\      /  F ield         | OpenFOAM: The Open Source CFD Toolbox
   \\    /   O peration     | Website:  https://openfoam.org
    \\  /    A nd           | Version:  10
     \\/     M anipulation  |
\*---------------------------------------------------------------------------*/
FoamFile
{
    format      ascii;
    class       volScalarField;
    location    "5";
    object      rho;
}
// * * * * * * * * * * * * * * * * * * * * * * * * * * * * * * * * * * * * * //

dimensions      [1 -3 0 0 0 0 0];

internalField   nonuniform List<scalar> 
5250
(
1.40001
1.40002
1.40007
1.40014
1.40041
1.40085
1.40248
1.40519
1.4147
1.43179
1.48227
1.58019
1.805
2.28202
4.2362
5.92587
5.76007
5.64715
5.66586
5.74734
5.83664
5.88856
5.92913
5.96058
5.98656
1.40001
1.40002
1.40006
1.40014
1.4004
1.40084
1.40243
1.4051
1.41449
1.43123
1.4811
1.57749
1.79953
2.26778
4.18318
5.93336
5.76162
5.64449
5.66364
5.74573
5.83512
5.88726
5.92862
5.96082
5.98771
1.40001
1.40002
1.40006
1.40015
1.40035
1.40092
1.40207
1.40563
1.41247
1.43309
1.4743
1.57669
1.78417
2.24044
4.06431
5.9502
5.7647
5.63599
5.65485
5.7355
5.8241
5.87599
5.91652
5.94911
5.97621
1.40001
1.40002
1.40005
1.40015
1.40031
1.40091
1.4019
1.40544
1.41161
1.43184
1.46978
1.56967
1.76575
2.19799
3.88071
5.97661
5.77118
5.62243
5.63847
5.71765
5.80423
5.8532
5.894
5.92482
5.95239
1.40001
1.40002
1.40005
1.40013
1.40032
1.40078
1.40197
1.4046
1.41191
1.42756
1.46826
1.55538
1.74635
2.14296
3.63821
6.00737
5.78249
5.60613
5.61843
5.69037
5.77686
5.82317
5.86005
5.89067
5.91921
1.40001
1.40002
1.40005
1.40011
1.40032
1.40066
1.40191
1.404
1.41133
1.42445
1.46398
1.54121
1.72212
2.08347
3.34709
6.02289
5.79658
5.58955
5.59555
5.65762
5.73843
5.78184
5.8144
5.84175
5.87218
1.40001
1.40002
1.40004
1.40012
1.40025
1.4007
1.40151
1.40411
1.40924
1.42416
1.45503
1.53304
1.69185
2.02949
3.06706
5.97544
5.78868
5.56629
5.56591
5.61605
5.69008
5.72507
5.75087
5.77195
5.80301
1.40001
1.40002
1.40004
1.4001
1.40025
1.40056
1.40155
1.40334
1.40934
1.42023
1.45319
1.51826
1.67213
1.9791
2.87277
5.78246
5.71475
5.52889
5.52477
5.55849
5.62389
5.64991
5.6638
5.67281
5.69946
1.40001
1.40002
1.40003
1.4001
1.4002
1.40058
1.40121
1.40351
1.40733
1.42059
1.4447
1.51258
1.64535
1.93657
2.69738
5.47415
5.58608
5.50414
5.4765
5.48803
5.53755
5.54975
5.54476
5.52796
5.53096
1.40001
1.40001
1.40004
1.40008
1.40021
1.40046
1.40122
1.40284
1.40721
1.41718
1.44243
1.49845
1.62599
1.8881
2.53645
5.08498
5.51806
5.46825
5.40987
5.41106
5.43162
5.42382
5.39251
5.31996
5.25968
1.40001
1.40001
1.40003
1.40007
1.40018
1.4004
1.4011
1.40238
1.40671
1.41432
1.43887
1.48552
1.60327
1.83697
2.38499
4.62004
5.47782
5.4369
5.33991
5.32382
5.3142
5.28082
5.18664
4.96054
4.30318
1.40001
1.40001
1.40003
1.40006
1.40015
1.40038
1.40085
1.40233
1.40503
1.41392
1.43057
1.47796
1.57291
1.78638
2.23702
4.07511
5.461
5.41196
5.28382
5.23387
5.20001
5.12781
4.97185
4.64802
3.93685
1.40001
1.40001
1.40002
1.40005
1.40014
1.40028
1.40081
1.40168
1.40479
1.41021
1.42804
1.46137
1.55047
1.72491
2.10038
3.46641
5.45284
5.39986
5.24878
5.15167
5.0896
4.98426
4.78072
4.43796
3.86386
1.40001
1.40001
1.40002
1.40004
1.4001
1.40026
1.40059
1.40154
1.40345
1.40931
1.42055
1.45329
1.51862
1.67232
1.97406
2.84994
5.36318
5.35212
5.24169
5.08865
4.98833
4.86038
4.64451
4.31756
3.87125
1.40001
1.40001
1.40002
1.40004
1.40008
1.40021
1.40048
1.40123
1.40293
1.40723
1.41764
1.44243
1.49982
1.62656
1.88925
2.53817
4.96548
5.25266
5.18752
5.02942
4.9029
4.75582
4.55343
4.24717
3.88061
1.40001
1.40001
1.40001
1.40003
1.40006
1.40018
1.40037
1.40105
1.40221
1.40619
1.41346
1.43589
1.47958
1.58952
1.80695
2.30039
4.27486
5.14195
5.10743
4.98692
4.83225
4.67389
4.47859
4.20782
3.88311
1.40001
1.40001
1.40001
1.40003
1.40005
1.40014
1.40031
1.40077
1.40189
1.40452
1.41139
1.42682
1.46536
1.54969
1.73212
2.10423
3.53174
5.09328
5.06967
4.96924
4.78309
4.61086
4.41997
4.17523
3.88835
1.40001
1.40001
1.40001
1.40002
1.40004
1.4001
1.40023
1.40061
1.40134
1.40369
1.40792
1.4216
1.44733
1.51689
1.6552
1.94034
2.72479
4.95593
5.05283
4.96865
4.77275
4.57397
4.37792
4.15177
3.89323
1.40001
1.40001
1.40001
1.40002
1.40004
1.40007
1.4002
1.40041
1.40117
1.40245
1.40686
1.41478
1.43945
1.4866
1.6055
1.83598
2.38273
4.45453
4.96356
4.91261
4.76035
4.54962
4.34806
4.13596
3.89904
1.40001
1.40001
1.40001
1.40001
1.40003
1.40006
1.40013
1.40035
1.40078
1.40203
1.40476
1.4119
1.42834
1.46844
1.55558
1.74557
2.12949
3.65164
4.8695
4.84775
4.74975
4.54126
4.33131
4.12621
3.90721
1.40001
1.40001
1.40001
1.40001
1.40002
1.40005
1.4001
1.40025
1.40058
1.40144
1.40352
1.40839
1.42085
1.44882
1.515
1.65646
1.92975
2.72842
4.70246
4.82674
4.7529
4.56726
4.33469
4.12729
3.91918
1.40001
1.40001
1.40001
1.40001
1.40002
1.40004
1.40007
1.40019
1.40039
1.40111
1.40234
1.40653
1.41404
1.43738
1.48211
1.59487
1.81064
2.31088
4.17531
4.75249
4.71195
4.58466
4.35418
4.13964
3.93628
1.40001
1.40001
1.40001
1.40001
1.40001
1.40002
1.40006
1.40012
1.40032
1.40072
1.40181
1.40437
1.41055
1.42586
1.46083
1.5412
1.71125
2.04655
3.31277
4.6333
4.63928
4.57328
4.39401
4.16791
3.96069
1.40001
1.40001
1.40001
1.40001
1.40001
1.40002
1.40004
1.4001
1.4002
1.40053
1.40118
1.40308
1.40711
1.41781
1.44157
1.49891
1.6198
1.85485
2.4547
4.32583
4.62241
4.57059
4.43048
4.20569
3.99175
1.40001
1.40001
1.40001
1.40001
1.40001
1.40002
1.40003
1.40007
1.40015
1.40035
1.40087
1.40199
1.40519
1.41162
1.43005
1.46747
1.55924
1.74135
2.11894
3.57718
4.53781
4.52163
4.45106
4.26801
4.03423
1.40001
1.40001
1.40001
1.40001
1.40001
1.40001
1.40002
1.40005
1.40009
1.40025
1.40053
1.40144
1.40316
1.40827
1.41874
1.44699
1.50518
1.64
1.878
2.57534
4.30662
4.51414
4.46215
4.33014
4.09677
1.40001
1.40001
1.40001
1.40001
1.40001
1.40001
1.40002
1.40003
1.40006
1.40017
1.40035
1.40098
1.40204
1.40567
1.41214
1.43228
1.47065
1.56875
1.75268
2.15631
3.66966
4.43804
4.4248
4.356
4.18503
1.40001
1.40001
1.40001
1.40001
1.40001
1.40001
1.40001
1.40002
1.40005
1.4001
1.40025
1.40059
1.40141
1.40354
1.40811
1.4207
1.44675
1.51211
1.64445
1.89344
2.66972
4.20861
4.40706
4.36455
4.24886
1.40001
1.40001
1.40001
1.40001
1.40001
1.40001
1.40001
1.40002
1.40003
1.40007
1.40016
1.4004
1.40087
1.40237
1.40503
1.41378
1.42934
1.4758
1.56191
1.75419
2.14482
3.60598
4.32619
4.32357
4.26976
1.40001
1.40001
1.40001
1.40001
1.40001
1.40001
1.40001
1.40001
1.40002
1.40005
1.4001
1.40026
1.40055
1.40147
1.40323
1.40843
1.41895
1.4475
1.50539
1.6391
1.86882
2.5958
4.07597
4.30448
4.27336
1.40001
1.40001
1.40001
1.40001
1.40001
1.40001
1.40001
1.40001
1.40002
1.40003
1.40006
1.40017
1.40034
1.40094
1.40196
1.40541
1.41152
1.4306
1.46642
1.55912
1.72629
2.09593
3.43526
4.21078
4.24166
1.40001
1.40001
1.40001
1.40001
1.40001
1.40001
1.40001
1.40001
1.40001
1.40002
1.40004
1.40009
1.40023
1.40052
1.40128
1.4031
1.40725
1.41801
1.44112
1.49761
1.61262
1.81923
2.38224
3.92751
4.22084
1.40001
1.40001
1.40001
1.40001
1.40001
1.40001
1.40001
1.40001
1.40001
1.40001
1.40003
1.40006
1.40014
1.40032
1.40079
1.4019
1.40445
1.41114
1.42532
1.4622
1.53784
1.69887
2.01041
3.18336
4.08045
1.40001
1.40001
1.40001
1.40001
1.40001
1.40001
1.40001
1.40001
1.40001
1.40001
1.40002
1.40004
1.40009
1.40019
1.4005
1.40104
1.40287
1.40602
1.41629
1.43477
1.48754
1.58533
1.77681
2.24437
3.70135
1.40001
1.40001
1.40001
1.40001
1.40001
1.40001
1.40001
1.40001
1.40001
1.40001
1.40001
1.40003
1.40005
1.40012
1.40028
1.40067
1.40162
1.40374
1.40949
1.42126
1.45298
1.51667
1.65738
1.9095
2.80549
1.40001
1.40001
1.40001
1.40001
1.40001
1.40001
1.40001
1.40001
1.40001
1.40001
1.40001
1.40002
1.40003
1.40007
1.40017
1.40039
1.40092
1.40229
1.40521
1.41321
1.42951
1.4721
1.55753
1.72488
2.09568
1.40001
1.40001
1.40001
1.40001
1.40001
1.40001
1.40001
1.40001
1.40001
1.40001
1.40001
1.40001
1.40002
1.40004
1.4001
1.40022
1.40056
1.40122
1.40322
1.40682
1.41824
1.43874
1.49623
1.59991
1.79589
1.40001
1.40001
1.40001
1.40001
1.40001
1.40001
1.40001
1.40001
1.40001
1.40001
1.40001
1.40001
1.40001
1.40003
1.40005
1.40014
1.40029
1.40078
1.40166
1.40434
1.40961
1.42422
1.45415
1.52769
1.66331
1.40001
1.40001
1.40001
1.40001
1.40001
1.40001
1.40001
1.40001
1.40001
1.40001
1.40001
1.40001
1.40001
1.40002
1.40003
1.40008
1.40017
1.40043
1.40094
1.4024
1.40547
1.41336
1.43111
1.47283
1.56094
1.40001
1.40001
1.40001
1.40001
1.40001
1.40001
1.40001
1.40001
1.40001
1.40001
1.40001
1.40001
1.40001
1.40001
1.40002
1.40004
1.4001
1.40022
1.40057
1.40122
1.40326
1.40686
1.41825
1.43861
1.49565
1.40001
1.40001
1.40001
1.40001
1.40001
1.40001
1.40001
1.40001
1.40001
1.40001
1.40001
1.40001
1.40001
1.40001
1.40001
1.40003
1.40006
1.40013
1.4003
1.40076
1.40163
1.40434
1.4091
1.42426
1.45111
1.40001
1.40001
1.40001
1.40001
1.40001
1.40001
1.40001
1.40001
1.40001
1.40001
1.40001
1.40001
1.40001
1.40001
1.40001
1.40002
1.40003
1.40008
1.40018
1.4004
1.40101
1.40217
1.40577
1.41212
1.43189
1.40001
1.40001
1.40001
1.40001
1.40001
1.40001
1.40001
1.40001
1.40001
1.40001
1.40001
1.40001
1.40001
1.40001
1.40001
1.40001
1.40002
1.40005
1.4001
1.40025
1.40053
1.40143
1.40298
1.40804
1.41677
1.40001
1.40001
1.40001
1.40001
1.40001
1.40001
1.40001
1.40001
1.40001
1.40001
1.40001
1.40001
1.40001
1.40001
1.40001
1.40001
1.40002
1.40003
1.40008
1.40015
1.40041
1.40086
1.40234
1.40504
1.4132
1.40001
1.40001
1.40001
1.40001
1.40001
1.40001
1.40001
1.40001
1.40001
1.40001
1.40001
1.40001
1.40001
1.40001
1.40001
1.40001
1.40001
1.40003
1.40006
1.40013
1.40033
1.40071
1.40196
1.40413
1.41145
1.40001
1.40001
1.40001
1.40001
1.40001
1.40001
1.40001
1.40001
1.40001
1.40001
1.40001
1.40001
1.40001
1.40001
1.40001
1.40001
1.40001
1.40003
1.40005
1.40012
1.40028
1.40069
1.40173
1.40401
1.41041
1.40001
1.40001
1.40001
1.40001
1.40001
1.40001
1.40001
1.40001
1.40001
1.40001
1.40001
1.40001
1.40001
1.40001
1.40001
1.40001
1.40001
1.40002
1.40005
1.40012
1.40025
1.40072
1.40152
1.40428
1.40926
1.40001
1.40001
1.40001
1.40001
1.40001
1.40001
1.40001
1.40001
1.40001
1.40001
1.40001
1.40001
1.40001
1.40001
1.40001
1.40001
1.40001
1.40002
1.40005
1.40011
1.40029
1.40061
1.40175
1.40369
1.41045
1.40001
1.40001
1.40001
1.40001
1.40001
1.40001
1.40001
1.40001
1.40001
1.40001
1.40001
1.40001
1.40001
1.40001
1.40001
1.40001
1.40001
1.40002
1.40005
1.40011
1.40029
1.40061
1.40174
1.40367
1.41039
1.40001
1.40001
1.40001
1.40001
1.40001
1.40001
1.40001
1.40001
1.40001
1.40001
1.40001
1.40001
1.40001
1.40001
1.40001
1.40001
1.40001
1.40002
1.40005
1.40012
1.40025
1.40071
1.40149
1.40421
1.40914
1.9014
1.05421
0.78244
0.764684
0.868042
1.12541
1.39152
1.47642
1.54119
1.57078
1.57012
1.56277
1.55991
1.56495
1.5613
1.55509
1.54574
1.53177
1.52032
1.50688
1.49358
1.48085
1.46366
1.45373
1.45069
1.45081
1.45275
1.46682
1.49335
1.53408
1.58467
1.64088
1.69997
1.75824
1.81372
1.8642
1.90896
1.95025
1.98622
2.01938
2.04851
2.0736
2.09644
2.11577
2.13189
2.14321
2.15321
2.15848
2.16366
2.16491
2.16684
2.16233
2.16021
2.1527
2.148
2.13764
2.13058
2.11783
2.10871
2.09434
2.08358
2.06792
2.05581
2.03919
2.026
2.00865
1.99463
1.97681
1.96225
1.94423
1.92934
1.91148
1.89648
1.87921
1.86432
1.84801
1.83348
1.81867
1.80499
1.79216
1.78017
1.76961
1.76034
1.75268
1.74692
1.7432
1.7432
1.74378
1.74533
1.74849
1.75428
1.763
1.77105
1.78168
1.78995
1.79947
1.80555
1.81107
1.81398
1.81959
2.34887
1.5616
1.20959
1.16028
1.17058
1.24281
1.44779
1.54918
1.56724
1.56652
1.55927
1.55021
1.53873
1.53102
1.52018
1.50799
1.49037
1.47263
1.46319
1.44977
1.43495
1.42393
1.40931
1.39654
1.39244
1.3913
1.39189
1.40388
1.42942
1.47131
1.52548
1.58561
1.65019
1.71462
1.77776
1.83497
1.88814
1.93677
1.98379
2.02537
2.06486
2.09663
2.1273
2.15184
2.17461
2.19078
2.20587
2.21577
2.22464
2.23005
2.23532
2.2342
2.23377
2.22957
2.2262
2.21888
2.21252
2.20237
2.19363
2.18132
2.17062
2.1567
2.14442
2.12924
2.11581
2.09957
2.08536
2.06838
2.05366
2.03629
2.02124
2.00381
1.98867
1.97171
1.95666
1.94071
1.92608
1.91168
1.89807
1.88554
1.87388
1.86365
1.85485
1.84767
1.8425
1.83938
1.84019
1.84174
1.84422
1.84809
1.85505
1.86422
1.87344
1.88457
1.89402
1.90385
1.91112
1.91684
1.92082
1.92796
2.87069
2.15097
1.69817
1.41995
1.34864
1.35666
1.42324
1.63456
1.65948
1.6359
1.61408
1.5948
1.57674
1.56089
1.53736
1.51311
1.48843
1.46582
1.4457
1.42794
1.41165
1.39335
1.37283
1.35467
1.34573
1.34504
1.34612
1.35771
1.38291
1.42421
1.48172
1.54932
1.6207
1.69507
1.76799
1.83708
1.90035
1.957
2.00962
2.05614
2.09713
2.1331
2.16513
2.19288
2.2174
2.23678
2.25389
2.26614
2.27666
2.28427
2.29134
2.29281
2.29267
2.28953
2.28682
2.28057
2.27451
2.2652
2.25627
2.2445
2.23336
2.21959
2.20686
2.19152
2.17757
2.16105
2.1461
2.12874
2.11304
2.09527
2.07912
2.06142
2.04514
2.02797
2.0119
1.99569
1.9803
1.96552
1.9515
1.93859
1.92679
1.91638
1.90762
1.90056
1.89554
1.89254
1.89347
1.89507
1.89767
1.90153
1.90825
1.91655
1.92506
1.9348
1.94357
1.95208
1.95892
1.96396
1.96775
1.97567
3.16616
2.53816
2.04701
1.72598
1.52588
1.51142
1.52958
1.61258
1.77416
1.78085
1.73911
1.69582
1.6671
1.63642
1.59959
1.56835
1.54093
1.50917
1.47519
1.44609
1.42066
1.39649
1.37322
1.35478
1.34279
1.33607
1.33618
1.34463
1.36823
1.41537
1.48144
1.55589
1.63586
1.71647
1.79554
1.86602
1.93168
1.99005
2.0451
2.09297
2.13761
2.1754
2.21105
2.24054
2.26789
2.28925
2.3084
2.32218
2.33379
2.3425
2.35088
2.35421
2.35411
2.35132
2.34898
2.34376
2.33824
2.32975
2.32117
2.30989
2.29899
2.28554
2.27287
2.25781
2.2437
2.22747
2.21225
2.19523
2.1792
2.16173
2.14521
2.12766
2.11098
2.09376
2.07732
2.06098
2.0454
2.03051
2.01656
2.00374
1.99223
1.98224
1.97393
1.96742
1.96299
1.96039
1.96144
1.96314
1.96564
1.96957
1.97541
1.98208
1.98937
1.99657
2.00374
2.00994
2.01541
2.01929
2.02291
2.03112
3.34402
2.80781
2.35054
2.00547
1.75728
1.65284
1.64334
1.66831
1.76345
1.87426
1.87879
1.83189
1.78745
1.74507
1.69952
1.66172
1.62532
1.57939
1.54215
1.51051
1.47587
1.44106
1.41529
1.39495
1.37796
1.3687
1.36823
1.37794
1.406
1.45582
1.52037
1.59535
1.67321
1.75484
1.83408
1.90804
1.97681
2.03914
2.09676
2.14838
2.19507
2.236
2.27259
2.30399
2.33173
2.35426
2.37372
2.38819
2.39985
2.40857
2.41672
2.42065
2.42018
2.41621
2.41237
2.40603
2.3996
2.3901
2.38088
2.36863
2.35707
2.34271
2.32928
2.31335
2.29849
2.28156
2.26558
2.24814
2.23137
2.2138
2.19657
2.17926
2.16197
2.14526
2.12854
2.11276
2.09741
2.08307
2.0697
2.05755
2.04685
2.03758
2.03024
2.02443
2.02083
2.01865
2.01963
2.02107
2.02334
2.02642
2.03062
2.03472
2.0392
2.04303
2.04674
2.04921
2.05197
2.05341
2.05613
2.06224
3.4596
3.0022
2.5969
2.24956
1.9927
1.80098
1.75715
1.75343
1.78056
1.88827
1.95871
1.94449
1.90703
1.87157
1.82016
1.76881
1.72465
1.67846
1.63757
1.59853
1.5531
1.51806
1.49352
1.46618
1.44341
1.43949
1.4394
1.45445
1.48888
1.53548
1.59414
1.6612
1.73539
1.80901
1.88653
1.96161
2.03306
2.09743
2.15701
2.20906
2.2569
2.29765
2.335
2.366
2.39414
2.41616
2.43575
2.44954
2.4611
2.46861
2.47658
2.48021
2.48128
2.47626
2.47178
2.4644
2.45765
2.44747
2.43791
2.42495
2.41283
2.3979
2.38365
2.36738
2.35154
2.33433
2.31743
2.29968
2.28202
2.26409
2.24604
2.22829
2.21049
2.19332
2.17641
2.16047
2.1451
2.13108
2.11806
2.10663
2.0968
2.0885
2.08233
2.07744
2.07491
2.07313
2.07386
2.07482
2.07672
2.07809
2.08002
2.08084
2.08235
2.08194
2.08198
2.08009
2.07966
2.07813
2.07965
2.08318
3.53476
3.15155
2.78529
2.46418
2.19284
1.99303
1.85003
1.83679
1.83491
1.86357
1.97879
2.02656
2.00336
1.97273
1.93555
1.88736
1.83702
1.78299
1.73599
1.69846
1.65445
1.61669
1.58422
1.55875
1.54521
1.54032
1.54052
1.57104
1.60958
1.65148
1.69906
1.75276
1.81121
1.87001
1.93535
2.00665
2.07913
2.14709
2.2091
2.26336
2.31186
2.35322
2.39039
2.42125
2.44886
2.47077
2.48989
2.50358
2.51477
2.52159
2.52874
2.53229
2.5342
2.52915
2.52382
2.5155
2.50775
2.49718
2.48671
2.47366
2.4605
2.44538
2.43014
2.41367
2.39693
2.3796
2.36188
2.34406
2.32598
2.30794
2.28999
2.27208
2.25461
2.23747
2.22108
2.2055
2.191
2.17755
2.16579
2.15517
2.1467
2.13946
2.13443
2.13043
2.12835
2.12674
2.12654
2.12615
2.12635
2.12508
2.12399
2.1207
2.11766
2.11246
2.10798
2.10192
2.09757
2.09242
2.09028
2.09255
3.58927
3.2597
2.93557
2.63456
2.37518
2.16058
1.99601
1.90926
1.89894
1.89574
1.93106
2.05361
2.08021
2.05707
2.0268
1.98882
1.9464
1.89237
1.84116
1.79541
1.75364
1.71876
1.69164
1.67342
1.6552
1.65514
1.68108
1.73179
1.77163
1.80291
1.83672
1.86955
1.90438
1.94375
1.98916
2.0404
2.11022
2.182
2.25
2.30943
2.36107
2.40409
2.44217
2.47286
2.50039
2.52165
2.54046
2.55372
2.56486
2.57053
2.57689
2.57982
2.58193
2.5774
2.57097
2.5619
2.55262
2.54164
2.53004
2.517
2.50302
2.48796
2.47196
2.45531
2.43793
2.42023
2.40212
2.38382
2.36551
2.34714
2.32903
2.31118
2.29375
2.27699
2.26108
2.2461
2.23263
2.22037
2.21013
2.20119
2.19442
2.18879
2.1851
2.18207
2.18048
2.17867
2.17758
2.1753
2.17323
2.1687
2.16422
2.1571
2.14957
2.14029
2.13169
2.12207
2.11396
2.1059
2.09941
2.10117
3.6315
3.34109
3.05324
2.77466
2.52925
2.31201
2.14015
2.00628
1.95813
1.95171
1.95449
2.00041
2.10128
2.12122
2.10143
2.06999
2.03814
1.99168
1.94175
1.89693
1.85377
1.82371
1.79852
1.78463
1.77885
1.79724
1.86199
1.92769
1.96005
1.98045
2.00114
2.01121
2.00766
2.02675
2.05219
2.08338
2.12795
2.1908
2.26075
2.32762
2.3851
2.43382
2.47333
2.50547
2.53264
2.55374
2.57203
2.58505
2.59602
2.60183
2.60708
2.60997
2.61182
2.60947
2.60305
2.59414
2.58404
2.57281
2.56033
2.54701
2.53234
2.51697
2.50061
2.48373
2.46646
2.44881
2.43111
2.41321
2.39538
2.37761
2.36009
2.34293
2.32648
2.31076
2.29619
2.28274
2.27093
2.26058
2.25218
2.24529
2.2403
2.23633
2.23382
2.2315
2.22987
2.22734
2.22476
2.22005
2.21476
2.20709
2.19862
2.18722
2.17602
2.16306
2.15125
2.1382
2.12718
2.11598
2.10622
2.10547
3.66441
3.41083
3.14472
2.89391
2.65633
2.44878
2.26773
2.12777
2.02082
1.99554
1.99163
2.00281
2.05701
2.13821
2.15615
2.13196
2.10833
2.0766
2.03187
1.98801
1.94964
1.9304
1.9084
1.89955
1.90786
1.96634
2.08287
2.15713
2.17124
2.18476
2.1869
2.15609
2.12211
2.10845
2.11983
2.13971
2.16567
2.20265
2.25582
2.32118
2.38487
2.44105
2.48775
2.52527
2.55478
2.57775
2.59627
2.60987
2.62093
2.62788
2.63192
2.63475
2.63613
2.63549
2.63019
2.62202
2.61194
2.60069
2.58822
2.57468
2.56023
2.54479
2.52861
2.51181
2.49445
2.47695
2.45922
2.44164
2.42423
2.40716
2.39055
2.37451
2.35934
2.34508
2.33208
2.32046
2.31051
2.30224
2.29575
2.29075
2.28725
2.28453
2.28268
2.2805
2.27834
2.27444
2.26956
2.26228
2.25346
2.24219
2.22919
2.21445
2.19979
2.18374
2.16886
2.15282
2.1389
2.12503
2.11256
2.10849
3.69668
3.46308
3.22507
2.99046
2.77034
2.56582
2.38955
2.23549
2.12154
2.03932
2.0314
2.02512
2.04346
2.09591
2.1692
2.17825
2.1612
2.14159
2.11104
2.07242
2.03954
2.02478
2.01159
2.0205
2.05659
2.18448
2.33499
2.39292
2.40163
2.40124
2.37153
2.30333
2.24642
2.2088
2.19259
2.19867
2.21337
2.23468
2.26383
2.30473
2.36135
2.41963
2.47346
2.51932
2.55546
2.58318
2.60425
2.61979
2.63115
2.63898
2.64307
2.64534
2.64667
2.6465
2.64368
2.63652
2.62708
2.61608
2.6039
2.59077
2.57673
2.56191
2.54638
2.53017
2.51353
2.49657
2.47949
2.46259
2.44596
2.42994
2.41461
2.40029
2.38701
2.37501
2.36439
2.35537
2.34797
2.34217
2.33792
2.33475
2.33267
2.33076
2.32927
2.32668
2.32329
2.31759
2.31009
2.29987
2.28762
2.27248
2.25659
2.23926
2.22212
2.20375
2.18647
2.16847
2.15218
2.13637
2.12165
2.11475
3.72854
3.51188
3.29115
3.07517
2.86564
2.67301
2.49568
2.34235
2.21513
2.11325
2.06438
2.05853
2.0557
2.0743
2.13462
2.19196
2.19566
2.18683
2.16747
2.14775
2.12865
2.11465
2.11363
2.1439
2.23522
2.46212
2.61282
2.62954
2.63153
2.61346
2.53715
2.44668
2.372
2.3197
2.2842
2.26715
2.26521
2.27462
2.28941
2.30985
2.33903
2.38411
2.43703
2.48832
2.5333
2.57001
2.59758
2.61808
2.63235
2.6421
2.64807
2.65038
2.65202
2.65263
2.65168
2.64731
2.6392
2.62908
2.61764
2.6051
2.59166
2.57739
2.56247
2.54697
2.53116
2.5152
2.49929
2.48374
2.4686
2.45422
2.44086
2.42864
2.41786
2.40856
2.40092
2.39486
2.39035
2.38706
2.38474
2.38292
2.38145
2.37968
2.37734
2.3734
2.36754
2.35915
2.34829
2.33453
2.31848
2.30104
2.28286
2.26355
2.24423
2.22412
2.20481
2.18508
2.16669
2.14901
2.13243
2.12247
3.7597
3.55681
3.3521
3.14971
2.95194
2.76809
2.59457
2.44238
2.30664
2.19954
2.11163
2.08339
2.07965
2.08075
2.10095
2.16848
2.20998
2.21757
2.2125
2.20156
2.19648
2.19943
2.22745
2.30175
2.5096
2.76887
2.86465
2.8659
2.85143
2.79533
2.68537
2.58369
2.50056
2.43569
2.38659
2.3522
2.32985
2.31822
2.323
2.33039
2.34164
2.36144
2.3942
2.43906
2.48672
2.53103
2.56889
2.59824
2.62024
2.63478
2.64421
2.64923
2.65089
2.65204
2.65206
2.65051
2.64485
2.63658
2.62655
2.61533
2.60305
2.59
2.57632
2.56208
2.54759
2.53291
2.51844
2.50441
2.49109
2.47887
2.46794
2.4585
2.45062
2.44455
2.44007
2.43714
2.43543
2.43436
2.43363
2.43284
2.4317
2.42959
2.42565
2.41914
2.41014
2.39807
2.38322
2.36624
2.34818
2.32891
2.30886
2.28799
2.26704
2.24568
2.2248
2.20386
2.18398
2.16482
2.14691
2.13431
3.79477
3.60155
3.40998
3.21675
3.03339
2.85243
2.68882
2.53329
2.39941
2.28002
2.18877
2.11607
2.10011
2.09724
2.09788
2.1292
2.19227
2.23223
2.24419
2.24762
2.25616
2.28481
2.3592
2.53146
2.85999
3.06913
3.08535
3.07915
3.04381
2.94128
2.81866
2.7124
2.62468
2.55245
2.49322
2.44528
2.40725
2.37966
2.36144
2.35406
2.35821
2.36467
2.3761
2.39835
2.43579
2.47806
2.52135
2.56082
2.59203
2.61624
2.63224
2.6423
2.64734
2.64904
2.65008
2.64997
2.64791
2.64199
2.63371
2.62392
2.61297
2.60128
2.58895
2.57636
2.56359
2.55099
2.5387
2.52716
2.51648
2.5073
2.4995
2.49332
2.48893
2.48622
2.48478
2.4848
2.48511
2.48541
2.48553
2.48509
2.48382
2.48016
2.4735
2.46335
2.45022
2.43412
2.41664
2.3975
2.37753
2.35627
2.33459
2.3122
2.2898
2.26719
2.24504
2.223
2.20197
2.18164
2.16275
2.14813
3.8356
3.64916
3.46602
3.28356
3.10574
2.93478
2.77158
2.62273
2.48315
2.36444
2.25943
2.17901
2.12406
2.11815
2.11545
2.11894
2.15443
2.21643
2.26029
2.28923
2.32154
2.38927
2.53361
2.89486
3.20783
3.29871
3.29418
3.26722
3.18821
3.05784
2.937
2.83304
2.74411
2.66689
2.59994
2.5415
2.49167
2.45008
2.41655
2.39252
2.37853
2.37658
2.37883
2.38498
2.39765
2.42427
2.46378
2.50652
2.54712
2.58155
2.60811
2.626
2.63733
2.64351
2.64571
2.6473
2.64785
2.6463
2.64069
2.63276
2.62353
2.61332
2.60279
2.59194
2.58139
2.57101
2.56137
2.55253
2.54528
2.53923
2.53529
2.53271
2.53231
2.53293
2.53412
2.53657
2.53819
2.5386
2.53876
2.53759
2.53462
2.52754
2.51668
2.50207
2.48544
2.46678
2.44704
2.42561
2.40362
2.38061
2.35748
2.33385
2.31047
2.2869
2.26396
2.24111
2.21932
2.1981
2.17853
2.16219
3.88839
3.70189
3.5221
3.34805
3.17504
3.01148
2.85269
2.70506
2.56758
2.44417
2.3338
2.24572
2.16782
2.13757
2.13463
2.13273
2.14786
2.19004
2.25965
2.32332
2.3917
2.53266
2.84959
3.28053
3.48347
3.48343
3.46664
3.41326
3.28594
3.15916
3.04628
2.94627
2.85729
2.77666
2.70379
2.63762
2.57866
2.52658
2.4817
2.44514
2.4173
2.39764
2.39259
2.38826
2.39281
2.40168
2.41766
2.45024
2.48969
2.53074
2.56733
2.59666
2.61793
2.6317
2.63981
2.64316
2.64481
2.64551
2.64451
2.63973
2.63311
2.625
2.61653
2.60801
2.59979
2.59237
2.58581
2.58093
2.57737
2.57527
2.57559
2.57655
2.57865
2.58271
2.58713
2.59048
2.59099
2.59118
2.59033
2.58714
2.57986
2.5675
2.55252
2.53479
2.51582
2.49452
2.47257
2.44901
2.4254
2.40081
2.37656
2.35179
2.3276
2.30328
2.27974
2.25636
2.23408
2.21234
2.1924
2.17491
3.95511
3.76043
3.58024
3.41071
3.24398
3.08186
2.93036
2.78209
2.64924
2.52138
2.41224
2.31119
2.23463
2.16717
2.15505
2.15405
2.15979
2.19019
2.263
2.35762
2.48705
2.74911
3.27308
3.60317
3.65695
3.6453
3.60491
3.50073
3.37196
3.25411
3.14851
3.05257
2.96357
2.88055
2.80304
2.73134
2.66609
2.60665
2.55476
2.50898
2.47071
2.44009
2.41775
2.40643
2.39975
2.39765
2.40428
2.41536
2.43663
2.47271
2.5111
2.54858
2.58104
2.60616
2.62326
2.6336
2.63963
2.64149
2.64261
2.64277
2.64058
2.63531
2.62966
2.624
2.61856
2.61488
2.61214
2.61169
2.61222
2.6137
2.61683
2.62252
2.62878
2.63426
2.6389
2.63924
2.63943
2.63855
2.63522
2.62678
2.61386
2.59794
2.58027
2.56
2.53854
2.51517
2.49129
2.46622
2.44117
2.41551
2.39025
2.36477
2.34
2.31523
2.29143
2.26779
2.24543
2.22356
2.20362
2.18566
4.02523
3.82086
3.64184
3.47136
3.31084
3.1527
3.00264
2.85876
2.72494
2.59866
2.48547
2.38291
2.29771
2.22277
2.18715
2.18428
2.1902
2.21463
2.28457
2.41241
2.6335
3.14053
3.64418
3.80414
3.79681
3.76609
3.68814
3.56603
3.44764
3.34057
3.2418
3.14951
3.06071
2.97761
2.89874
2.82546
2.75677
2.69356
2.63602
2.58354
2.53806
2.49803
2.46493
2.43899
2.42263
2.41181
2.40351
2.40725
2.41462
2.42708
2.45216
2.48791
2.52615
2.56096
2.58903
2.60969
2.62345
2.63159
2.63677
2.63911
2.63982
2.64047
2.63977
2.63766
2.63633
2.63697
2.63831
2.64114
2.6464
2.65378
2.66129
2.6698
2.67661
2.68208
2.68276
2.68264
2.68138
2.67739
2.66841
2.65497
2.63895
2.62029
2.59989
2.57756
2.55417
2.52957
2.50444
2.47867
2.45285
2.42682
2.40122
2.37559
2.35085
2.32609
2.30254
2.279
2.257
2.23521
2.21562
2.19754
4.12636
3.89859
3.70804
3.5365
3.37629
3.22315
3.07461
2.93367
2.80009
2.67585
2.55856
2.45604
2.36349
2.2884
2.23722
2.23313
2.23852
2.26719
2.34064
2.51483
2.87699
3.54163
3.87812
3.89947
3.88472
3.842
3.7366
3.62539
3.52003
3.42377
3.33146
3.24375
3.15882
3.07762
2.999
2.92473
2.85357
2.78766
2.72493
2.6683
2.61494
2.56807
2.52517
2.48906
2.45811
2.43618
2.42005
2.4087
2.4021
2.40729
2.41549
2.43123
2.4632
2.4976
2.53321
2.56423
2.59003
2.60828
2.62093
2.62989
2.63568
2.64084
2.64517
2.64898
2.65282
2.65857
2.66532
2.6735
2.68319
2.69413
2.70457
2.7146
2.72091
2.72228
2.72226
2.72109
2.71709
2.70763
2.69459
2.67784
2.65907
2.6376
2.61514
2.59068
2.5661
2.54004
2.51445
2.48779
2.462
2.43555
2.41022
2.38457
2.36016
2.33568
2.31255
2.28954
2.26803
2.24695
2.22785
2.21034
4.18361
3.9801
3.77825
3.60441
3.44303
3.29243
3.14542
3.00868
2.87185
2.75249
2.63214
2.52969
2.43589
2.35573
2.31816
2.31504
2.32649
2.37132
2.47565
2.7222
3.29127
3.80094
3.98144
3.97843
3.95754
3.90516
3.81369
3.71591
3.62198
3.53089
3.44429
3.35838
3.27596
3.19392
3.11536
3.0377
2.96314
2.8906
2.82283
2.75819
2.69918
2.64348
2.59318
2.54724
2.50626
2.47162
2.44316
2.42448
2.40817
2.39563
2.39807
2.40288
2.41243
2.43284
2.46519
2.50237
2.53759
2.56794
2.59271
2.61159
2.62652
2.63904
2.6502
2.66085
2.67142
2.6827
2.69538
2.70878
2.72255
2.735
2.74792
2.75529
2.75811
2.75847
2.75706
2.75264
2.74377
2.73047
2.714
2.6946
2.67337
2.64997
2.62567
2.60001
2.57417
2.54756
2.52123
2.49448
2.46835
2.44208
2.41678
2.39157
2.36755
2.34367
2.32104
2.29859
2.27756
2.25699
2.2384
2.22148
4.19956
4.08526
3.86591
3.67915
3.513
3.36338
3.2152
3.08272
2.94618
2.82627
2.70875
2.60406
2.51642
2.43423
2.42761
2.42944
2.45514
2.53706
2.71354
3.15187
3.59794
3.88738
4.01953
4.02096
4.01253
3.98599
3.92049
3.82805
3.73681
3.64735
3.5604
3.47406
3.38914
3.30493
3.22222
3.13998
3.06112
2.9842
2.91185
2.84314
2.77899
2.7184
2.66217
2.60866
2.56078
2.51645
2.47923
2.44704
2.42455
2.40461
2.39062
2.3839
2.38714
2.39409
2.40825
2.4388
2.47446
2.5128
2.54893
2.58127
2.60892
2.63293
2.65373
2.67312
2.69131
2.70971
2.72754
2.745
2.76106
2.77564
2.7846
2.78857
2.78875
2.78722
2.78321
2.77466
2.76119
2.74413
2.72487
2.70306
2.68003
2.65524
2.63022
2.60398
2.57812
2.5514
2.52547
2.49898
2.47361
2.44796
2.42359
2.39902
2.37581
2.35253
2.33069
2.30901
2.28884
2.2693
2.25158
2.23612
4.19922
4.13129
3.96583
3.76404
3.58724
3.43622
3.28718
3.15529
3.02209
2.90144
2.78672
2.68626
2.6001
2.56017
2.55702
2.57518
2.63855
2.79115
3.16782
3.51476
3.75119
3.90765
4.009
4.03813
4.03766
4.02692
3.99511
3.92758
3.845
3.75741
3.66791
3.57977
3.4926
3.40754
3.32237
3.2396
3.15722
3.07837
3.00179
2.92941
2.85971
2.79423
2.7313
2.67314
2.61812
2.56837
2.52285
2.48279
2.44846
2.42115
2.40034
2.38314
2.37259
2.37429
2.37924
2.38993
2.41239
2.44867
2.49087
2.53521
2.57811
2.61699
2.6517
2.68258
2.7105
2.73575
2.75892
2.77961
2.79594
2.80789
2.81423
2.81469
2.81369
2.81071
2.8034
2.78969
2.77303
2.75358
2.73239
2.70907
2.68509
2.65959
2.63414
2.60754
2.58157
2.55492
2.52936
2.50346
2.47872
2.45377
2.43
2.40616
2.38355
2.36101
2.33989
2.31905
2.29988
2.28153
2.26493
2.25146
4.17418
4.14139
4.05176
3.85373
3.66664
3.50981
3.36112
3.22675
3.09781
2.97854
2.8702
2.77588
2.71939
2.7126
2.72495
2.77941
2.9185
3.27043
3.57913
3.74536
3.83123
3.90102
3.96459
4.0177
4.04182
4.04252
4.0346
4.00898
3.95152
3.867
3.77458
3.68289
3.5923
3.50447
3.41703
3.33115
3.24705
3.16508
3.08599
3.01022
2.93709
2.86787
2.8015
2.73871
2.67985
2.62421
2.57322
2.52635
2.48412
2.44816
2.41739
2.39625
2.37745
2.36667
2.36736
2.37102
2.37978
2.39793
2.43331
2.48288
2.53677
2.59108
2.64219
2.68838
2.72786
2.7614
2.78884
2.8089
2.8261
2.8355
2.83636
2.83565
2.83346
2.82625
2.81277
2.79589
2.77709
2.75563
2.73322
2.70905
2.68477
2.65895
2.63362
2.60728
2.58209
2.55623
2.53163
2.5065
2.48264
2.45841
2.43553
2.41246
2.39081
2.36926
2.34922
2.32975
2.31189
2.2955
2.28042
2.26982
4.12341
4.11732
4.07393
3.96093
3.76192
3.59044
3.43873
3.30207
3.17531
3.06164
2.96262
2.89665
2.88651
2.89614
2.94655
3.08574
3.43473
3.7271
3.84839
3.88607
3.89185
3.90187
3.92388
3.96624
4.02244
4.05714
4.0582
4.05093
4.02701
3.97079
3.88219
3.78553
3.6903
3.59765
3.50777
3.41995
3.3346
3.2506
3.16995
3.09018
3.01474
2.9406
2.87104
2.80418
2.74113
2.68218
2.62646
2.57514
2.52798
2.48491
2.44848
2.41646
2.39338
2.37735
2.36874
2.37031
2.37518
2.38496
2.40386
2.44071
2.48898
2.54979
2.61293
2.67334
2.72737
2.77082
2.80545
2.82976
2.84605
2.8501
2.85048
2.84916
2.84293
2.83017
2.81482
2.79659
2.77658
2.75461
2.73219
2.70808
2.6839
2.65827
2.6335
2.60786
2.58348
2.5583
2.53446
2.50994
2.48678
2.46324
2.44105
2.4189
2.39814
2.3778
2.35906
2.3412
2.32515
2.3112
2.29804
2.29076
3.90396
4.08972
4.07294
4.01143
3.86055
3.67743
3.51963
3.38175
3.25991
3.15574
3.08601
3.07403
3.08321
3.13655
3.28263
3.64712
3.92784
4.01083
4.01333
3.99762
3.94836
3.91386
3.91893
3.93711
3.97483
4.0404
4.07319
4.07384
4.06549
4.03853
3.97977
3.88794
3.78876
3.69158
3.59641
3.50589
3.41763
3.33192
3.2487
3.16722
3.08849
3.01254
2.93926
2.87038
2.80368
2.7422
2.68273
2.62808
2.57657
2.5294
2.48764
2.45074
2.42124
2.39887
2.38277
2.38433
2.38672
2.39378
2.40711
2.43243
2.47136
2.51835
2.58017
2.64415
2.70487
2.75884
2.80053
2.83026
2.85009
2.85257
2.85248
2.84968
2.84225
2.82713
2.80959
2.78978
2.76964
2.74796
2.72577
2.70172
2.67796
2.65337
2.62979
2.60538
2.58204
2.55798
2.53512
2.51177
2.48971
2.46734
2.44649
2.42553
2.40643
2.38756
2.37088
2.35508
2.34184
2.33046
2.31981
2.31703
3.36727
3.99192
4.05096
4.02287
3.94759
3.77418
3.60843
3.47042
3.35597
3.28475
3.27194
3.28173
3.34491
3.51361
3.89336
4.16432
4.21331
4.20842
4.17286
4.07802
3.98653
3.93623
3.93635
3.94356
3.96313
4.00531
4.06124
4.08207
4.08166
4.07192
4.04304
3.97737
3.88688
3.78842
3.68882
3.5934
3.50057
3.41232
3.32651
3.24345
3.16276
3.08425
3.00864
2.9364
2.86709
2.80258
2.74035
2.68334
2.62901
2.57946
2.53486
2.49478
2.46223
2.43549
2.41644
2.40908
2.41058
2.41531
2.42525
2.44366
2.47768
2.51555
2.56114
2.61353
2.6682
2.72155
2.76713
2.8037
2.82879
2.83984
2.84021
2.83835
2.83301
2.81885
2.80161
2.78177
2.76185
2.73981
2.71821
2.69491
2.67275
2.64897
2.62666
2.60298
2.58105
2.55788
2.53632
2.51374
2.49274
2.47139
2.45161
2.43231
2.41453
2.398
2.38328
2.37087
2.36011
2.35218
2.34614
2.34706
2.32837
3.68486
4.01494
4.01074
3.97605
3.88516
3.71864
3.5767
3.49412
3.47982
3.49124
3.56564
3.77056
4.17392
4.43647
4.45578
4.44231
4.39032
4.25479
4.13179
4.04222
3.98652
3.96926
3.97126
3.97867
3.99653
4.03297
4.06816
4.07934
4.07891
4.0694
4.03667
3.96825
3.87976
3.78266
3.68427
3.58735
3.49359
3.40434
3.31738
3.23505
3.15372
3.07681
3.00168
2.93091
2.86363
2.79996
2.74115
2.68517
2.63492
2.58836
2.54806
2.51377
2.4858
2.46587
2.45163
2.45357
2.45611
2.46246
2.4745
2.49549
2.52661
2.5556
2.5902
2.6299
2.67093
2.71182
2.74861
2.77895
2.7999
2.80727
2.80713
2.80494
2.79908
2.78439
2.76679
2.74716
2.72666
2.70571
2.68449
2.66324
2.64184
2.62043
2.59905
2.5776
2.55658
2.53554
2.51526
2.49517
2.47614
2.45773
2.44088
2.4252
2.41172
2.40033
2.39139
2.38378
2.38107
2.38002
2.38312
1.94127
2.90849
3.82375
3.99025
3.97937
3.94271
3.84401
3.72737
3.70861
3.71848
3.80539
4.04947
4.4815
4.73353
4.73372
4.70693
4.62804
4.46104
4.31519
4.20418
4.12426
4.06672
4.0308
4.01119
4.00816
4.01057
4.0196
4.04048
4.06319
4.06665
4.06567
4.05577
4.02439
3.95565
3.86737
3.77165
3.67284
3.57585
3.48211
3.39161
3.30604
3.22289
3.14406
3.06759
2.99526
2.92642
2.86198
2.80172
2.74611
2.69543
2.64974
2.60987
2.57562
2.5482
2.52859
2.51482
2.51206
2.51357
2.51631
2.52195
2.53272
2.54787
2.56236
2.58085
2.60013
2.62421
2.6498
2.68024
2.70864
2.73471
2.75193
2.76234
2.7624
2.76095
2.75706
2.74581
2.72919
2.70983
2.69006
2.66988
2.64998
2.63
2.61015
2.59022
2.57045
2.55081
2.53167
2.51299
2.49511
2.47815
2.46239
2.44818
2.436
2.42639
2.41904
2.41415
2.41344
2.41326
2.41628
2.42901
1.72295
2.10363
3.34818
3.89673
3.99113
3.97909
3.95981
3.94095
3.95648
4.06733
4.38569
4.82882
5.05097
5.04515
4.99864
4.87606
4.692
4.5324
4.40986
4.31294
4.23493
4.16934
4.11445
4.07263
4.04586
4.02723
4.02519
4.02769
4.03488
4.04825
4.0483
4.04438
4.03187
4.00204
3.9364
3.84928
3.75398
3.65645
3.56052
3.4668
3.37809
3.2928
3.21201
3.13433
3.06093
2.99152
2.92675
2.86707
2.81237
2.76263
2.7184
2.68006
2.64866
2.6237
2.60572
2.59344
2.5864
2.58403
2.5825
2.58142
2.57902
2.57787
2.57752
2.57839
2.58003
2.58266
2.59174
2.60967
2.63013
2.65202
2.6741
2.69283
2.70517
2.71005
2.7095
2.70703
2.70185
2.68752
2.67116
2.65273
2.63431
2.61568
2.59747
2.57937
2.56156
2.5441
2.52704
2.51067
2.49523
2.48093
2.46836
2.45746
2.45026
2.44349
2.44244
2.44164
2.44359
2.44909
2.45791
2.48636
1.59612
1.78849
2.31473
3.58611
3.95287
4.0437
4.08308
4.17346
4.38136
4.81149
5.23557
5.39489
5.37919
5.30933
5.13606
4.93546
4.76738
4.63549
4.53089
4.44057
4.35868
4.28236
4.21264
4.15048
4.10066
4.06323
4.03676
4.02131
4.01814
4.01965
4.02083
4.01991
4.01479
4.00082
3.96857
3.90396
3.8208
3.72821
3.6325
3.53778
3.44682
3.36003
3.27752
3.19933
3.12551
3.05628
2.99233
2.934
2.88116
2.83462
2.79365
2.75962
2.73143
2.71022
2.6931
2.68129
2.66945
2.6606
2.6487
2.63748
2.62237
2.60708
2.5897
2.57481
2.55984
2.54866
2.54788
2.5486
2.55279
2.56265
2.58224
2.60238
2.62272
2.63794
2.64911
2.65088
2.65012
2.64732
2.64121
2.62684
2.61147
2.59464
2.5781
2.56181
2.54628
2.53125
2.51724
2.50401
2.49238
2.48208
2.47429
2.46894
2.4665
2.4659
2.46732
2.47122
2.48273
2.50097
2.51309
2.55015
1.52498
1.65051
1.91944
2.80708
3.75344
4.06563
4.29623
4.62604
5.26623
5.72116
5.7908
5.75785
5.65121
5.40135
5.18889
5.01126
4.87419
4.7636
4.66566
4.57338
4.48272
4.39542
4.31122
4.23359
4.16448
4.10596
4.06096
4.02418
4.00099
3.98866
3.98284
3.98004
3.97655
3.96825
3.95163
3.91499
3.85566
3.78077
3.69545
3.60522
3.51503
3.42703
3.34247
3.26392
3.19054
3.12254
3.06055
3.00493
2.95557
2.91316
2.87652
2.84704
2.82248
2.80303
2.78625
2.76966
2.75312
2.73265
2.71111
2.68522
2.65829
2.62856
2.59951
2.57028
2.54381
2.52049
2.50282
2.49072
2.48973
2.49044
2.49514
2.50605
2.52578
2.54612
2.56572
2.5794
2.58966
2.59018
2.5897
2.58737
2.58052
2.56768
2.55403
2.54
2.52652
2.51402
2.50311
2.49334
2.48657
2.48074
2.47977
2.47959
2.48087
2.48482
2.49563
2.51132
2.52983
2.55536
2.57065
2.61018
1.46787
1.55897
1.71431
2.0835
3.25819
3.97513
4.72072
5.6414
6.20551
6.20919
6.14788
5.96605
5.68501
5.44202
5.25134
5.10979
4.99635
4.8958
4.79675
4.6985
4.59858
4.50077
4.405
4.31464
4.23011
4.15448
4.08929
4.0356
3.99096
3.95961
3.93916
3.92685
3.91886
3.91202
3.90224
3.88377
3.84908
3.79493
3.72728
3.65024
3.56817
3.48506
3.40483
3.32638
3.25426
3.18815
3.12985
3.07804
3.03384
2.99599
2.9647
2.93802
2.91573
2.89419
2.87299
2.84851
2.82127
2.78903
2.75482
2.7163
2.67774
2.63664
2.59776
2.55845
2.524
2.49073
2.46434
2.4408
2.42587
2.41869
2.4184
2.42015
2.42679
2.44249
2.46314
2.48354
2.50252
2.51469
2.52433
2.5253
2.52548
2.52406
2.51868
2.50906
2.49947
2.49042
2.48359
2.47804
2.47766
2.47827
2.48032
2.48475
2.49628
2.51104
2.53102
2.55444
2.57828
2.60646
2.62258
2.65918
1.44399
1.4924
1.61285
1.81627
2.35794
3.63812
5.74885
6.66885
6.6745
6.55789
6.23914
5.93366
5.68579
5.48608
5.33777
5.22271
5.1179
5.01523
4.90909
4.80208
4.69326
4.58686
4.48189
4.38124
4.28468
4.19495
4.11281
4.04076
3.97841
3.92645
3.88697
3.85888
3.84011
3.82785
3.81891
3.80881
3.79107
3.76128
3.71559
3.65596
3.58958
3.51743
3.44617
3.37478
3.3087
3.24682
3.19277
3.14626
3.10701
3.07412
3.04571
3.02042
2.99526
2.96887
2.93874
2.90409
2.86477
2.82174
2.7756
2.728
2.67929
2.63124
2.58411
2.53966
2.49701
2.45951
2.42365
2.39515
2.36898
2.35215
2.34035
2.33947
2.3401
2.34443
2.35537
2.37481
2.39728
2.41821
2.43635
2.44874
2.45774
2.46209
2.46339
2.46393
2.46267
2.45876
2.45893
2.46026
2.46315
2.46824
2.47945
2.49359
2.51499
2.53903
2.56607
2.59389
2.6197
2.64637
2.66037
2.69051
1.42922
1.47254
1.55904
1.75515
2.1626
3.32409
6.38553
6.73702
6.65809
6.34181
6.02452
5.78678
5.61299
5.48266
5.37694
5.27548
5.17083
5.06274
4.95077
4.83763
4.72397
4.61141
4.50131
4.39377
4.28986
4.19089
4.09726
4.01199
3.93576
3.86835
3.81214
3.76789
3.73524
3.71293
3.69849
3.68928
3.68112
3.66668
3.64445
3.60877
3.56139
3.50767
3.45049
3.39326
3.33636
3.28489
3.23811
3.19879
3.16377
3.13432
3.10538
3.07697
3.04501
3.00984
2.9687
2.92332
2.87333
2.82122
2.76679
2.71254
2.65782
2.60541
2.55394
2.50619
2.45997
2.41839
2.3791
2.34537
2.31435
2.29027
2.27035
2.2579
2.25556
2.25584
2.25897
2.26678
2.28556
2.30811
2.33163
2.35307
2.37121
2.38545
2.39633
2.40477
2.41193
2.41755
2.42421
2.43427
2.44507
2.45797
2.47931
2.50348
2.53229
2.56203
2.59235
2.62058
2.64452
2.66644
2.67638
2.69901
1.42453
1.4641
1.53982
1.72115
2.08629
3.19166
6.33463
6.31455
6.12104
5.87173
5.69385
5.57183
5.4804
5.3998
5.31276
5.21694
5.11285
5.00491
4.89291
4.77974
4.6657
4.55136
4.43956
4.33006
4.22359
4.12082
4.02271
3.93057
3.84593
3.76978
3.70288
3.64637
3.60155
3.56816
3.54538
3.53146
3.52432
3.52005
3.51246
3.49976
3.47666
3.44511
3.40737
3.36759
3.32716
3.28892
3.25292
3.21983
3.18986
3.15961
3.12817
3.09239
3.05286
3.00696
2.95703
2.90231
2.84603
2.78736
2.72939
2.67109
2.61516
2.56048
2.50885
2.45923
2.41311
2.36884
2.32913
2.29159
2.25924
2.2294
2.20598
2.18606
2.17365
2.17005
2.1704
2.17308
2.18009
2.19683
2.21955
2.24583
2.27072
2.29489
2.3152
2.33433
2.35068
2.36738
2.38427
2.40285
2.42354
2.44922
2.47713
2.50927
2.54111
2.57355
2.60187
2.62745
2.64583
2.6622
2.66726
2.68318
1.42381
1.45992
1.53561
1.70703
2.05501
3.15366
6.21418
6.01151
5.70062
5.54754
5.47045
5.4085
5.34752
5.27401
5.18674
5.09104
4.98841
4.88238
4.77376
4.66334
4.55184
4.43951
4.32721
4.21775
4.11047
4.00772
3.908
3.81481
3.72666
3.64665
3.57423
3.51068
3.45761
3.41529
3.38386
3.3634
3.35234
3.35059
3.35109
3.35124
3.34837
3.33855
3.32273
3.30224
3.28068
3.2564
3.23069
3.20291
3.17394
3.14044
3.10201
3.0578
3.00846
2.95478
2.89787
2.83919
2.77968
2.72063
2.66258
2.60632
2.55187
2.49955
2.44949
2.40183
2.35687
2.31419
2.27417
2.2369
2.20262
2.17175
2.14429
2.1214
2.10286
2.0902
2.08665
2.08701
2.08936
2.09657
2.1119
2.13643
2.16455
2.19464
2.22412
2.25322
2.28081
2.30902
2.33689
2.36704
2.39877
2.43341
2.46808
2.50337
2.53573
2.56539
2.58925
2.6088
2.62164
2.63183
2.63427
2.64424
1.42514
1.45594
1.53721
1.69961
2.04675
3.1409
6.19649
5.92434
5.58191
5.43082
5.36138
5.3027
5.23499
5.15463
5.06441
4.96713
4.86619
4.76067
4.65311
4.54486
4.43403
4.32396
4.21393
4.10459
3.99965
3.89718
3.79881
3.70637
3.61715
3.53592
3.46056
3.39262
3.33467
3.28467
3.24706
3.21903
3.20257
3.20099
3.2023
3.20575
3.21342
3.21991
3.22186
3.22068
3.21696
3.20293
3.18455
3.15958
3.13053
3.09314
3.05073
3.00157
2.94913
2.89231
2.83461
2.77557
2.7174
2.6597
2.60374
2.54919
2.49665
2.44598
2.39731
2.35084
2.30642
2.26446
2.2242
2.1869
2.15124
2.11929
2.08902
2.06353
2.04038
2.02359
2.01021
2.00861
2.00882
2.01147
2.01798
2.03619
2.0617
2.09488
2.12888
2.16754
2.2046
2.24516
2.28373
2.32554
2.36569
2.40695
2.44423
2.47944
2.5081
2.53265
2.54991
2.56337
2.57074
2.57554
2.57638
2.5816
1.42254
1.45952
1.53141
1.70266
2.04086
3.13477
6.18785
5.89639
5.53588
5.37757
5.30789
5.24717
5.17271
5.0862
4.99217
4.89122
4.78716
4.68039
4.57207
4.46182
4.35314
4.24318
4.13432
4.02777
3.92234
3.82041
3.72301
3.62907
3.53968
3.45718
3.37921
3.30886
3.24717
3.19267
3.14988
3.1175
3.09532
3.09343
3.09393
3.09716
3.10662
3.12585
3.14184
3.15722
3.15715
3.15489
3.14912
3.13075
3.09983
3.05849
3.01184
2.95801
2.90201
2.84257
2.78377
2.72431
2.66657
2.60968
2.55475
2.50147
2.4501
2.40056
2.35269
2.30662
2.26218
2.21963
2.17899
2.14027
2.10397
2.06976
2.03875
2.01016
1.98582
1.96473
1.94918
1.93996
1.94006
1.9416
1.94622
1.95676
1.9793
2.01046
2.04866
2.09149
2.13907
2.18759
2.23811
2.28707
2.33435
2.37733
2.41499
2.44633
2.47055
2.48935
2.50133
2.50997
2.51372
2.51524
2.51487
2.51673
1.4224
1.45938
1.5308
1.70183
2.03894
3.12868
6.18058
5.88624
5.51501
5.35327
5.28788
5.23078
5.15568
5.06701
4.96857
4.86413
4.75756
4.64766
4.5375
4.42682
4.31681
4.20657
4.09891
3.99162
3.88692
3.7846
3.68733
3.59134
3.50251
3.41821
3.33824
3.26706
3.20227
3.14521
3.09941
3.06395
3.03858
3.03587
3.03585
3.03929
3.04942
3.07386
3.10024
3.12323
3.13253
3.13123
3.1257
3.11222
3.08612
3.03973
2.9881
2.92973
2.86932
2.80796
2.74729
2.68753
2.62925
2.57225
2.51755
2.46444
2.41325
2.36389
2.31582
2.26974
2.22508
2.18253
2.14182
2.10313
2.06673
2.03243
2.00094
1.97213
1.94669
1.92461
1.90772
1.89379
1.89364
1.89449
1.89765
1.90516
1.92272
1.95166
1.99062
2.03698
2.0897
2.14617
2.2032
2.2578
2.3082
2.35051
2.38641
2.413
2.4333
2.44626
2.45526
2.45906
2.46007
2.45944
2.45711
2.45745
1.42478
1.45534
1.53569
1.69682
2.04064
3.12445
6.1767
5.88281
5.50716
5.34386
5.28194
5.22848
5.15513
5.06621
4.96613
4.86067
4.75285
4.64159
4.53076
4.41958
4.30855
4.19856
4.09021
3.98344
3.87781
3.77637
3.67744
3.58172
3.49192
3.40695
3.32612
3.25394
3.1881
3.12956
3.08218
3.04518
3.01824
3.01515
3.01409
3.01896
3.02837
3.05591
3.08497
3.11533
3.12582
3.12495
3.11964
3.10675
3.08138
3.03319
2.97893
2.91678
2.85411
2.79094
2.72895
2.66822
2.60898
2.55195
2.49687
2.44401
2.39259
2.3434
2.29515
2.24936
2.20464
2.16227
2.12155
2.08297
2.04656
2.01237
1.98078
1.95183
1.92602
1.90345
1.88572
1.87072
1.86849
1.86921
1.872
1.8788
1.89361
1.92118
1.95963
2.00709
2.0627
2.12251
2.18267
2.23987
2.28994
2.33179
2.36486
2.38909
2.40595
2.41728
2.42285
2.42583
2.42443
2.42309
2.41957
2.41983
)
;

boundaryField
{
    inlet
    {
        type            calculated;
        value           uniform 1.40001;
    }
    outlet
    {
        type            calculated;
        value           nonuniform List<scalar> 
40
(
1.81193
1.91992
1.96751
2.02281
2.05384
2.07478
2.0844
2.09336
2.09803
2.10148
2.10815
2.11623
2.12835
2.14239
2.15662
2.16946
2.18031
2.19225
2.20508
2.21624
2.23087
2.24618
2.26449
2.28535
2.3115
2.34142
2.37729
2.42288
2.47988
2.5433
2.603
2.65176
2.68294
2.69138
2.67559
2.63673
2.57427
2.50958
2.45047
2.41295
)
;
    }
    bottom
    {
        type            symmetryPlane;
    }
    top
    {
        type            symmetryPlane;
    }
    obstacle
    {
        type            calculated;
        value           nonuniform List<scalar> 
110
(
5.98656
5.98771
5.97621
5.95239
5.91921
5.87218
5.80301
5.69946
5.53096
5.25968
1.9014
1.05421
0.78244
0.764684
0.868042
1.12541
1.39152
1.47642
1.54119
1.57078
1.57012
1.56277
1.55991
1.56495
1.5613
1.55509
1.54574
1.53177
1.52032
1.50688
1.49358
1.48085
1.46366
1.45373
1.45069
1.45081
1.45275
1.46682
1.49335
1.53408
1.58467
1.64088
1.69997
1.75824
1.81372
1.8642
1.90896
1.95025
1.98622
2.01938
2.04851
2.0736
2.09644
2.11577
2.13189
2.14321
2.15321
2.15848
2.16366
2.16491
2.16684
2.16233
2.16021
2.1527
2.148
2.13764
2.13058
2.11783
2.10871
2.09434
2.08358
2.06792
2.05581
2.03919
2.026
2.00865
1.99463
1.97681
1.96225
1.94423
1.92934
1.91148
1.89648
1.87921
1.86432
1.84801
1.83348
1.81867
1.80499
1.79216
1.78017
1.76961
1.76034
1.75268
1.74692
1.7432
1.7432
1.74378
1.74533
1.74849
1.75428
1.763
1.77105
1.78168
1.78995
1.79947
1.80555
1.81107
1.81398
1.81959
)
;
    }
    defaultFaces
    {
        type            empty;
    }
}


// ************************************************************************* //
