/*--------------------------------*- C++ -*----------------------------------*\
  =========                 |
  \\      /  F ield         | OpenFOAM: The Open Source CFD Toolbox
   \\    /   O peration     | Website:  https://openfoam.org
    \\  /    A nd           | Version:  10
     \\/     M anipulation  |
\*---------------------------------------------------------------------------*/
FoamFile
{
    format      ascii;
    class       volScalarField;
    location    "9.5";
    object      Ma;
}
// * * * * * * * * * * * * * * * * * * * * * * * * * * * * * * * * * * * * * //

dimensions      [0 0 0 0 0 0 0];

internalField   nonuniform List<scalar> 
5250
(
2.99999
2.99996
2.99987
2.99967
2.99917
2.99795
2.99496
2.98736
2.96945
2.92275
2.81023
2.52882
1.92041
0.936791
0.382785
0.334765
0.346715
0.33872
0.304787
0.252108
0.203394
0.162444
0.121172
0.0755921
0.0419816
2.99999
2.99996
2.99987
2.99969
2.99915
2.99803
2.99488
2.98776
2.96926
2.92442
2.81121
2.5343
1.92936
0.948391
0.390536
0.336285
0.348373
0.340858
0.307428
0.255716
0.208212
0.168628
0.129578
0.0892517
0.0652793
2.99999
2.99996
2.99988
2.99967
2.99923
2.99793
2.99533
2.98731
2.97127
2.92401
2.818
2.54212
1.9503
0.974171
0.408016
0.340268
0.353007
0.347015
0.315068
0.265808
0.221216
0.185071
0.151122
0.119428
0.103831
2.99999
2.99996
2.99989
2.99968
2.99925
2.99804
2.99531
2.98827
2.97106
2.9286
2.82195
2.55917
1.98044
1.01467
0.434626
0.345779
0.360125
0.356924
0.327284
0.281598
0.240929
0.209307
0.18117
0.156801
0.145937
2.99999
2.99996
2.99989
2.99972
2.99925
2.99819
2.99548
2.98882
2.97268
2.93146
2.83108
2.57929
2.02223
1.07098
0.470252
0.352354
0.369417
0.370183
0.343391
0.301956
0.265727
0.238935
0.216407
0.197933
0.190356
3
2.99996
2.9999
2.99972
2.99934
2.99821
2.99598
2.98903
2.97527
2.9344
2.84345
2.60354
2.07624
1.14593
0.515142
0.360125
0.381164
0.386964
0.363318
0.326619
0.295192
0.27354
0.256697
0.243899
0.239804
3
2.99997
2.9999
2.99976
2.99935
2.99849
2.99594
2.99084
2.97525
2.9431
2.85164
2.63891
2.14009
1.24296
0.570553
0.370374
0.396138
0.407718
0.387274
0.355509
0.32917
0.313019
0.302378
0.296123
0.297432
3
2.99997
2.99991
2.99978
2.99941
2.99861
2.99646
2.99135
2.9787
2.94699
2.869
2.67314
2.21969
1.36602
0.636896
0.385599
0.416259
0.433328
0.415654
0.388853
0.36773
0.357683
0.354382
0.357022
0.368885
3
2.99998
2.99993
2.9998
2.9995
2.99875
2.9969
2.99246
2.98096
2.95416
2.88413
2.71435
2.3091
1.51657
0.715275
0.412722
0.445917
0.46571
0.450138
0.427685
0.411773
0.407839
0.413405
0.430416
0.464762
3
2.99998
2.99994
2.99982
2.99959
2.99886
2.99751
2.99303
2.98469
2.95876
2.90367
2.75344
2.40872
1.69741
0.806675
0.458392
0.490042
0.506695
0.493101
0.473547
0.46203
0.463726
0.482416
0.526414
0.627775
3
2.99998
2.99995
2.99985
2.99963
2.99904
2.99776
2.9941
2.98654
2.96431
2.9166
2.78632
2.48329
1.83515
0.892582
0.499828
0.525115
0.541425
0.536419
0.522087
0.515523
0.524981
0.561142
0.641857
0.800948
3
2.99999
2.99995
2.99988
2.99966
2.99923
2.99792
2.99522
2.98757
2.97039
2.92527
2.81654
2.54498
1.95831
1.01517
0.566147
0.549528
0.565727
0.571471
0.566673
0.567983
0.586898
0.636792
0.733447
0.890104
3
2.99999
2.99996
2.99989
2.99972
2.99931
2.99825
2.99587
2.98921
2.975
2.93474
2.84371
2.60586
2.08374
1.17529
0.651146
0.566369
0.58408
0.598926
0.605112
0.615918
0.643947
0.699268
0.790908
0.918524
3
2.99999
2.99997
2.99991
2.99977
2.99942
2.99856
2.99638
2.99139
2.97781
2.9474
2.86582
2.671
2.21383
1.37
0.752524
0.587384
0.603514
0.623584
0.639601
0.658353
0.691688
0.746525
0.826812
0.932486
3
3
2.99997
2.99993
2.9998
2.99955
2.99876
2.99721
2.9926
2.98275
2.95583
2.89325
2.73138
2.35508
1.60389
0.873732
0.627563
0.634949
0.653342
0.674189
0.696676
0.730978
0.782528
0.853228
0.943007
3
3
2.99998
2.99994
2.99986
2.9996
2.9991
2.99762
2.99444
2.98591
2.96592
2.91546
2.79183
2.49253
1.86614
1.01384
0.688492
0.677992
0.69205
0.712548
0.733908
0.765922
0.812522
0.874743
0.952054
3.00001
3
2.99999
2.99996
2.99989
2.99969
2.99928
2.99806
2.9957
2.98823
2.97374
2.93032
2.83496
2.58534
2.04961
1.1689
0.757925
0.71313
0.727256
0.746213
0.768056
0.797638
0.83909
0.893114
0.959488
3.00001
3
2.99999
2.99997
2.99991
2.99977
2.99939
2.9986
2.99623
2.99159
2.97723
2.9481
2.86498
2.6734
2.22029
1.39868
0.867553
0.744718
0.754214
0.772497
0.796199
0.824881
0.86221
0.908988
0.965593
3.00001
3
2.99999
2.99998
2.99993
2.99983
2.99952
2.99894
2.99706
2.99362
2.98241
2.96054
2.89639
2.75156
2.39328
1.68456
1.00516
0.790931
0.783849
0.797631
0.821867
0.849505
0.882544
0.922503
0.97035
3.00001
3
3
2.99998
2.99995
2.99986
2.99967
2.99912
2.99803
2.99466
2.98823
2.96823
2.92738
2.8133
2.5535
1.98369
1.17463
0.857155
0.82023
0.829186
0.849306
0.873969
0.901043
0.934429
0.973242
3.00001
3
3
2.99999
2.99997
2.99989
2.99976
2.99934
2.9985
2.99608
2.99082
2.9768
2.94395
2.8605
2.6581
2.19719
1.39063
0.945361
0.852778
0.857289
0.87316
0.894979
0.917806
0.94457
0.973858
3.00001
3.00001
3
2.99999
2.99998
2.99993
2.99982
2.99953
2.99889
2.99707
2.99343
2.98232
2.96009
2.89547
2.75043
2.39246
1.69064
1.07994
0.897259
0.884987
0.89448
0.912577
0.932419
0.95172
0.97035
3.00001
3.00001
3
3
2.99998
2.99995
2.99987
2.99968
2.99916
2.99807
2.99488
2.98857
2.96944
2.93017
2.82095
2.57332
2.02568
1.26088
0.963714
0.916385
0.918476
0.929458
0.943668
0.953477
0.960702
3.00001
3.00001
3
3
2.99999
2.99997
2.9999
2.99978
2.99938
2.99863
2.99633
2.99163
2.97841
2.94893
2.87157
2.68821
2.26262
1.50236
1.05598
0.945579
0.936916
0.940484
0.946601
0.947626
0.945119
3.00001
3.00001
3.00001
3
3
2.99998
2.99994
2.99983
2.99962
2.99892
2.99766
2.99365
2.98573
2.96283
2.91253
2.78
2.47635
1.8438
1.19904
0.986676
0.954378
0.946559
0.942576
0.935737
0.926325
3.00001
3.00001
3.00001
3
3
2.99999
2.99996
2.9999
2.9997
2.99933
2.9982
2.99591
2.98941
2.97512
2.93757
2.84904
2.62945
2.14675
1.39065
1.04575
0.966196
0.942973
0.929942
0.916624
0.904344
3.00001
3.00001
3.00001
3.00001
3
2.99999
2.99997
2.99993
2.99979
2.99954
2.99871
2.9972
2.99241
2.98286
2.95556
2.89485
2.73644
2.37766
1.6797
1.14698
0.97349
0.92757
0.907166
0.891556
0.879475
3.00001
3.00001
3.00001
3.00001
3
3
2.99998
2.99995
2.99987
2.99966
2.99915
2.998
2.99481
2.9882
2.96905
2.92861
2.81846
2.56861
2.02103
1.2934
0.98752
0.901255
0.873959
0.861347
0.853767
3.00001
3.00001
3.00001
3.00001
3
3
2.99999
2.99996
2.99991
2.99975
2.99941
2.99851
2.99638
2.99122
2.97806
2.9475
2.86838
2.68033
2.24695
1.488
1.01356
0.854455
0.825572
0.822343
0.826247
3.00001
3.00001
3.00001
3.00001
3.00001
3
3
2.99998
2.99994
2.99982
2.99957
2.99891
2.99737
2.99359
2.98405
2.96184
2.90438
2.76822
2.44239
1.79146
1.06771
0.799478
0.768626
0.780218
0.802845
3.00001
3.00001
3.00001
3.00001
3.00001
3
3
2.99998
2.99995
2.99986
2.99968
2.99911
2.99802
2.99472
2.98782
2.96865
2.92495
2.81123
2.54217
1.96039
1.105
0.72461
0.686888
0.721992
0.769342
3.00001
3.00001
3.00001
3.00001
3.00001
3
3
2.99999
2.99996
2.99988
2.99974
2.99926
2.99838
2.99552
2.98993
2.9733
2.93694
2.83866
2.60508
2.07516
1.19111
0.671526
0.588269
0.645635
0.719881
3.00001
3.00001
3.00001
3.00001
3.00001
3
3
2.99999
2.99997
2.99991
2.99976
2.99942
2.99847
2.99646
2.99053
2.9783
2.9426
2.86252
2.65003
2.17188
1.30761
0.649023
0.487079
0.566554
0.665493
3.00001
3.00001
3.00001
3.00001
3.00001
3.00001
3
2.99999
2.99997
2.99992
2.99981
2.99944
2.99878
2.99659
2.9923
2.97949
2.95136
2.87485
2.69081
2.249
1.42126
0.645238
0.403072
0.505017
0.619777
3.00001
3.00001
3.00001
3.00001
3.00001
3.00001
3
2.99999
2.99998
2.99993
2.99981
2.99956
2.99876
2.99728
2.99232
2.98303
2.95385
2.89089
2.71854
2.31985
1.53251
0.660723
0.351673
0.468812
0.583958
3.00001
3.00001
3.00001
3.00001
3.00001
3.00001
3
3
2.99998
2.99994
2.99983
2.99957
2.99893
2.99731
2.99348
2.98328
2.95999
2.89733
2.74685
2.37629
1.63227
0.686521
0.324931
0.44635
0.554826
3.00001
3.00001
3.00001
3.00001
3.00001
3.00001
3
3
2.99998
2.99994
2.99985
2.99957
2.99904
2.99741
2.99397
2.98436
2.96221
2.90434
2.76256
2.41418
1.69652
0.715758
0.313141
0.431212
0.529924
3.00001
3.00001
3.00001
3.00001
3.00001
3.00001
3
3
2.99998
2.99994
2.99985
2.99962
2.99902
2.9977
2.99387
2.98596
2.96251
2.91145
2.77195
2.44352
1.74525
0.754542
0.321371
0.421866
0.50822
3.00001
3.00001
3.00001
3.00001
3.00001
3.00001
3
3
2.99998
2.99994
2.99987
2.99962
2.99912
2.99766
2.99444
2.9859
2.96527
2.91333
2.7833
2.46414
1.78638
0.793377
0.337763
0.41428
0.488754
3.00001
3.00001
3.00001
3.00001
3.00001
3.00001
3
3
2.99998
2.99995
2.99987
2.99963
2.99918
2.99765
2.99491
2.98577
2.9677
2.91456
2.79263
2.48066
1.81905
0.829068
0.357305
0.408468
0.474387
3.00001
3.00001
3.00001
3.00001
3.00001
3.00001
3
3
2.99998
2.99995
2.99986
2.99967
2.99913
2.99789
2.99473
2.98682
2.96768
2.91849
2.79715
2.49683
1.84474
0.86329
0.376544
0.403393
0.464866
3.00001
3.00001
3.00001
3.00001
3.00001
3.00001
3
3
2.99998
2.99996
2.99986
2.99969
2.99912
2.99806
2.99462
2.98774
2.96752
2.92236
2.80065
2.51099
1.86804
0.896636
0.392122
0.398577
0.459108
3.00001
3.00001
3.00001
3.00001
3.00001
3.00001
3
3
2.99999
2.99995
2.99988
2.99966
2.99925
2.99784
2.99532
2.98695
2.97021
2.9214
2.8089
2.51974
1.89161
0.926346
0.40493
0.394281
0.454364
3.00001
3.00001
3.00001
3.00001
3.00001
3.00001
3
3
2.99999
2.99995
2.99988
2.99967
2.99924
2.99798
2.99517
2.98777
2.9698
2.9247
2.81154
2.53113
1.91542
0.95031
0.415963
0.3907
0.450328
3.00001
3.00001
3.00001
3.00001
3.00001
3.00001
3
3
2.99999
2.99996
2.99987
2.99971
2.99918
2.99813
2.99504
2.98829
2.9699
2.92674
2.81417
2.54111
1.93649
0.970176
0.425966
0.387884
0.446772
3.00001
3.00001
3.00001
3.00001
3.00001
3.00001
3
3
2.99999
2.99995
2.99989
2.99967
2.99928
2.99797
2.99547
2.98778
2.97144
2.92607
2.81923
2.5462
1.9545
0.986776
0.434898
0.385849
0.443763
3.00001
3.00001
3.00001
3.00001
3.00001
3.00001
3
3
2.99999
2.99996
2.99987
2.99972
2.99919
2.9982
2.99508
2.98869
2.97035
2.92895
2.81858
2.55359
1.96411
1.0008
0.442853
0.384571
0.44135
3.00001
3.00001
3.00001
3.00001
3.00001
3.00001
3
3
2.99999
2.99996
2.99988
2.99971
2.99922
2.99819
2.99511
2.98894
2.97003
2.93047
2.81901
2.5581
1.97179
1.01133
0.449134
0.383733
0.439377
3.00001
3.00001
3.00001
3.00001
3.00001
3.00001
3
3
2.99999
2.99996
2.99988
2.99971
2.99922
2.9982
2.99511
2.989
2.9702
2.93071
2.82017
2.56034
1.97717
1.0182
0.453481
0.383173
0.437866
3.00001
3.00001
3.00001
3.00001
3.00001
3.00001
3
3
2.99999
2.99995
2.99989
2.99969
2.99928
2.99807
2.99544
2.98839
2.9715
2.92899
2.82291
2.55964
1.98066
1.02177
0.455744
0.382911
0.436961
0.973636
0.768279
0.253527
0.243194
0.317158
0.397603
0.425577
0.447642
0.47681
0.50562
0.526422
0.536268
0.537308
0.533707
0.526565
0.514216
0.496676
0.475046
0.45135
0.426274
0.400545
0.374081
0.347217
0.319873
0.292201
0.2643
0.235706
0.206752
0.17801
0.149644
0.121796
0.0944808
0.0675359
0.0413553
0.0196732
0.0212498
0.0449295
0.0693489
0.0939121
0.117718
0.140868
0.162947
0.184
0.205885
0.228328
0.250209
0.27127
0.291915
0.312017
0.33195
0.351375
0.370631
0.389474
0.408094
0.426378
0.444462
0.462155
0.479787
0.496962
0.514114
0.530801
0.547484
0.563761
0.579953
0.595875
0.611604
0.627131
0.642464
0.657557
0.672511
0.687163
0.701709
0.715926
0.730054
0.743828
0.75756
0.770895
0.784248
0.797168
0.810128
0.822664
0.83519
0.847365
0.859408
0.87121
0.882737
0.894102
0.905072
0.915851
0.926175
0.936202
0.945709
0.954726
0.963076
0.97068
0.977345
0.98291
0.98722
0.989823
0.993439
0.954958
0.831887
0.563134
0.415866
0.27893
0.142723
0.0502426
0.134575
0.205008
0.25315
0.279199
0.28515
0.279155
0.272489
0.264226
0.252321
0.234563
0.214012
0.192272
0.169173
0.145634
0.121808
0.0978597
0.0743949
0.0523884
0.0358723
0.0335299
0.0488995
0.0697581
0.0928084
0.116164
0.139703
0.162872
0.185727
0.207846
0.229021
0.249901
0.270811
0.291592
0.312025
0.332198
0.351531
0.370094
0.388866
0.408337
0.427486
0.446055
0.464033
0.481867
0.499295
0.516531
0.533489
0.550175
0.566668
0.582858
0.598894
0.614639
0.630233
0.645605
0.660748
0.675785
0.690503
0.705175
0.719529
0.733812
0.747848
0.761755
0.775476
0.789017
0.802409
0.815571
0.828622
0.841386
0.854092
0.866456
0.878821
0.890809
0.902834
0.914485
0.926155
0.937506
0.948791
0.959849
0.970715
0.981441
0.991886
1.00221
1.01219
1.02198
1.03145
1.0406
1.04936
1.05762
1.06534
1.0723
1.07845
1.0835
1.08741
1.08959
1.09282
0.969134
0.935767
0.827037
0.733639
0.625722
0.511024
0.401053
0.30437
0.223884
0.159314
0.107305
0.0669708
0.0404518
0.0326794
0.0520221
0.0558783
0.0791124
0.0932499
0.1101
0.127653
0.145939
0.164942
0.184473
0.204455
0.224706
0.244912
0.264916
0.284611
0.304269
0.323901
0.343479
0.362786
0.381846
0.400568
0.41876
0.436504
0.453886
0.471188
0.488337
0.5053
0.522137
0.538286
0.553805
0.569252
0.585368
0.60171
0.617385
0.632786
0.647769
0.662743
0.677378
0.692018
0.706327
0.720584
0.734613
0.748487
0.762282
0.775814
0.789354
0.802575
0.81582
0.828754
0.841704
0.854381
0.867065
0.879497
0.89193
0.904113
0.916275
0.928198
0.940058
0.951708
0.963245
0.974605
0.985819
0.996875
1.00779
1.01853
1.02919
1.03957
1.05
1.06002
1.07022
1.07987
1.08987
1.09922
1.10893
1.11793
1.12722
1.13572
1.14438
1.15216
1.15995
1.16672
1.17326
1.17851
1.1832
1.18629
1.18809
1.19057
0.996556
1.00969
0.973671
0.920392
0.850084
0.769642
0.686862
0.608057
0.539032
0.483412
0.439517
0.408914
0.391535
0.381528
0.384819
0.390258
0.394323
0.399438
0.406783
0.416129
0.426982
0.438955
0.451771
0.465346
0.479285
0.493698
0.507917
0.522251
0.536404
0.550671
0.564847
0.578925
0.592918
0.606563
0.620126
0.633195
0.64628
0.659109
0.672069
0.684888
0.697806
0.710246
0.722189
0.733957
0.746473
0.759384
0.772154
0.78446
0.79671
0.808684
0.820814
0.832639
0.844698
0.856363
0.868321
0.879832
0.891659
0.903035
0.914707
0.925956
0.937465
0.948592
0.959941
0.970951
0.982139
0.993026
1.00404
1.01479
1.02561
1.03621
1.04682
1.05723
1.06762
1.07783
1.08801
1.09799
1.10797
1.1177
1.12752
1.13703
1.14679
1.15614
1.16581
1.17497
1.1844
1.19324
1.20228
1.21075
1.21931
1.22731
1.23523
1.24256
1.24962
1.25599
1.26181
1.26672
1.27068
1.27342
1.27461
1.27713
1.01447
1.05104
1.05232
1.02803
0.988662
0.934227
0.875391
0.815942
0.764432
0.721858
0.69106
0.670264
0.660461
0.658004
0.661737
0.669114
0.674172
0.675592
0.676676
0.679739
0.683831
0.688941
0.694967
0.70159
0.708924
0.716483
0.724513
0.732362
0.740525
0.74854
0.756874
0.765173
0.773608
0.782093
0.790494
0.798996
0.807357
0.815966
0.824525
0.833464
0.84237
0.851392
0.859714
0.868354
0.877269
0.887257
0.897134
0.907085
0.916704
0.926482
0.936173
0.946044
0.955885
0.965867
0.975795
0.985851
0.995815
1.00591
1.01588
1.02598
1.03594
1.04601
1.05594
1.06594
1.07583
1.08577
1.0956
1.10546
1.11519
1.12497
1.13455
1.14421
1.15362
1.16311
1.17234
1.18166
1.19081
1.20008
1.20923
1.21838
1.22744
1.23633
1.24522
1.25386
1.26253
1.27087
1.27923
1.28719
1.29512
1.30257
1.3099
1.31665
1.32312
1.32883
1.33401
1.33819
1.34147
1.3433
1.34398
1.34623
1.02205
1.06995
1.09067
1.08878
1.06862
1.0348
0.991572
0.948109
0.909757
0.881572
0.864241
0.85703
0.857852
0.862384
0.86742
0.8731
0.879694
0.882961
0.881543
0.879555
0.878481
0.878644
0.879415
0.881185
0.883132
0.885737
0.888356
0.89132
0.894288
0.89764
0.901215
0.905122
0.90928
0.91371
0.918264
0.923111
0.928013
0.933351
0.938809
0.944828
0.951038
0.957491
0.963512
0.969773
0.976456
0.984101
0.992131
1.0002
1.00827
1.01632
1.02456
1.0328
1.04132
1.04981
1.05857
1.06726
1.0762
1.08505
1.09413
1.10314
1.11233
1.12149
1.13075
1.14002
1.1493
1.15865
1.1679
1.17728
1.18644
1.19578
1.20482
1.21405
1.22297
1.23207
1.24098
1.25
1.2589
1.26767
1.27646
1.28495
1.29362
1.30184
1.31036
1.3183
1.32658
1.33424
1.34219
1.34951
1.35698
1.36388
1.37068
1.37696
1.38281
1.38805
1.39258
1.39615
1.39871
1.39981
1.40009
1.40251
1.02436
1.07493
1.10571
1.11639
1.10979
1.08873
1.05818
1.02606
0.999011
0.982464
0.976337
0.979617
0.98848
0.999027
1.00822
1.01505
1.02065
1.02561
1.02646
1.02292
1.01814
1.01427
1.01155
1.00978
1.00876
1.00803
1.00765
1.00738
1.0074
1.00775
1.00836
1.00936
1.01071
1.01246
1.01458
1.01714
1.02002
1.02338
1.02708
1.03131
1.036
1.04088
1.04563
1.05046
1.05589
1.06206
1.0689
1.0758
1.08296
1.09003
1.09741
1.10476
1.11245
1.12013
1.12811
1.13609
1.14429
1.15249
1.16085
1.16922
1.17771
1.18622
1.19482
1.20342
1.21209
1.22075
1.22945
1.23813
1.24682
1.25548
1.26414
1.27279
1.28148
1.2901
1.29872
1.30717
1.31572
1.324
1.33248
1.34057
1.34894
1.35683
1.365
1.37266
1.38053
1.38789
1.39535
1.4023
1.40923
1.41561
1.42184
1.42741
1.43257
1.43701
1.44058
1.44327
1.4445
1.44485
1.44461
1.44689
1.02329
1.07178
1.10537
1.12164
1.12192
1.10846
1.08662
1.0638
1.04742
1.04123
1.04515
1.05665
1.07217
1.08848
1.10204
1.11165
1.11763
1.12239
1.12529
1.1244
1.11939
1.11353
1.10868
1.1048
1.10178
1.09919
1.09711
1.09528
1.09376
1.09246
1.0915
1.0909
1.09073
1.09099
1.0917
1.09293
1.09443
1.09649
1.09881
1.10173
1.10501
1.10856
1.11201
1.11562
1.11984
1.12474
1.13036
1.13614
1.14235
1.1485
1.15506
1.16153
1.16844
1.17527
1.18254
1.18972
1.1973
1.20477
1.21261
1.22034
1.22839
1.23635
1.24457
1.25273
1.26109
1.26939
1.27783
1.28621
1.29472
1.3032
1.31177
1.32021
1.32872
1.33706
1.34551
1.35371
1.36206
1.37011
1.37833
1.38622
1.39429
1.402
1.40986
1.41736
1.42491
1.43212
1.43921
1.44601
1.4525
1.4587
1.46437
1.46966
1.47412
1.478
1.48076
1.48242
1.48283
1.48275
1.48202
1.48415
1.01952
1.06217
1.09348
1.11032
1.11265
1.10385
1.08895
1.07561
1.06952
1.07306
1.0851
1.10293
1.12313
1.14289
1.15968
1.17218
1.18055
1.18533
1.1894
1.19124
1.1896
1.18445
1.17874
1.17355
1.16907
1.16512
1.16191
1.15888
1.15636
1.15385
1.1518
1.1499
1.14854
1.14743
1.14698
1.1468
1.14721
1.14803
1.14925
1.15104
1.15329
1.15587
1.15845
1.16124
1.16467
1.16874
1.17351
1.17853
1.18408
1.18966
1.19569
1.20168
1.2081
1.21448
1.22127
1.22804
1.23517
1.2423
1.24972
1.25716
1.26484
1.27255
1.28044
1.28838
1.29642
1.30454
1.3127
1.32098
1.32922
1.3375
1.34575
1.35396
1.36223
1.37035
1.37858
1.38659
1.39469
1.40256
1.41051
1.41823
1.42598
1.43353
1.44101
1.44834
1.45546
1.46244
1.46908
1.47555
1.48156
1.48724
1.49236
1.49683
1.50065
1.5034
1.50521
1.50563
1.50551
1.50498
1.50324
1.50487
1.01265
1.04762
1.07266
1.08625
1.08836
1.08307
1.07595
1.07255
1.07663
1.08852
1.10665
1.12841
1.15116
1.17304
1.19184
1.20705
1.21796
1.2254
1.22986
1.23356
1.23525
1.23412
1.22996
1.22491
1.21982
1.21514
1.21087
1.20725
1.20386
1.20092
1.19814
1.19577
1.19368
1.19208
1.19089
1.19023
1.19001
1.19026
1.19098
1.19221
1.19401
1.19609
1.19831
1.20065
1.2037
1.20724
1.2115
1.21597
1.22106
1.22624
1.23195
1.23765
1.24379
1.24993
1.25645
1.263
1.26987
1.27681
1.284
1.29127
1.29875
1.30631
1.31403
1.32179
1.32971
1.33764
1.3457
1.35369
1.36174
1.3698
1.37781
1.38594
1.39391
1.40203
1.40996
1.41794
1.42586
1.43362
1.44148
1.44901
1.45672
1.46402
1.47142
1.47847
1.48539
1.49206
1.49831
1.50442
1.50985
1.51501
1.51929
1.52299
1.52568
1.52728
1.52768
1.52745
1.52674
1.52515
1.5213
1.52141
1.00203
1.02695
1.04439
1.05354
1.05569
1.05529
1.05669
1.06298
1.07548
1.09367
1.11565
1.13933
1.1631
1.18546
1.20568
1.2226
1.23629
1.24636
1.25392
1.25859
1.26217
1.2644
1.26455
1.26169
1.25735
1.25282
1.24815
1.24393
1.24001
1.23668
1.23359
1.23092
1.22862
1.22662
1.22517
1.22402
1.22347
1.22323
1.22354
1.22433
1.22572
1.22734
1.22921
1.23113
1.23385
1.23694
1.2408
1.2448
1.24952
1.25432
1.25974
1.26515
1.27107
1.27694
1.28324
1.28951
1.29615
1.3028
1.30977
1.31679
1.32404
1.33142
1.33891
1.3466
1.35431
1.36215
1.36994
1.37781
1.38571
1.39357
1.40154
1.4094
1.41738
1.42522
1.43313
1.44092
1.44869
1.45639
1.46397
1.47153
1.47886
1.48618
1.4932
1.50013
1.50672
1.51304
1.51905
1.52453
1.52959
1.53385
1.53748
1.54006
1.54161
1.54197
1.54172
1.54097
1.53926
1.5359
1.53028
1.52899
0.987303
1.00135
1.01131
1.01724
1.02144
1.02736
1.03726
1.05182
1.07062
1.09262
1.11648
1.14066
1.16442
1.18662
1.20723
1.22537
1.24107
1.25389
1.26434
1.27225
1.27824
1.28216
1.28494
1.28601
1.28476
1.28165
1.27814
1.27385
1.26976
1.26606
1.26274
1.26
1.25752
1.25555
1.25389
1.25267
1.25188
1.2515
1.2516
1.25219
1.25338
1.25488
1.25656
1.25837
1.2609
1.26381
1.26739
1.27113
1.27552
1.28008
1.28518
1.29043
1.29605
1.30184
1.30785
1.31406
1.32044
1.32699
1.33376
1.34064
1.34778
1.35496
1.36242
1.36989
1.37743
1.38506
1.39264
1.40039
1.40801
1.41582
1.42351
1.43131
1.43906
1.4468
1.45456
1.46217
1.46986
1.47731
1.48481
1.49207
1.49927
1.50627
1.51301
1.51961
1.52571
1.53169
1.53702
1.542
1.54614
1.5496
1.55208
1.55344
1.55371
1.55339
1.55252
1.55042
1.54674
1.54151
1.53514
1.53344
0.967003
0.972209
0.976658
0.982038
0.990635
1.00366
1.0211
1.04169
1.06448
1.08817
1.11219
1.13587
1.15874
1.18061
1.20114
1.2203
1.23748
1.25277
1.26588
1.27693
1.2858
1.29277
1.29751
1.30076
1.30266
1.30299
1.30166
1.29895
1.29565
1.29184
1.28854
1.28557
1.28318
1.28119
1.27956
1.27837
1.27747
1.27704
1.27694
1.27739
1.27843
1.27982
1.28133
1.28309
1.28533
1.28815
1.29139
1.29502
1.29909
1.30349
1.30837
1.31347
1.31899
1.32466
1.33059
1.33669
1.34293
1.3494
1.35596
1.36277
1.3697
1.37681
1.38407
1.3913
1.39874
1.4061
1.41364
1.42113
1.4287
1.43631
1.44389
1.45156
1.45911
1.46677
1.47425
1.4818
1.48917
1.4965
1.50369
1.51068
1.51759
1.52414
1.53059
1.53653
1.54231
1.54753
1.55227
1.5563
1.55947
1.5618
1.56282
1.56296
1.56253
1.56139
1.55912
1.55479
1.54936
1.54363
1.53748
1.53605
0.943142
0.942526
0.94523
0.953005
0.9673
0.986694
1.00931
1.03327
1.05739
1.08142
1.10465
1.12752
1.14938
1.17087
1.19128
1.21113
1.22949
1.24666
1.26196
1.27562
1.28718
1.29698
1.30469
1.31077
1.31462
1.31729
1.31879
1.31896
1.31771
1.31526
1.31234
1.30958
1.30721
1.30525
1.30364
1.30251
1.30162
1.30122
1.3011
1.3015
1.30243
1.30376
1.30527
1.30692
1.30901
1.31162
1.31465
1.31815
1.32195
1.32623
1.33081
1.33578
1.34106
1.34656
1.35234
1.35825
1.36439
1.37067
1.37711
1.38378
1.39054
1.39753
1.40448
1.41163
1.41878
1.42602
1.43335
1.44063
1.44807
1.45539
1.46286
1.47021
1.47764
1.48499
1.49231
1.49961
1.50674
1.51387
1.52071
1.52753
1.53395
1.54024
1.54606
1.5516
1.5567
1.56116
1.56504
1.56791
1.57003
1.57073
1.57072
1.57014
1.56884
1.56595
1.56154
1.55568
1.54978
1.5444
1.53914
1.53826
0.918687
0.915133
0.918406
0.930883
0.951546
0.976108
1.00167
1.02692
1.05078
1.07391
1.09581
1.11747
1.13833
1.15928
1.17953
1.19976
1.21904
1.2377
1.25474
1.27062
1.28462
1.29707
1.30758
1.3164
1.32329
1.32851
1.33195
1.33431
1.33572
1.33589
1.33478
1.33302
1.33101
1.32922
1.32763
1.32654
1.32567
1.3253
1.32516
1.32554
1.32637
1.32767
1.32915
1.33073
1.33272
1.3351
1.33807
1.34134
1.34502
1.34905
1.35343
1.35819
1.36324
1.36859
1.3742
1.37995
1.38598
1.39208
1.39846
1.40495
1.41158
1.41832
1.42509
1.43206
1.43896
1.44609
1.45311
1.46033
1.46745
1.47467
1.48185
1.48901
1.49622
1.50325
1.51039
1.51727
1.52422
1.53087
1.53745
1.54376
1.54976
1.55549
1.56069
1.56568
1.56982
1.57348
1.57607
1.57786
1.57828
1.57802
1.57726
1.57554
1.57235
1.56725
1.56141
1.5553
1.54979
1.54542
1.54134
1.54124
0.895599
0.892263
0.8991
0.918641
0.944982
0.97197
0.997781
1.02219
1.04479
1.06643
1.08712
1.10762
1.12785
1.14832
1.16859
1.18902
1.20894
1.22845
1.24683
1.26429
1.2802
1.29484
1.30773
1.3191
1.32868
1.33666
1.34294
1.34769
1.35103
1.3534
1.35495
1.3552
1.3544
1.35319
1.35186
1.35084
1.34998
1.34963
1.34949
1.34985
1.3506
1.35185
1.35326
1.35485
1.35663
1.3589
1.36167
1.36477
1.36826
1.37208
1.37624
1.38079
1.3856
1.39078
1.39614
1.40176
1.40758
1.41353
1.41979
1.42603
1.43253
1.43896
1.44563
1.45226
1.45906
1.46587
1.47274
1.4797
1.48659
1.49362
1.50051
1.50753
1.51437
1.52128
1.52802
1.53468
1.54122
1.5475
1.55367
1.55938
1.5649
1.56983
1.57448
1.57843
1.58163
1.58398
1.58527
1.58545
1.58492
1.58385
1.58184
1.57806
1.5725
1.56661
1.5604
1.55523
1.55059
1.54777
1.54486
1.54551
0.87256
0.874468
0.89008
0.916566
0.944699
0.971575
0.996063
1.01873
1.03965
1.05984
1.07946
1.09917
1.11895
1.13909
1.15935
1.17978
1.20003
1.22
1.23924
1.25778
1.27515
1.29151
1.30638
1.32001
1.33203
1.3426
1.35153
1.35895
1.36481
1.36919
1.37249
1.37478
1.37647
1.37688
1.37647
1.37574
1.37497
1.37458
1.37438
1.37468
1.37531
1.37643
1.37786
1.37937
1.38101
1.38306
1.3856
1.38848
1.39177
1.39532
1.39929
1.40355
1.40814
1.41307
1.41818
1.42367
1.42922
1.43516
1.44111
1.44727
1.45347
1.45978
1.4662
1.47264
1.47923
1.48578
1.49249
1.49913
1.50589
1.51258
1.51929
1.52598
1.53255
1.53915
1.5455
1.55185
1.55789
1.56378
1.56932
1.57445
1.57924
1.58343
1.58719
1.58996
1.59203
1.59279
1.59276
1.59205
1.59057
1.58809
1.58353
1.57796
1.57161
1.56573
1.56033
1.55625
1.55308
1.55152
1.54983
1.55106
0.854054
0.867599
0.89231
0.920464
0.947885
0.9731
0.995644
1.01636
1.0357
1.05462
1.07341
1.0925
1.11196
1.13181
1.152
1.17233
1.19275
1.21297
1.23288
1.25213
1.27071
1.28829
1.30488
1.3203
1.33437
1.34721
1.35845
1.36837
1.37664
1.38349
1.38883
1.39325
1.39654
1.3987
1.40031
1.40071
1.40056
1.40024
1.39999
1.40008
1.40049
1.40133
1.40263
1.40405
1.40554
1.4074
1.40965
1.41232
1.41533
1.41863
1.42234
1.42628
1.43065
1.43524
1.44017
1.44538
1.45079
1.45651
1.46224
1.46824
1.47418
1.48037
1.48651
1.49282
1.49913
1.50551
1.51195
1.51836
1.52488
1.53129
1.53778
1.54414
1.55045
1.55668
1.56265
1.56859
1.57406
1.57947
1.5842
1.58874
1.59254
1.596
1.5984
1.60005
1.60041
1.60005
1.59909
1.59738
1.59403
1.58913
1.58302
1.57678
1.5707
1.56564
1.56154
1.55887
1.55714
1.55658
1.55592
1.55777
0.842659
0.868902
0.897839
0.92594
0.951657
0.974734
0.995421
1.01464
1.03304
1.0512
1.06962
1.08834
1.10761
1.12722
1.14726
1.16746
1.18783
1.20814
1.22831
1.24803
1.26734
1.28584
1.30366
1.32037
1.33611
1.3506
1.36388
1.37588
1.38644
1.39561
1.40319
1.40951
1.41488
1.41895
1.42168
1.42355
1.42492
1.42532
1.42534
1.42533
1.42551
1.42601
1.42699
1.42824
1.42954
1.4311
1.43302
1.43547
1.43817
1.44122
1.44462
1.44825
1.45239
1.45663
1.46143
1.46627
1.47164
1.477
1.48265
1.48837
1.49421
1.50019
1.50616
1.51231
1.51839
1.52463
1.53082
1.53707
1.54333
1.5495
1.55574
1.56173
1.56782
1.57354
1.57925
1.58453
1.58959
1.59416
1.59822
1.60185
1.6048
1.60695
1.60802
1.6081
1.60738
1.60622
1.6039
1.59998
1.59436
1.58819
1.58179
1.57592
1.57086
1.56707
1.56441
1.56313
1.56257
1.56276
1.56296
1.56518
0.83705
0.871255
0.902086
0.929318
0.952997
0.974329
0.993835
1.0123
1.03044
1.04848
1.0669
1.08561
1.10479
1.12429
1.14413
1.16417
1.18439
1.20467
1.22488
1.24487
1.26456
1.28367
1.30224
1.3199
1.33686
1.35267
1.36764
1.38125
1.39377
1.40492
1.4147
1.42302
1.43001
1.43616
1.44087
1.44423
1.44643
1.44796
1.44898
1.44931
1.4494
1.4496
1.45008
1.45093
1.452
1.45322
1.45469
1.45678
1.45909
1.46198
1.46497
1.46852
1.47223
1.4764
1.4808
1.48555
1.49059
1.49579
1.50123
1.50676
1.51249
1.51827
1.52417
1.53015
1.53612
1.54225
1.54825
1.5544
1.5604
1.56644
1.57236
1.57812
1.58383
1.58915
1.5944
1.59907
1.60352
1.60719
1.61058
1.61311
1.61499
1.61551
1.61534
1.61452
1.61281
1.60994
1.60519
1.59934
1.59293
1.58656
1.58087
1.57593
1.57244
1.56989
1.56881
1.56843
1.5689
1.56947
1.57007
1.57248
0.822146
0.864744
0.897821
0.924823
0.947843
0.968598
0.988196
1.00709
1.02583
1.04448
1.06337
1.08243
1.10178
1.12137
1.14118
1.16116
1.18129
1.20154
1.2218
1.24192
1.2618
1.2813
1.30032
1.3187
1.33642
1.35329
1.36936
1.38435
1.39845
1.41119
1.42284
1.43293
1.44171
1.44915
1.4557
1.46087
1.46444
1.46704
1.46855
1.46957
1.47017
1.47041
1.47054
1.471
1.47172
1.47252
1.47363
1.47508
1.47717
1.47968
1.4825
1.48574
1.48921
1.49314
1.49729
1.50188
1.50666
1.51172
1.51697
1.52238
1.52799
1.53364
1.53948
1.54531
1.55125
1.55723
1.56313
1.5692
1.57498
1.58096
1.58652
1.59217
1.59734
1.60245
1.60694
1.61119
1.61462
1.61771
1.62001
1.62147
1.62174
1.6213
1.62032
1.61825
1.61445
1.60926
1.60306
1.5967
1.59032
1.58486
1.58012
1.57683
1.57451
1.57358
1.57343
1.57393
1.57474
1.57601
1.57708
1.57947
0.790097
0.840633
0.877121
0.905828
0.930677
0.953239
0.974716
0.995405
1.01572
1.03578
1.05571
1.07564
1.09558
1.11563
1.13575
1.156
1.17636
1.19677
1.21722
1.23747
1.25753
1.27723
1.29658
1.31537
1.33364
1.35119
1.36806
1.384
1.3991
1.41302
1.42595
1.43752
1.44792
1.45687
1.4647
1.4715
1.47687
1.48077
1.48337
1.48515
1.48614
1.48673
1.48713
1.48742
1.48781
1.48835
1.48908
1.49006
1.49166
1.4937
1.49631
1.49918
1.50251
1.50614
1.51014
1.51446
1.51903
1.52391
1.52897
1.53429
1.53978
1.5454
1.55123
1.55699
1.563
1.56878
1.57481
1.58056
1.58644
1.59203
1.59757
1.60277
1.60775
1.61227
1.61632
1.61971
1.62252
1.62469
1.62573
1.62587
1.62541
1.62407
1.62136
1.61687
1.61132
1.6049
1.59858
1.59236
1.58711
1.58265
1.57953
1.57753
1.57665
1.5767
1.57718
1.578
1.57938
1.5815
1.58309
1.58551
0.745107
0.79961
0.839318
0.871611
0.900256
0.926736
0.951679
0.975488
0.998366
1.02056
1.04223
1.06348
1.08447
1.10525
1.12597
1.14662
1.16729
1.18796
1.20862
1.2291
1.2493
1.26924
1.28877
1.30792
1.3265
1.34457
1.36192
1.37857
1.39437
1.40925
1.42316
1.43592
1.44757
1.45787
1.46685
1.47471
1.4817
1.4872
1.49141
1.49447
1.49648
1.49771
1.49842
1.49875
1.49898
1.49927
1.4997
1.50035
1.50137
1.50297
1.50504
1.50764
1.51062
1.51403
1.51783
1.52193
1.52638
1.53106
1.53604
1.54131
1.54671
1.55244
1.55811
1.56408
1.56989
1.57586
1.58171
1.58754
1.59323
1.59874
1.60401
1.60895
1.61348
1.61745
1.62081
1.62343
1.62551
1.62634
1.62645
1.62599
1.62436
1.62091
1.61596
1.61015
1.60375
1.59746
1.59156
1.58648
1.5825
1.5795
1.57789
1.57709
1.57731
1.57783
1.5787
1.58019
1.58228
1.58486
1.58677
1.5893
0.697822
0.750747
0.791609
0.827089
0.859784
0.890279
0.919014
0.946106
0.9719
0.996497
1.02019
1.0431
1.06543
1.0873
1.10885
1.1302
1.15142
1.17253
1.19356
1.21444
1.23498
1.25513
1.2749
1.29425
1.31314
1.33151
1.34931
1.36641
1.38282
1.39834
1.41308
1.42674
1.43949
1.45102
1.46143
1.47054
1.47866
1.4859
1.49168
1.4961
1.4993
1.50152
1.50288
1.50364
1.50402
1.50428
1.50453
1.50493
1.5056
1.50667
1.50828
1.51045
1.51307
1.51623
1.51976
1.52372
1.52798
1.53256
1.53748
1.54261
1.5481
1.55369
1.55954
1.56544
1.57144
1.57744
1.58339
1.58925
1.5949
1.60034
1.60535
1.61003
1.61399
1.61735
1.61992
1.62176
1.62263
1.62289
1.62227
1.61996
1.61599
1.61082
1.60486
1.59869
1.5925
1.5871
1.58216
1.57868
1.57588
1.57458
1.57404
1.57442
1.575
1.57598
1.57751
1.57975
1.58224
1.58506
1.58719
1.58978
0.653526
0.701062
0.741081
0.778283
0.813472
0.846696
0.877936
0.90745
0.935412
0.962075
0.98765
1.01231
1.03623
1.05951
1.08233
1.10471
1.12684
1.14861
1.17021
1.19153
1.21247
1.23293
1.25304
1.27272
1.29196
1.31074
1.32893
1.34654
1.36348
1.3797
1.39516
1.40976
1.4235
1.43619
1.44791
1.45846
1.46787
1.47634
1.48383
1.48997
1.49473
1.49835
1.5008
1.50244
1.50333
1.50381
1.5041
1.50432
1.50474
1.50541
1.50648
1.5081
1.51026
1.51303
1.51622
1.51992
1.52397
1.52839
1.53318
1.53823
1.54366
1.54921
1.55507
1.56097
1.567
1.57301
1.57895
1.58475
1.59026
1.59549
1.60016
1.6044
1.60767
1.61042
1.61226
1.61343
1.6137
1.61271
1.60992
1.6056
1.60053
1.59449
1.58873
1.58267
1.57775
1.57318
1.57004
1.56764
1.56657
1.56629
1.56682
1.56756
1.56861
1.57035
1.57259
1.57521
1.57799
1.581
1.58329
1.58591
0.613927
0.654636
0.692153
0.72901
0.764674
0.798631
0.831018
0.861755
0.89121
0.919394
0.946536
0.972693
0.997998
1.02254
1.04643
1.06979
1.09265
1.11517
1.13727
1.15913
1.18067
1.2018
1.22243
1.24265
1.2624
1.28167
1.30043
1.31867
1.33627
1.3533
1.36956
1.38512
1.39983
1.41365
1.42664
1.43852
1.44946
1.45916
1.46807
1.47574
1.48218
1.48721
1.49113
1.49388
1.49576
1.49688
1.49753
1.49793
1.49822
1.49869
1.4994
1.50051
1.50216
1.50444
1.50721
1.51061
1.5144
1.5187
1.52341
1.5284
1.53391
1.5394
1.5454
1.55122
1.55738
1.56326
1.5692
1.57474
1.58006
1.58482
1.58902
1.59249
1.59506
1.59714
1.59841
1.59856
1.597
1.59388
1.58938
1.58441
1.57851
1.57298
1.5673
1.5627
1.55855
1.55578
1.55372
1.55284
1.55287
1.55349
1.55428
1.55548
1.55716
1.55957
1.56215
1.5651
1.56811
1.57138
1.5738
1.57659
0.580636
0.616514
0.650689
0.684894
0.718565
0.751455
0.783246
0.81418
0.843846
0.872699
0.900353
0.927226
0.95316
0.978446
1.00305
1.02718
1.0508
1.07401
1.09683
1.11925
1.1415
1.16314
1.18454
1.20527
1.22587
1.24581
1.26545
1.2845
1.30298
1.32088
1.33802
1.35457
1.37029
1.38528
1.39943
1.41264
1.42486
1.43603
1.44605
1.45532
1.46332
1.47014
1.47564
1.48008
1.48332
1.48561
1.48711
1.48795
1.48849
1.48888
1.48926
1.48994
1.49097
1.49252
1.49465
1.49752
1.50082
1.50489
1.50924
1.51432
1.51949
1.52521
1.53092
1.5369
1.54281
1.54862
1.55428
1.55949
1.56436
1.56848
1.57199
1.57459
1.57696
1.57793
1.5776
1.57556
1.57248
1.56792
1.56302
1.5573
1.552
1.54668
1.54234
1.53863
1.53598
1.53438
1.53357
1.53392
1.53471
1.53574
1.53696
1.53891
1.54119
1.54398
1.54689
1.55008
1.55332
1.55671
1.55927
1.56207
0.555929
0.589997
0.620486
0.650403
0.68045
0.710614
0.740432
0.769842
0.798521
0.826448
0.853778
0.880231
0.906312
0.931618
0.956608
0.980985
1.00507
1.02863
1.05201
1.07493
1.09783
1.12025
1.14252
1.16423
1.18564
1.20654
1.2269
1.24681
1.26604
1.28474
1.30286
1.32024
1.33712
1.35312
1.3685
1.38295
1.39663
1.4093
1.42104
1.43184
1.44176
1.45046
1.45799
1.46409
1.46904
1.47262
1.47524
1.47677
1.47772
1.47822
1.47841
1.47885
1.47954
1.48062
1.48235
1.48483
1.48798
1.4917
1.49591
1.50049
1.50541
1.51055
1.51581
1.52118
1.52638
1.53157
1.53626
1.54076
1.54438
1.54757
1.55019
1.55197
1.55238
1.55146
1.54906
1.54548
1.54088
1.53569
1.52998
1.52465
1.51947
1.51528
1.51185
1.50939
1.50801
1.50741
1.50786
1.50883
1.50985
1.51127
1.51298
1.51548
1.51791
1.52106
1.52393
1.52751
1.53072
1.53451
1.53707
1.54024
0.54077
0.575339
0.602086
0.627328
0.653207
0.679764
0.706523
0.733199
0.759677
0.785726
0.811571
0.837
0.862089
0.887007
0.911459
0.935917
0.959944
0.984012
1.00771
1.03139
1.0547
1.07796
1.10077
1.12326
1.14524
1.16683
1.18788
1.20855
1.22864
1.24831
1.26744
1.28591
1.30394
1.32111
1.33779
1.35359
1.36867
1.38288
1.39613
1.40841
1.4197
1.43
1.43901
1.44669
1.45305
1.45819
1.46203
1.46476
1.46668
1.46814
1.46922
1.47014
1.47115
1.47224
1.47386
1.47576
1.47842
1.48143
1.48506
1.48873
1.49291
1.497
1.50133
1.50548
1.50944
1.51331
1.5165
1.51953
1.52202
1.52383
1.52458
1.52434
1.52256
1.51943
1.51535
1.51041
1.50493
1.49926
1.49389
1.48879
1.4848
1.48132
1.47907
1.4775
1.47672
1.47701
1.47773
1.47862
1.47972
1.48132
1.4833
1.48596
1.48856
1.49194
1.49499
1.49895
1.50228
1.50659
1.50927
1.51309
0.532639
0.567993
0.592021
0.613465
0.635735
0.658885
0.682484
0.706253
0.729991
0.753694
0.777362
0.801051
0.824776
0.848645
0.872607
0.896657
0.920803
0.944836
0.968913
0.992683
1.01643
1.03986
1.06313
1.08607
1.10862
1.13094
1.15269
1.17427
1.19516
1.21578
1.23577
1.25517
1.27414
1.29227
1.30994
1.32681
1.34293
1.35833
1.37274
1.38625
1.39873
1.41024
1.42066
1.42993
1.438
1.44481
1.45059
1.4554
1.45926
1.46214
1.46426
1.46581
1.46696
1.46805
1.46922
1.47065
1.47218
1.47398
1.47605
1.47868
1.48135
1.48441
1.48728
1.4902
1.49277
1.49523
1.4974
1.49875
1.49934
1.49924
1.49811
1.49535
1.49162
1.48703
1.48142
1.47563
1.46953
1.46374
1.45855
1.45402
1.45035
1.44777
1.44562
1.44471
1.44414
1.44468
1.44545
1.44638
1.44774
1.44964
1.45231
1.45506
1.45843
1.46197
1.46582
1.47019
1.47425
1.47916
1.4822
1.48664
0.527566
0.563526
0.585855
0.605005
0.6247
0.645537
0.666674
0.688075
0.709422
0.730867
0.752623
0.774673
0.797193
0.820154
0.843455
0.867079
0.890858
0.914691
0.938578
0.962384
0.986102
1.00982
1.03329
1.05671
1.07972
1.1025
1.12485
1.14679
1.16829
1.18928
1.20982
1.22977
1.24928
1.26815
1.28647
1.30419
1.32105
1.33737
1.35262
1.36717
1.38072
1.3934
1.40532
1.41621
1.42623
1.43529
1.44325
1.45006
1.4556
1.45995
1.46313
1.46531
1.46651
1.46719
1.46786
1.46842
1.46894
1.46961
1.47059
1.47182
1.47348
1.47509
1.47688
1.47841
1.47971
1.48049
1.48079
1.4804
1.47899
1.47665
1.47308
1.46842
1.46271
1.45636
1.4496
1.44269
1.4363
1.43025
1.42518
1.42105
1.41769
1.41545
1.414
1.41309
1.41351
1.41427
1.41524
1.41654
1.41872
1.42109
1.42447
1.42769
1.43177
1.43557
1.44011
1.44426
1.44884
1.45308
1.45638
1.45994
0.52303
0.559457
0.581083
0.598915
0.617246
0.636625
0.656413
0.676198
0.696129
0.716259
0.736926
0.758144
0.779955
0.802298
0.825068
0.848163
0.871517
0.894986
0.918633
0.942259
0.965945
0.989597
1.01312
1.03649
1.05957
1.08228
1.10471
1.12664
1.14829
1.16944
1.19026
1.21061
1.23046
1.24988
1.26855
1.28682
1.30414
1.32104
1.33698
1.35241
1.36708
1.38102
1.39447
1.40706
1.41892
1.42982
1.43948
1.44797
1.45499
1.46067
1.46496
1.46797
1.46965
1.47049
1.47099
1.47127
1.47127
1.47106
1.4709
1.47095
1.47111
1.47134
1.47151
1.47146
1.47093
1.46985
1.46779
1.46515
1.46133
1.45649
1.45052
1.44364
1.43607
1.42823
1.42038
1.41308
1.40634
1.40072
1.39593
1.39231
1.38977
1.38786
1.38707
1.3871
1.38783
1.38877
1.3903
1.39195
1.3947
1.39732
1.40087
1.40396
1.40798
1.41143
1.41571
1.4194
1.42362
1.42729
1.43034
1.43332
0.518828
0.555379
0.576504
0.593605
0.611256
0.629985
0.649163
0.66846
0.687969
0.707862
0.72831
0.749354
0.770984
0.793027
0.81554
0.838238
0.861284
0.884386
0.9077
0.931032
0.954334
0.97765
1.00075
1.02372
1.04643
1.06882
1.09099
1.11281
1.13441
1.15563
1.17659
1.19703
1.21712
1.23659
1.25559
1.27398
1.29183
1.30912
1.32596
1.3422
1.35808
1.37318
1.38801
1.40189
1.4152
1.42738
1.43849
1.44843
1.45696
1.46416
1.46981
1.47407
1.47673
1.47809
1.47864
1.4789
1.47873
1.4779
1.47642
1.47518
1.47355
1.47217
1.4703
1.46838
1.46562
1.4623
1.45801
1.45285
1.44656
1.43911
1.43098
1.42217
1.41324
1.40443
1.39623
1.38877
1.38249
1.37718
1.37311
1.37014
1.36801
1.36697
1.3666
1.36693
1.36794
1.36895
1.37057
1.37232
1.37493
1.37738
1.38048
1.38332
1.38692
1.39002
1.39405
1.3974
1.40158
1.40496
1.40797
1.41088
0.514849
0.551029
0.571552
0.588155
0.605489
0.624134
0.643447
0.663036
0.682956
0.703304
0.724118
0.745393
0.767085
0.789063
0.811372
0.83388
0.856593
0.87943
0.902276
0.9252
0.947926
0.970661
0.99317
1.01556
1.03779
1.05984
1.0817
1.10346
1.12486
1.14616
1.16695
1.18751
1.20752
1.22714
1.24631
1.26497
1.28335
1.30113
1.31883
1.33579
1.35273
1.36878
1.38466
1.39953
1.41391
1.42725
1.43962
1.45091
1.46084
1.46949
1.47654
1.48214
1.486
1.48812
1.48888
1.48921
1.48907
1.48782
1.48535
1.48279
1.47949
1.47624
1.47232
1.46803
1.46307
1.45722
1.45066
1.44286
1.43429
1.42473
1.41494
1.40489
1.39526
1.3862
1.37809
1.37105
1.36527
1.36056
1.35713
1.35453
1.35302
1.3522
1.35202
1.35247
1.35341
1.35443
1.3558
1.35753
1.35979
1.3621
1.36489
1.36767
1.37089
1.37407
1.37784
1.38117
1.38531
1.38851
1.39165
1.39429
0.510897
0.546388
0.56617
0.582296
0.59958
0.618511
0.63847
0.658881
0.679604
0.700649
0.721918
0.743502
0.765277
0.787322
0.809467
0.831874
0.854258
0.876813
0.899181
0.921607
0.943775
0.965912
0.987924
1.00982
1.0317
1.05346
1.07508
1.09668
1.11787
1.13907
1.15968
1.18023
1.20017
1.22001
1.23932
1.25849
1.27729
1.2958
1.31413
1.33191
1.34959
1.36646
1.3831
1.39886
1.41404
1.4284
1.44173
1.45422
1.46526
1.47531
1.48356
1.49054
1.49559
1.49876
1.5001
1.50048
1.50037
1.49905
1.49601
1.49221
1.48725
1.48204
1.47587
1.46927
1.46178
1.45347
1.44448
1.43436
1.42389
1.41285
1.40204
1.39149
1.38178
1.37301
1.36539
1.35902
1.35378
1.34973
1.34668
1.34453
1.3433
1.34257
1.3425
1.34308
1.34386
1.34473
1.34608
1.34777
1.34988
1.35216
1.35486
1.35759
1.36077
1.36397
1.36755
1.37104
1.37487
1.37804
1.3811
1.38334
0.507071
0.541483
0.560364
0.576015
0.593511
0.613092
0.633902
0.655214
0.67669
0.698317
0.720037
0.741867
0.7638
0.785917
0.808021
0.830327
0.852476
0.874719
0.896714
0.918706
0.940507
0.962211
0.983925
1.00545
1.02706
1.04848
1.06984
1.09107
1.11206
1.13292
1.1535
1.17392
1.19405
1.21412
1.23379
1.25352
1.27277
1.29204
1.31081
1.32941
1.3475
1.36518
1.38229
1.3988
1.41462
1.42979
1.44387
1.45738
1.46929
1.48055
1.48988
1.49809
1.50434
1.50865
1.51077
1.51126
1.51126
1.51011
1.50684
1.50198
1.49543
1.48823
1.47968
1.47066
1.46055
1.44987
1.43842
1.42647
1.41454
1.40264
1.39147
1.38103
1.37173
1.36362
1.35672
1.3511
1.34649
1.34308
1.34041
1.33866
1.33755
1.33698
1.33704
1.33765
1.33836
1.33918
1.34052
1.34227
1.34436
1.34674
1.34938
1.35217
1.3553
1.35849
1.36205
1.36545
1.36901
1.3722
1.37486
1.37691
0.503381
0.536436
0.554414
0.569845
0.587702
0.607965
0.629509
0.651539
0.673676
0.695772
0.718012
0.740086
0.762338
0.784446
0.806603
0.828677
0.850707
0.872659
0.894513
0.916238
0.937917
0.959338
0.980847
1.002
1.02327
1.04423
1.06522
1.08598
1.10676
1.1273
1.14797
1.16834
1.18884
1.20915
1.22934
1.24953
1.2693
1.28912
1.30832
1.32747
1.34593
1.36416
1.38166
1.39879
1.41502
1.43089
1.44553
1.45984
1.4725
1.48466
1.49499
1.50415
1.51158
1.51694
1.51991
1.52064
1.52081
1.5199
1.51668
1.51099
1.50298
1.49376
1.483
1.47151
1.45888
1.44591
1.43245
1.41912
1.40623
1.39403
1.38293
1.37298
1.36433
1.35702
1.35091
1.346
1.34204
1.33906
1.33677
1.33533
1.33434
1.33391
1.33411
1.33474
1.3355
1.33637
1.33775
1.33955
1.34172
1.34415
1.3468
1.34965
1.35277
1.35602
1.35948
1.36278
1.36623
1.36926
1.37152
1.37344
0.49987
0.531781
0.549017
0.564461
0.58261
0.603423
0.625461
0.6481
0.670837
0.693506
0.716184
0.738535
0.760959
0.783054
0.805287
0.827186
0.849191
0.870925
0.892712
0.914259
0.935866
0.957095
0.978394
0.999245
1.0201
1.04065
1.06117
1.08157
1.10208
1.12246
1.14316
1.16362
1.18446
1.20503
1.22572
1.24624
1.26651
1.28668
1.30627
1.32582
1.34455
1.3632
1.38098
1.39855
1.41516
1.43156
1.44663
1.46157
1.47482
1.48764
1.49879
1.50867
1.51706
1.5232
1.52711
1.52821
1.52843
1.52758
1.5245
1.51823
1.50914
1.49817
1.48538
1.47156
1.45672
1.44176
1.42676
1.41248
1.39911
1.38695
1.37622
1.36692
1.35902
1.35246
1.34708
1.3427
1.33929
1.33663
1.33467
1.33336
1.3325
1.3322
1.33248
1.33314
1.33394
1.33489
1.33632
1.33822
1.34049
1.343
1.34573
1.34864
1.35178
1.35504
1.35839
1.36163
1.36497
1.36773
1.36972
1.37154
0.497131
0.528241
0.545062
0.560547
0.578876
0.600057
0.622563
0.645736
0.668953
0.69206
0.714966
0.737517
0.759918
0.782031
0.804274
0.826172
0.848209
0.869833
0.89152
0.912894
0.934353
0.955428
0.976509
0.997132
1.01761
1.03785
1.05799
1.07811
1.09845
1.11874
1.13952
1.16012
1.1812
1.20201
1.22304
1.24381
1.26442
1.28482
1.3047
1.32446
1.34342
1.36233
1.38031
1.39819
1.41504
1.4318
1.44721
1.46257
1.47627
1.48954
1.50128
1.51163
1.52068
1.52734
1.53195
1.53336
1.53361
1.53281
1.52979
1.52329
1.5134
1.50113
1.48678
1.47119
1.45472
1.43831
1.42229
1.4074
1.39384
1.38183
1.37153
1.3627
1.35543
1.34935
1.34453
1.34054
1.3375
1.33508
1.33334
1.33212
1.33136
1.33117
1.33149
1.33222
1.33305
1.33407
1.33556
1.33753
1.33986
1.34243
1.34521
1.34817
1.35133
1.35459
1.35786
1.36108
1.3643
1.36687
1.36877
1.3705
0.49553
0.52615
0.542818
0.558308
0.576775
0.598227
0.621092
0.644611
0.66811
0.691422
0.714419
0.73707
0.759445
0.781555
0.803765
0.825682
0.847743
0.86932
0.890924
0.912147
0.93346
0.954409
0.975338
0.995823
1.01609
1.03613
1.05604
1.07601
1.09623
1.11649
1.13733
1.15802
1.17925
1.2002
1.22141
1.24232
1.26313
1.28363
1.30371
1.32358
1.3427
1.36175
1.37987
1.39793
1.41493
1.4319
1.44749
1.46306
1.47701
1.49047
1.50253
1.51308
1.52248
1.5294
1.53438
1.53597
1.53623
1.53544
1.53244
1.5258
1.5155
1.50257
1.48738
1.47084
1.45348
1.43631
1.41977
1.40462
1.39102
1.37911
1.36903
1.36044
1.35345
1.34765
1.34305
1.33927
1.3364
1.3341
1.3325
1.33133
1.33064
1.33054
1.33087
1.33168
1.33254
1.33362
1.33514
1.33716
1.33953
1.34212
1.34492
1.3479
1.35107
1.35431
1.35757
1.36075
1.36393
1.36642
1.3683
1.36997
)
;

boundaryField
{
    inlet
    {
        type            calculated;
        value           uniform 3.00001;
    }
    outlet
    {
        type            calculated;
        value           nonuniform List<scalar> 
40
(
0.993439
1.09282
1.19057
1.27713
1.34623
1.40251
1.44689
1.48415
1.50487
1.52141
1.52899
1.53344
1.53605
1.53826
1.54124
1.54551
1.55106
1.55777
1.56518
1.57248
1.57947
1.58551
1.5893
1.58978
1.58591
1.57659
1.56207
1.54024
1.51309
1.48664
1.45994
1.43332
1.41088
1.39429
1.38334
1.37691
1.37344
1.37154
1.3705
1.36997
)
;
    }
    bottom
    {
        type            symmetryPlane;
    }
    top
    {
        type            symmetryPlane;
    }
    obstacle
    {
        type            calculated;
        value           uniform 0;
    }
    defaultFaces
    {
        type            empty;
    }
}


// ************************************************************************* //
