/*--------------------------------*- C++ -*----------------------------------*\
  =========                 |
  \\      /  F ield         | OpenFOAM: The Open Source CFD Toolbox
   \\    /   O peration     | Website:  https://openfoam.org
    \\  /    A nd           | Version:  10
     \\/     M anipulation  |
\*---------------------------------------------------------------------------*/
FoamFile
{
    format      ascii;
    class       volScalarField;
    location    "9.5";
    object      p;
}
// * * * * * * * * * * * * * * * * * * * * * * * * * * * * * * * * * * * * * //

dimensions      [1 -1 -2 0 0 0 0];

internalField   nonuniform List<scalar> 
5250
(
1.00001
1.00004
1.00011
1.0003
1.00069
1.00185
1.00422
1.01133
1.02589
1.06885
1.1658
1.44332
2.20957
4.51018
10.5042
11.22
11.0932
11.0832
11.1761
11.4023
11.6186
11.7582
11.8683
11.9552
12.0223
1.00001
1.00004
1.00011
1.00029
1.0007
1.0018
1.00424
1.01109
1.02584
1.06766
1.16474
1.43738
2.19631
4.46649
10.4196
11.2137
11.0876
11.0748
11.1675
11.3933
11.6092
11.7493
11.861
11.9493
12.0179
1.00001
1.00004
1.0001
1.00029
1.00066
1.00181
1.00407
1.01097
1.02514
1.06631
1.16064
1.42749
2.16584
4.37458
10.2301
11.1989
11.0719
11.0477
11.1374
11.3586
11.5714
11.7095
11.8206
11.9079
11.9763
1.00001
1.00004
1.00011
1.00026
1.00069
1.00162
1.00427
1.00978
1.02602
1.06095
1.15932
1.4066
2.12496
4.23312
9.9333
11.1817
11.0493
11.002
11.0859
11.298
11.5053
11.6389
11.7464
11.8312
11.8998
1.00001
1.00003
1.0001
1.00026
1.00062
1.00165
1.00376
1.01009
1.023
1.06126
1.14692
1.39103
2.05971
4.05341
9.52068
11.1669
11.0226
10.9389
11.0152
11.2145
11.4141
11.5409
11.6426
11.7237
11.7935
1.00001
1.00003
1.00009
1.00025
1.00057
1.00156
1.00352
1.00945
1.02172
1.057
1.13803
1.36437
1.98504
3.82714
8.98257
11.1634
10.9944
10.8581
10.9244
11.1064
11.2947
11.4103
11.5016
11.5747
11.6447
1.00001
1.00003
1.00009
1.00021
1.00058
1.00131
1.00354
1.00798
1.02144
1.04977
1.13071
1.32811
1.90083
3.55717
8.30816
11.174
10.968
10.7604
10.8141
10.9732
11.1446
11.2422
11.3147
11.3706
11.4345
1
1.00003
1.00008
1.0002
1.00049
1.00127
1.00294
1.00783
1.01789
1.04745
1.11325
1.29811
1.7941
3.25603
7.49111
11.2021
10.9441
10.6466
10.6851
10.8144
10.9613
11.0307
11.0709
11.0899
11.1277
1
1.00002
1.00007
1.00017
1.00046
1.00105
1.0028
1.00634
1.01702
1.03911
1.10326
1.25458
1.68957
2.92611
6.56529
11.2221
10.9174
10.5226
10.5401
10.6293
10.7414
10.7688
10.7561
10.7008
10.6491
1
1.00002
1.00006
1.00016
1.00037
1.00098
1.00223
1.0059
1.01374
1.03523
1.08572
1.21967
1.57454
2.5939
5.5494
11.1454
10.8488
10.402
10.3754
10.4216
10.4802
10.4577
10.3633
10.1458
9.82742
1
1.00002
1.00005
1.00014
1.00032
1.00086
1.00192
1.00519
1.01163
1.0313
1.07271
1.19117
1.4895
2.35674
4.87893
10.722
10.629
10.2986
10.1793
10.1919
10.1839
10.1016
9.85777
9.29412
7.86238
1
1.00001
1.00005
1.00011
1.00029
1.00071
1.00172
1.00439
1.01031
1.02681
1.06372
1.16468
1.42235
2.16208
4.31328
9.80351
10.3288
10.1652
9.98271
9.95088
9.88479
9.71718
9.33901
8.58108
7.12915
1
1.00001
1.00004
1.00009
1.00026
1.00058
1.00157
1.00353
1.00951
1.02153
1.05754
1.13685
1.36392
1.97622
3.77992
8.64591
10.1465
10.0385
9.81194
9.71151
9.59443
9.35345
8.88514
8.13048
7.00768
1
1.00001
1.00003
1.00009
1.0002
1.00053
1.00121
1.00325
1.00731
1.01969
1.04525
1.11924
1.29641
1.80706
3.26021
7.3508
10.0388
9.93571
9.67618
9.48689
9.31624
9.03154
8.55935
7.87776
7.00164
1
1.00001
1.00003
1.00007
1.00017
1.00041
1.00104
1.00256
1.00615
1.01567
1.03734
1.09568
1.23876
1.63643
2.76008
5.95936
9.91479
9.83758
9.5716
9.285
9.06462
8.76683
8.32224
7.71897
6.98937
1
1.00001
1.00002
1.00005
1.00014
1.00033
1.00083
1.00197
1.00509
1.01176
1.03082
1.07258
1.18795
1.4812
2.31075
4.62558
9.55799
9.67189
9.4771
9.11289
8.84925
8.55066
8.13898
7.60274
6.97294
1
1.00001
1.00002
1.00005
1.0001
1.00028
1.00063
1.00169
1.0038
1.0101
1.02329
1.06049
1.14665
1.38459
2.03117
3.89118
8.58384
9.4208
9.28631
8.97222
8.67082
8.37123
7.99163
7.51389
6.96659
1
1
1.00001
1.00003
1.00009
1.0002
1.00054
1.00122
1.00328
1.00739
1.01968
1.04569
1.11883
1.2963
1.80064
3.21768
7.05261
9.16705
9.09729
8.86793
8.53338
8.22504
7.8735
7.44875
6.97052
1
1
1.00001
1.00003
1.00007
1.00016
1.00042
1.00095
1.0025
1.00576
1.01489
1.03539
1.08991
1.22378
1.59207
2.61267
5.43639
8.92116
8.96192
8.80429
8.45751
8.11707
7.78437
7.4085
6.98658
1
1
1.00001
1.00002
1.00005
1.00013
1.00029
1.00077
1.00173
1.0046
1.01048
1.02741
1.06445
1.16592
1.41977
2.12799
4.05197
8.32439
8.85677
8.72379
8.40504
8.04386
7.72665
7.40133
7.02599
1
1
1.00001
1.00002
1.00004
1.00009
1.00023
1.00055
1.00138
1.00327
1.00838
1.01955
1.05047
1.12141
1.31506
1.83087
3.28423
7.01309
8.63956
8.5765
8.36239
8.011
7.70832
7.41266
7.10345
1
1
1
1.00001
1.00003
1.00007
1.00016
1.00043
1.00096
1.00256
1.00577
1.01534
1.03515
1.09203
1.22372
1.59604
2.60431
5.33325
8.33878
8.44967
8.3224
8.02437
7.72143
7.45337
7.21953
1
1
1
1.00001
1.00002
1.00005
1.00013
1.00028
1.00075
1.00168
1.00448
1.01006
1.02666
1.06168
1.15982
1.39983
2.06425
3.82285
7.67644
8.37271
8.28855
8.06226
7.77447
7.55021
7.39966
1
1
1
1.00001
1.00002
1.00003
1.00009
1.00021
1.00053
1.00127
1.00306
1.0077
1.01811
1.04638
1.11142
1.28694
1.74929
3.02829
6.2875
8.20412
8.23389
8.13475
7.9078
7.74461
7.65969
1
1
1
1
1.00001
1.00003
1.00006
1.00016
1.00035
1.00092
1.00214
1.00536
1.01301
1.03168
1.07879
1.19576
1.5058
2.34187
4.53295
7.83168
8.25964
8.22652
8.12955
8.02754
7.99541
1
1
1
1
1.00001
1.00002
1.00004
1.0001
1.00026
1.00062
1.00151
1.00377
1.00889
1.02268
1.05362
1.13639
1.3418
1.90118
3.39512
6.93421
8.23167
8.41155
8.4043
8.38812
8.38873
1
1
1
1
1.00001
1.00001
1.00003
1.00007
1.00019
1.00042
1.0011
1.00257
1.00641
1.01564
1.03799
1.09484
1.2368
1.61753
2.65014
5.33426
8.08735
8.70574
8.79607
8.82808
8.83253
1
1
1
1
1
1.00001
1.00002
1.00005
1.00013
1.00029
1.00077
1.00173
1.00461
1.0103
1.02739
1.06286
1.16365
1.40657
2.07719
3.82147
7.62995
9.04534
9.31203
9.33466
9.31879
1
1
1
1
1
1.00001
1.00001
1.00004
1.00009
1.00021
1.00055
1.00126
1.0033
1.00747
1.01981
1.04536
1.11885
1.29123
1.78013
3.10301
6.53597
9.38857
9.90804
9.8887
9.81069
1
1
1
1
1
1
1.00001
1.00003
1.00007
1.00016
1.0004
1.00092
1.00241
1.00546
1.01445
1.03293
1.08651
1.20799
1.55065
2.46234
4.89908
9.69113
10.554
10.4745
10.2584
1
1
1
1
1
1
1.00001
1.00002
1.00005
1.00013
1.0003
1.00075
1.00184
1.00443
1.01122
1.02666
1.0682
1.16737
1.43787
2.18452
4.30791
9.46767
10.9942
10.8885
10.5708
1
1
1
1
1
1
1.00001
1.00002
1.00004
1.00011
1.00024
1.00064
1.00149
1.00377
1.0093
1.02263
1.05729
1.14204
1.37031
2.00734
3.87354
8.87301
11.2927
11.1569
10.7304
1
1
1
1
1
1
1.00001
1.00001
1.00004
1.00008
1.00022
1.00051
1.00137
1.00309
1.00837
1.01905
1.05096
1.12186
1.32421
1.87087
3.50413
8.13578
11.6237
11.3756
10.7316
1
1
1
1
1
1
1
1.00001
1.00003
1.00008
1.00018
1.00048
1.00114
1.00285
1.00716
1.01729
1.04443
1.10935
1.28527
1.76963
3.20956
7.46211
11.9613
11.5385
10.6731
1
1
1
1
1
1
1
1.00001
1.00003
1.00007
1.00018
1.0004
1.00108
1.00248
1.00656
1.01542
1.03998
1.09795
1.25579
1.68339
2.96093
6.80827
12.2222
11.605
10.6126
1
1
1
1
1
1
1
1.00001
1.00003
1.00006
1.00015
1.0004
1.00091
1.00244
1.00556
1.01501
1.0346
1.09225
1.22709
1.61861
2.74681
6.18618
12.3471
11.62
10.6033
1
1
1
1
1
1
1
1.00001
1.00002
1.00006
1.00014
1.00036
1.0009
1.00215
1.00559
1.01308
1.03452
1.08256
1.21624
1.569
2.60806
5.7374
12.2872
11.6022
10.6207
1
1
1
1
1
1
1
1.00001
1.00002
1.00005
1.00014
1.00033
1.00089
1.00199
1.00542
1.01223
1.03317
1.07765
1.20593
1.53613
2.514
5.45229
12.0638
11.5567
10.6711
1
1
1
1
1
1
1
1.00001
1.00002
1.00005
1.00013
1.00032
1.00082
1.00195
1.00513
1.01183
1.03156
1.07479
1.19641
1.51252
2.44071
5.22678
11.7962
11.4818
10.7644
1
1
1
1
1
1
1
1.00001
1.00002
1.00005
1.00012
1.00033
1.00075
1.00198
1.00468
1.012
1.02932
1.07402
1.18694
1.49575
2.38156
5.04424
11.5382
11.3841
10.8585
1
1
1
1
1
1
1
1.00001
1.00002
1.00005
1.00012
1.00031
1.00073
1.00194
1.00444
1.01199
1.02757
1.07343
1.17934
1.48175
2.33388
4.89412
11.3035
11.2772
10.9184
1
1
1
1
1
1
1
1.00001
1.00002
1.00005
1.00012
1.00029
1.00075
1.0018
1.00451
1.01128
1.02759
1.07009
1.17643
1.46615
2.29439
4.76184
11.0675
11.2405
10.921
1
1
1
1
1
1
1
1.00001
1.00002
1.00005
1.00011
1.0003
1.00069
1.00182
1.00432
1.011
1.02712
1.06803
1.17221
1.45446
2.25839
4.64807
10.8474
11.2204
10.909
1
1
1
1
1
1
1
1.00001
1.00002
1.00005
1.00011
1.00028
1.00072
1.00169
1.00446
1.01028
1.02746
1.06494
1.17027
1.44086
2.22705
4.55163
10.6494
11.199
10.8918
1
1
1
1
1
1
1
1.00001
1.00002
1.00004
1.00012
1.00028
1.00069
1.00173
1.00415
1.01076
1.02548
1.06623
1.16359
1.43364
2.19673
4.471
10.4742
11.1781
10.8751
1
1
1
1
1
1
1
1.00001
1.00002
1.00005
1.00011
1.00028
1.00067
1.0017
1.0042
1.01024
1.02604
1.06361
1.16281
1.42419
2.17322
4.40317
10.3229
11.1591
10.8605
1
1
1
1
1
1
1
1.00001
1.00002
1.00004
1.00011
1.00027
1.00069
1.00167
1.00411
1.01039
1.02511
1.06405
1.15967
1.41945
2.15635
4.3492
10.1967
11.143
10.8486
1
1
1
1
1
1
1
1.00001
1.00002
1.00004
1.00011
1.00026
1.0007
1.00157
1.0043
1.0097
1.02622
1.06125
1.16133
1.41188
2.14719
4.3067
10.1
11.1306
10.8396
1
1
1
1
1
1
1
1.00001
1.00002
1.00004
1.00011
1.00026
1.0007
1.00157
1.00427
1.00971
1.02595
1.06121
1.15994
1.40979
2.1385
4.28012
10.0339
11.1224
10.8336
1
1
1
1
1
1
1
1.00001
1.00002
1.00004
1.00011
1.00027
1.00068
1.00161
1.00421
1.00973
1.02589
1.0609
1.1597
1.40847
2.1345
4.26644
10.0004
11.1188
10.831
3.80484
3.31831
4.31685
4.32053
4.09021
4.00242
3.96056
3.89412
3.81171
3.7371
3.68818
3.66505
3.65644
3.65494
3.66988
3.70404
3.75487
3.81816
3.88781
3.96112
4.0366
4.11351
4.19096
4.26835
4.34492
4.4201
4.49428
4.56577
4.63331
4.69571
4.75285
4.80463
4.85132
4.89278
4.92825
4.96351
4.99182
5.01298
5.02812
5.03807
5.0432
5.04333
5.04108
5.03426
5.02143
5.00503
4.98574
4.96333
4.93812
4.90999
4.8795
4.84655
4.81153
4.77448
4.73565
4.69509
4.65306
4.60954
4.56483
4.51886
4.47192
4.42395
4.3752
4.32566
4.2755
4.22478
4.17362
4.12211
4.07038
4.01851
3.96665
3.91488
3.86334
3.8121
3.76129
3.71098
3.66124
3.61215
3.56375
3.5161
3.46924
3.42322
3.37809
3.33389
3.29068
3.24851
3.20744
3.16754
3.12899
3.09186
3.05631
3.02251
2.99074
2.96132
2.93464
2.91121
2.8916
2.87648
2.86609
2.86322
4.72136
4.26957
4.41115
4.28385
4.06591
4.02903
4.01174
3.91311
3.80664
3.71781
3.67168
3.65335
3.64931
3.6533
3.66841
3.6996
3.74939
3.8132
3.8831
3.9562
4.03143
4.1079
4.18499
4.26199
4.33797
4.41177
4.48621
4.55785
4.62563
4.68807
4.74557
4.79765
4.84456
4.8862
4.923
4.95668
4.98484
5.00657
5.02221
5.03247
5.03766
5.03793
5.0362
5.03044
5.01796
5.00063
4.98112
4.95912
4.93414
4.9063
4.87586
4.84306
4.80813
4.77118
4.73242
4.69196
4.64998
4.60656
4.56188
4.51602
4.46911
4.42125
4.37254
4.32309
4.27299
4.22236
4.17127
4.11985
4.06821
4.01644
3.96467
3.91301
3.86157
3.81044
3.75974
3.70953
3.65989
3.61088
3.56257
3.51499
3.46819
3.42222
3.37714
3.33299
3.28983
3.2477
3.20666
3.16677
3.12827
3.09121
3.05574
3.02203
2.99036
2.96103
2.93448
2.91119
2.89177
2.87691
2.86675
2.86503
5.54794
4.83886
4.57714
4.329
4.11661
4.0393
3.96775
3.88772
3.79708
3.72193
3.68044
3.66424
3.65287
3.64466
3.65621
3.69167
3.74114
3.80651
3.87613
3.94923
4.02458
4.10128
4.17865
4.25594
4.33244
4.40758
4.48153
4.55288
4.62034
4.68286
4.7402
4.79231
4.83922
4.88102
4.91791
4.95073
4.97848
5.00025
5.01608
5.02639
5.03151
5.03156
5.03018
5.02539
5.01434
4.9959
4.97569
4.95354
4.92874
4.90108
4.87079
4.83807
4.80318
4.76628
4.72755
4.68714
4.64518
4.60182
4.55717
4.51137
4.46451
4.41671
4.36807
4.31869
4.26868
4.21813
4.16715
4.11584
4.06432
4.01269
3.96108
3.90957
3.8583
3.80735
3.75683
3.70679
3.65731
3.60845
3.56028
3.51283
3.46619
3.42035
3.37539
3.33131
3.28833
3.24634
3.20552
3.1659
3.12754
3.09055
3.05525
3.02173
2.99032
2.96126
2.93505
2.91215
2.89326
2.8791
2.86985
2.86983
5.91806
5.1481
4.71117
4.42758
4.21702
4.08816
4.00273
3.92325
3.83535
3.75783
3.70395
3.6721
3.65577
3.65637
3.66671
3.69519
3.74554
3.80772
3.8765
3.94864
4.02324
4.0995
4.17658
4.2535
4.32952
4.40382
4.47628
4.54637
4.61292
4.67481
4.73164
4.78331
4.82981
4.8713
4.90784
4.93986
4.96693
4.98857
5.00449
5.01491
5.02002
5.01995
5.01878
5.01488
5.00564
4.98726
4.96616
4.94342
4.91861
4.89126
4.86127
4.82881
4.79411
4.75738
4.7188
4.67853
4.63671
4.5935
4.549
4.50334
4.45664
4.40901
4.36054
4.31134
4.26152
4.21116
4.16038
4.10928
4.05799
4.0066
3.95524
3.90402
3.85303
3.80239
3.75217
3.7024
3.65323
3.60466
3.55673
3.50948
3.46308
3.41748
3.37284
3.32904
3.28623
3.24442
3.20381
3.16438
3.12632
3.08968
3.05474
3.02164
2.9907
2.96222
2.93669
2.91463
2.89678
2.88387
2.87703
2.87749
6.11345
5.38127
4.88862
4.56904
4.34848
4.19772
4.09955
4.02255
3.94449
3.86927
3.80792
3.7638
3.73391
3.71669
3.71703
3.72635
3.75429
3.81222
3.88313
3.95568
4.02968
4.10488
4.18068
4.25626
4.33077
4.40354
4.47411
4.5422
4.60683
4.66723
4.72279
4.77342
4.81901
4.85967
4.89549
4.92659
4.95293
4.97415
4.99001
5.00045
5.00552
5.00542
5.00436
5.00095
4.99291
4.97642
4.95463
4.93105
4.90593
4.87871
4.84903
4.8169
4.78246
4.74596
4.70756
4.66747
4.62583
4.5828
4.53848
4.49302
4.44651
4.39909
4.35083
4.30186
4.25226
4.20215
4.15162
4.10081
4.04981
3.99875
3.94773
3.89689
3.84625
3.79604
3.74624
3.69677
3.64796
3.59976
3.55225
3.50545
3.45939
3.41412
3.36974
3.32623
3.28373
3.24225
3.20198
3.16295
3.12535
3.08925
3.0549
3.02247
2.99232
2.96481
2.94046
2.91983
2.90373
2.89285
2.88922
2.89004
6.24613
5.58705
5.0915
4.74787
4.51558
4.36295
4.26881
4.20273
4.13724
4.06376
3.98666
3.91329
3.85016
3.80513
3.78512
3.78648
3.79718
3.82709
3.88895
3.96496
4.04193
4.11794
4.19236
4.26537
4.33672
4.406
4.47327
4.53794
4.59965
4.65766
4.71139
4.7605
4.80487
4.84444
4.87923
4.90935
4.93485
4.9555
4.97114
4.98157
4.98672
4.98663
4.98566
4.98263
4.97554
4.96088
4.93944
4.91549
4.88996
4.86264
4.83314
4.80132
4.76723
4.73102
4.69291
4.65308
4.6117
4.56891
4.52486
4.47966
4.43344
4.3863
4.33834
4.28966
4.24037
4.19058
4.14037
4.08991
4.03928
3.98863
3.93802
3.88765
3.83729
3.78765
3.7384
3.68975
3.64148
3.59377
3.54673
3.50033
3.45468
3.40976
3.36576
3.32263
3.28058
3.23955
3.1998
3.16134
3.12441
3.0891
3.05563
3.02425
2.99536
2.96937
2.94684
2.92841
2.91496
2.90732
2.90712
2.90836
6.35102
5.77049
5.3006
4.95727
4.72255
4.57607
4.4925
4.44057
4.38633
4.31112
4.21578
4.11184
4.01565
3.93852
3.888
3.86616
3.86804
3.87917
3.90938
3.97194
4.05185
4.13129
4.20646
4.27796
4.34577
4.41086
4.47344
4.53419
4.59224
4.64728
4.69865
4.7459
4.78881
4.82708
4.86063
4.88969
4.91425
4.93421
4.94945
4.95973
4.96488
4.96478
4.96385
4.96103
4.95453
4.94115
4.92086
4.89723
4.87152
4.84398
4.81448
4.78285
4.74907
4.71321
4.67545
4.63595
4.59488
4.55242
4.50869
4.46383
4.41795
4.37116
4.32356
4.27525
4.22634
4.17693
4.12715
4.07713
4.02699
3.97685
3.92682
3.87706
3.82788
3.77875
3.73007
3.68189
3.6342
3.58699
3.54041
3.49444
3.44926
3.40482
3.36132
3.31873
3.27725
3.23687
3.19784
3.16021
3.12423
3.08997
3.05776
3.02792
3.00085
2.97705
2.95715
2.94185
2.93227
2.92965
2.93037
2.93323
6.44414
5.93989
5.51523
5.19456
4.97583
4.84582
4.77923
4.73949
4.68725
4.60022
4.48056
4.3445
4.21238
4.10066
4.01712
3.96646
3.95011
3.95317
3.96602
3.99778
4.06239
4.14035
4.21642
4.28681
4.35229
4.41417
4.47352
4.52999
4.58394
4.63541
4.68391
4.72891
4.77002
4.80689
4.83905
4.86703
4.89051
4.90965
4.92433
4.93439
4.93951
4.93941
4.93849
4.93577
4.92958
4.91695
4.89807
4.87531
4.84984
4.82219
4.79259
4.761
4.72745
4.69191
4.65455
4.61543
4.57478
4.5327
4.4894
4.44494
4.39949
4.35312
4.30596
4.25808
4.20962
4.16066
4.11139
4.06188
4.01233
3.96293
3.9138
3.8649
3.81633
3.76798
3.71997
3.67234
3.62523
3.5786
3.53261
3.48723
3.44265
3.39885
3.356
3.31413
3.27341
3.23393
3.19587
3.15941
3.1247
3.09192
3.06147
3.03376
3.00923
2.98849
2.97223
2.96129
2.95733
2.95794
2.96018
2.96664
6.54121
6.1125
5.74551
5.467
5.28118
5.17622
5.12452
5.08343
5.01475
4.90197
4.75221
4.58558
4.42343
4.28295
4.1723
4.09634
4.05458
4.04468
4.04805
4.06077
4.09106
4.15183
4.22149
4.28935
4.35367
4.41407
4.47033
4.52319
4.57335
4.62121
4.6666
4.70909
4.74817
4.78341
4.81439
4.84124
4.86359
4.88196
4.89604
4.90576
4.91069
4.91058
4.90968
4.90704
4.9011
4.88905
4.87149
4.84994
4.82517
4.79777
4.76823
4.7367
4.70333
4.66811
4.63115
4.5925
4.55233
4.51075
4.46794
4.42397
4.37902
4.33313
4.28646
4.23907
4.19111
4.14267
4.09398
4.04528
3.99668
3.94823
3.89995
3.85184
3.80396
3.75631
3.70899
3.66204
3.61558
3.56962
3.52431
3.47965
3.43579
3.39275
3.3507
3.30972
3.26998
3.23162
3.19484
3.15983
3.12667
3.09589
3.06781
3.0429
3.02172
3.00499
2.99339
2.98837
2.98883
2.99095
2.9969
3.01046
6.65624
6.30644
6.00875
5.78617
5.64206
5.55896
5.50537
5.44078
5.33766
5.19016
5.01139
4.82161
4.63978
4.4803
4.34986
4.2533
4.18878
4.15401
4.14384
4.14613
4.15598
4.1803
4.22963
4.2881
4.34727
4.40566
4.46061
4.51157
4.55921
4.60411
4.64655
4.6864
4.72328
4.75675
4.78641
4.81211
4.83371
4.85134
4.86485
4.87418
4.87898
4.87886
4.87795
4.87534
4.86956
4.85787
4.84142
4.82106
4.79722
4.7704
4.74114
4.70976
4.67655
4.64159
4.60499
4.56679
4.52713
4.48609
4.44382
4.40041
4.356
4.31066
4.26451
4.21765
4.17026
4.12259
4.07485
4.02712
3.97945
3.93185
3.88435
3.837
3.78985
3.74297
3.69641
3.65023
3.60454
3.55936
3.51484
3.47101
3.42802
3.38591
3.34488
3.30503
3.26656
3.22966
3.19457
3.16135
3.1304
3.10221
3.07722
3.056
3.03924
3.02767
3.02216
3.02256
3.02459
3.03035
3.04289
3.06918
6.80728
6.53875
6.31686
6.15404
6.04564
5.96731
5.88679
5.77892
5.63239
5.45119
5.25078
5.04798
4.85696
4.68762
4.54579
4.43235
4.34785
4.29002
4.25584
4.23893
4.23927
4.24397
4.25882
4.29131
4.34124
4.39054
4.44245
4.49216
4.53881
4.58216
4.62253
4.66006
4.69469
4.72622
4.75438
4.779
4.79989
4.81704
4.83014
4.83923
4.84402
4.84388
4.84295
4.84036
4.83473
4.8234
4.80789
4.78865
4.76588
4.73991
4.71124
4.68025
4.64734
4.61268
4.57645
4.53872
4.49961
4.45916
4.41751
4.37473
4.33092
4.28616
4.24057
4.19437
4.14786
4.10121
4.05447
4.00769
3.9609
3.91414
3.86748
3.82097
3.77467
3.72864
3.68294
3.63764
3.59282
3.54856
3.50496
3.46212
3.42015
3.3792
3.33942
3.30099
3.26411
3.2291
3.19591
3.16503
3.13697
3.11214
3.09114
3.07464
3.0634
3.05812
3.05855
3.06072
3.06684
3.08021
3.10108
3.1408
7.00758
6.82296
6.67364
6.559
6.46406
6.36362
6.23708
6.07784
5.89006
5.68356
5.47175
5.26548
5.07349
4.90134
4.75264
4.62708
4.52569
4.44697
4.38919
4.34946
4.32589
4.31563
4.31707
4.32441
4.34307
4.38111
4.41955
4.46448
4.50972
4.55278
4.59251
4.62876
4.66167
4.69141
4.71808
4.74161
4.76185
4.77863
4.79167
4.80075
4.80569
4.80556
4.80466
4.80218
4.79678
4.78595
4.77127
4.75302
4.73133
4.70638
4.67855
4.6482
4.61577
4.58154
4.54574
4.5085
4.46993
4.43009
4.38908
4.34694
4.30376
4.25959
4.21476
4.16953
4.12406
4.07841
4.03263
3.98677
3.94087
3.89503
3.84926
3.80366
3.75827
3.71316
3.66841
3.62407
3.58024
3.537
3.49448
3.45278
3.41208
3.3725
3.33427
3.2976
3.26279
3.22996
3.19927
3.17148
3.14702
3.12647
3.11052
3.09993
3.09532
3.09585
3.09835
3.10499
3.11911
3.14578
3.17125
3.21475
7.27306
7.16388
7.06873
6.9755
6.864
6.71837
6.53805
6.33279
6.11494
5.89503
5.68067
5.47766
5.28951
5.11848
4.9657
4.83102
4.71538
4.61816
4.53878
4.47649
4.42993
4.39805
4.37857
4.3737
4.37619
4.38574
4.40781
4.43836
4.47446
4.51512
4.55433
4.59021
4.62236
4.6511
4.67674
4.69941
4.71907
4.73557
4.74872
4.75792
4.76336
4.76329
4.76251
4.76025
4.75526
4.74522
4.73131
4.71401
4.69341
4.66958
4.64278
4.61334
4.58164
4.54802
4.51276
4.47607
4.43807
4.39887
4.3585
4.31701
4.27446
4.23113
4.18733
4.14316
4.09873
4.05407
4.00928
3.96438
3.91946
3.87458
3.8298
3.78518
3.74079
3.6967
3.65298
3.60973
3.56702
3.52499
3.48374
3.44343
3.40425
3.36638
3.33008
3.29564
3.26333
3.23304
3.20574
3.18186
3.16197
3.14676
3.13709
3.13354
3.1343
3.13726
3.14506
3.16141
3.1874
3.21978
3.24633
3.28769
7.60326
7.5479
7.47814
7.37528
7.21958
7.01768
6.7886
6.55082
6.31688
6.09362
5.88351
5.68744
5.50497
5.33609
5.18047
5.0381
4.91021
4.79704
4.69896
4.6163
4.54866
4.49556
4.45582
4.42963
4.41396
4.4138
4.41687
4.42696
4.44805
4.47568
4.51007
4.54392
4.57535
4.6039
4.62936
4.65173
4.67112
4.68747
4.70075
4.71025
4.71635
4.71676
4.71615
4.7142
4.70979
4.70084
4.68785
4.67156
4.65207
4.62944
4.60384
4.57552
4.54481
4.51203
4.47752
4.44149
4.40415
4.3656
4.32588
4.28504
4.24333
4.20108
4.15837
4.11529
4.0719
4.02829
3.98452
3.94066
3.89678
3.85294
3.80921
3.76566
3.72236
3.67939
3.63684
3.5948
3.55339
3.51275
3.473
3.43436
3.39702
3.36127
3.32737
3.29577
3.26609
3.23941
3.21629
3.19733
3.18303
3.17444
3.17225
3.17325
3.17694
3.186
3.20471
3.23258
3.26351
3.29636
3.32054
3.35636
7.98046
7.94853
7.87983
7.73975
7.51755
7.26017
6.99674
6.74309
6.50608
6.28735
6.08491
5.89633
5.71888
5.55137
5.39301
5.2447
5.10578
4.97911
4.86534
4.76526
4.67897
4.60655
4.5474
4.50135
4.46741
4.44608
4.4346
4.43508
4.43894
4.44889
4.46928
4.49485
4.52273
4.55029
4.57562
4.59812
4.61766
4.63411
4.64757
4.65739
4.66408
4.66564
4.66516
4.66354
4.65981
4.65219
4.64035
4.6252
4.60694
4.58562
4.56138
4.53439
4.50491
4.47323
4.43968
4.40451
4.36795
4.33012
4.29107
4.25107
4.21045
4.16931
4.12772
4.08576
4.04347
4.00097
3.9583
3.91555
3.87278
3.83007
3.78748
3.7451
3.70301
3.66129
3.62007
3.57942
3.53953
3.50051
3.46258
3.42596
3.39091
3.35777
3.32698
3.29817
3.2723
3.25019
3.2323
3.21941
3.21161
3.21129
3.21269
3.21709
3.22786
3.24954
3.27842
3.31044
3.34126
3.37047
3.3897
3.41825
8.38263
8.35032
8.25799
8.05518
7.75551
7.45591
7.17671
6.92227
6.6916
6.48147
6.28707
6.10426
5.92969
5.76188
5.60024
5.4456
5.29838
5.161
5.03444
4.91983
4.81762
4.72821
4.65146
4.58729
4.53505
4.4948
4.46579
4.44772
4.43856
4.43904
4.44219
4.45128
4.47018
4.49278
4.51605
4.53826
4.55816
4.57509
4.58896
4.59925
4.60647
4.6095
4.60917
4.60793
4.60497
4.59886
4.58835
4.57452
4.55765
4.53781
4.51509
4.48962
4.4616
4.43128
4.39894
4.36486
4.32926
4.29224
4.25411
4.21523
4.17576
4.13578
4.09536
4.05456
4.01347
3.97214
3.93066
3.88911
3.84755
3.80607
3.76473
3.72366
3.68291
3.64262
3.60289
3.56389
3.52576
3.4887
3.45296
3.41881
3.3866
3.35683
3.32914
3.30429
3.28335
3.26681
3.25542
3.2494
3.24972
3.25181
3.25779
3.27085
3.29569
3.32574
3.35784
3.38884
3.41558
3.43845
3.45145
3.47275
8.81568
8.7489
8.58411
8.27156
7.93736
7.62535
7.34708
7.10075
6.88002
6.67843
6.48992
6.31006
6.13587
5.96616
5.80081
5.64066
5.4865
5.34051
5.20364
5.0771
4.96159
4.85764
4.76539
4.68476
4.61572
4.55814
4.51167
4.47606
4.45052
4.43562
4.42733
4.42742
4.43015
4.43802
4.45435
4.47335
4.49259
4.50974
4.52435
4.53551
4.54355
4.54812
4.548
4.5472
4.54504
4.54043
4.53147
4.51912
4.50382
4.48564
4.46463
4.44088
4.41453
4.3858
4.35493
4.32219
4.28772
4.25184
4.21496
4.17734
4.13911
4.10036
4.06118
4.02164
3.98182
3.94176
3.90158
3.86131
3.82108
3.78095
3.74102
3.70139
3.66218
3.62353
3.58556
3.54848
3.51246
3.47777
3.44471
3.41363
3.38507
3.35876
3.33514
3.31568
3.30061
3.29098
3.28716
3.28793
3.29098
3.299
3.31579
3.34232
3.37381
3.40632
3.43677
3.46299
3.48326
3.49867
3.50592
3.52053
9.2547
9.09582
8.78482
8.43314
8.0938
7.78855
7.52102
7.28562
7.07376
6.8778
6.6918
6.51189
6.33592
6.16318
5.99394
5.829
5.66935
5.51612
5.3709
5.23469
5.10826
4.99207
4.88643
4.79151
4.70734
4.63399
4.57121
4.51892
4.47689
4.44498
4.42322
4.40906
4.399
4.39948
4.40235
4.40968
4.42437
4.43907
4.45371
4.46562
4.47481
4.48096
4.48218
4.4817
4.48013
4.47661
4.46947
4.45873
4.44513
4.42875
4.40963
4.38778
4.36333
4.33642
4.30729
4.27613
4.24314
4.20878
4.17339
4.1372
4.10034
4.06296
4.02513
3.98695
3.94848
3.90982
3.87103
3.8322
3.79344
3.75482
3.71647
3.6785
3.64107
3.60431
3.56842
3.53363
3.50017
3.46839
3.43863
3.4115
3.3868
3.36471
3.34687
3.33381
3.32565
3.32459
3.32583
3.33018
3.34051
3.36156
3.39022
3.42267
3.45553
3.48556
3.5108
3.53011
3.54315
3.55131
3.55484
3.5625
9.62475
9.29561
8.92697
8.56901
8.24317
7.95569
7.70323
7.47792
7.27163
7.07744
6.89056
6.70815
6.52892
6.35255
6.17947
6.01032
5.84606
5.68716
5.53534
5.39133
5.25587
5.12944
5.01251
4.9053
4.80796
4.72042
4.64273
4.57501
4.51721
4.46931
4.4311
4.40355
4.38154
4.36532
4.35885
4.35932
4.3618
4.36792
4.37967
4.39041
4.40016
4.40753
4.4113
4.41112
4.41018
4.40776
4.40265
4.39354
4.38161
4.36705
4.34987
4.33007
4.30769
4.28283
4.2557
4.2264
4.19529
4.16278
4.12916
4.09462
4.05934
4.02348
3.98714
3.95045
3.91347
3.87632
3.83908
3.80184
3.76472
3.72781
3.69127
3.65522
3.61986
3.58535
3.55195
3.51992
3.4896
3.46139
3.43589
3.41307
3.39276
3.37677
3.36592
3.36021
3.36059
3.36284
3.36924
3.38307
3.40833
3.43892
3.47221
3.50506
3.53457
3.55899
3.57712
3.58902
3.59528
3.59765
3.59855
3.60131
9.85038
9.42806
9.03951
8.69633
8.39546
8.1302
7.89292
7.67537
7.47095
7.27496
7.08455
6.89802
6.71472
6.53454
6.35779
6.18495
6.01665
5.85319
5.69609
5.54574
5.40284
5.2679
5.14142
5.0236
4.91471
4.81468
4.72392
4.64236
4.5701
4.50715
4.45362
4.40968
4.37584
4.34727
4.32487
4.31256
4.30686
4.30718
4.30898
4.3135
4.32175
4.32861
4.33416
4.33572
4.3353
4.33389
4.33061
4.32392
4.31374
4.30089
4.28554
4.26774
4.2475
4.22487
4.19995
4.17289
4.14404
4.11369
4.0821
4.04946
4.01599
3.98184
3.94717
3.91212
3.87679
3.84132
3.80578
3.77033
3.73506
3.70013
3.66567
3.63187
3.59896
3.56715
3.53676
3.50812
3.48166
3.45806
3.4373
3.41913
3.40526
3.39662
3.39421
3.39528
3.39904
3.40846
3.42768
3.45525
3.48793
3.52209
3.55489
3.5839
3.60729
3.62441
3.63498
3.64025
3.64035
3.6398
3.63814
3.63867
9.99864
9.51728
9.13674
8.82498
8.55596
8.31319
8.08741
7.87325
7.66726
7.46721
7.27193
7.0807
6.89319
6.70933
6.5292
6.35306
6.18129
6.01428
5.85247
5.69683
5.54783
5.40587
5.27136
5.14456
5.02576
4.91506
4.81268
4.71864
4.63321
4.55652
4.48886
4.43019
4.38079
4.3412
4.30628
4.27816
4.26025
4.24965
4.24403
4.24409
4.245
4.24745
4.25237
4.25563
4.25563
4.2551
4.25342
4.24959
4.24182
4.2307
4.21709
4.2012
4.18307
4.16274
4.14023
4.11568
4.08937
4.06148
4.03219
4.00172
3.97028
3.93807
3.90528
3.87206
3.83858
3.80497
3.77137
3.73793
3.70477
3.67211
3.64009
3.60896
3.57896
3.55042
3.5237
3.49922
3.47773
3.4594
3.44342
3.43232
3.42607
3.42637
3.42843
3.4346
3.44797
3.47266
3.50312
3.53723
3.57194
3.6046
3.63298
3.6555
3.67157
3.68122
3.68486
3.68456
3.68322
3.67984
3.67261
3.67259
10.0704
9.5828
9.2369
8.96471
8.72524
8.49951
8.28009
8.06551
7.85567
7.65071
7.45055
7.25499
7.06378
6.87671
6.6937
6.51472
6.33994
6.16968
6.004
5.84406
5.69004
5.54219
5.40091
5.26643
5.13907
5.019
4.90644
4.80156
4.70461
4.61568
4.53506
4.46289
4.39932
4.34458
4.29965
4.25925
4.22586
4.20279
4.18703
4.17746
4.17213
4.17097
4.17127
4.17215
4.1731
4.17289
4.17205
4.16989
4.16524
4.15635
4.14486
4.13105
4.11508
4.09703
4.07701
4.0551
4.03147
4.00621
3.97945
3.9514
3.92226
3.89224
3.86157
3.83042
3.79902
3.76751
3.7361
3.70494
3.67424
3.6442
3.61506
3.5871
3.56064
3.53606
3.51383
3.49469
3.47899
3.46579
3.45703
3.45491
3.456
3.45992
3.46968
3.48947
3.51727
3.55053
3.58615
3.62138
3.65377
3.68147
3.70315
3.71827
3.72702
3.72946
3.72902
3.72732
3.72328
3.71524
3.70284
3.70174
10.0815
9.64702
9.35149
9.11486
8.89525
8.67799
8.46051
8.24433
8.03132
7.8227
7.61898
7.42015
7.22603
7.03631
6.85081
6.66936
6.492
6.31879
6.14983
5.98622
5.82792
5.67513
5.52809
5.38709
5.25236
5.12419
5.0028
4.8884
4.78124
4.68148
4.58941
4.5052
4.42917
4.36151
4.30234
4.25248
4.20672
4.1688
4.14039
4.11984
4.10586
4.09731
4.09252
4.09034
4.08965
4.08917
4.08832
4.08669
4.08354
4.07771
4.06905
4.0578
4.04423
4.02855
4.01105
3.9917
3.97074
3.94819
3.92414
3.89872
3.87211
3.84456
3.81626
3.78748
3.75842
3.72932
3.7004
3.67189
3.64403
3.61708
3.59136
3.56718
3.54501
3.52519
3.50875
3.4958
3.4857
3.48019
3.48063
3.48313
3.49005
3.50486
3.53046
3.56198
3.59738
3.63413
3.66973
3.70186
3.72886
3.74978
3.76404
3.77202
3.77348
3.77287
3.77096
3.76622
3.75684
3.74594
3.73095
3.72829
10.0798
9.72191
9.47556
9.26227
9.05155
8.83712
8.62035
8.40394
8.19008
7.98016
7.77485
7.5743
7.37838
7.18684
6.99947
6.81605
6.63654
6.46093
6.28942
6.12203
5.95992
5.80288
5.65097
5.50438
5.36338
5.22824
5.09924
4.97662
4.86064
4.75148
4.64944
4.55466
4.46748
4.38804
4.31667
4.25347
4.19931
4.14904
4.10732
4.07478
4.04992
4.0319
4.01964
4.01195
4.00749
4.00498
4.00332
4.00178
3.99969
3.99605
3.99015
3.98176
3.97092
3.95789
3.94281
3.92616
3.90787
3.88802
3.86672
3.84405
3.82019
3.79533
3.76971
3.74358
3.7172
3.69085
3.6648
3.63936
3.61483
3.59155
3.56989
3.5503
3.53323
3.51955
3.51001
3.50241
3.5016
3.50299
3.50783
3.51899
3.54137
3.57041
3.60503
3.64255
3.68041
3.71625
3.74812
3.7745
3.79464
3.80815
3.81551
3.81632
3.81564
3.81343
3.80842
3.79853
3.78599
3.77329
3.75696
3.753
10.0863
9.80182
9.59164
9.38933
9.18131
8.96885
8.75463
8.5408
8.32898
8.12035
7.91561
7.71504
7.51866
7.3263
7.13782
6.95304
6.77188
6.59428
6.42021
6.24983
6.08444
5.92365
5.76752
5.61617
5.46983
5.32878
5.1933
5.06368
4.94015
4.82296
4.71233
4.60846
4.51161
4.42196
4.33982
4.26538
4.19898
4.14065
4.08689
4.04198
4.00558
3.97698
3.95551
3.94024
3.93007
3.9236
3.91962
3.91711
3.91496
3.91259
3.90895
3.90332
3.8954
3.88526
3.87307
3.85912
3.8435
3.82638
3.80784
3.788
3.76702
3.74507
3.72239
3.69924
3.6759
3.65271
3.63
3.60815
3.58753
3.5686
3.55179
3.53766
3.52686
3.52048
3.51705
3.51793
3.52155
3.53044
3.54879
3.5757
3.60887
3.64618
3.68535
3.72414
3.76024
3.79187
3.81775
3.83728
3.85024
3.85709
3.8574
3.85666
3.8543
3.84902
3.83887
3.82649
3.81213
3.79806
3.78077
3.77582
10.1137
9.87457
9.68281
9.48528
9.28049
9.07261
8.86366
8.65478
8.44716
8.24177
8.03934
7.84024
7.64462
7.45247
7.26371
7.07825
6.89602
6.71702
6.5412
6.36869
6.19983
6.03556
5.87577
5.72038
5.56961
5.42364
5.28279
5.14733
5.01749
4.89354
4.77566
4.66409
4.55902
4.46065
4.36925
4.28502
4.20823
4.13934
4.0775
4.02097
3.97346
3.93411
3.90254
3.87823
3.8604
3.84806
3.83984
3.83475
3.83153
3.82906
3.8267
3.82333
3.81822
3.81114
3.80201
3.79095
3.77815
3.7638
3.74807
3.73111
3.71314
3.6943
3.67486
3.65503
3.63517
3.61562
3.59681
3.57918
3.5632
3.54942
3.53842
3.53076
3.5276
3.52801
3.53055
3.53739
3.55193
3.57699
3.60796
3.64425
3.68395
3.72478
3.76443
3.80081
3.83229
3.85783
3.87688
3.88965
3.89594
3.89617
3.89539
3.89301
3.88769
3.87764
3.86518
3.85123
3.83563
3.82046
3.80243
3.79672
10.165
9.9334
9.74324
9.55028
9.35257
9.15214
8.95012
8.74744
8.54517
8.34425
8.1453
7.9488
7.75494
7.56384
7.37552
7.19
7.00726
6.82734
6.65025
6.47581
6.30462
6.1375
5.97461
5.81579
5.66134
5.51131
5.36606
5.22581
5.09078
4.96125
4.83737
4.71936
4.60741
4.5017
4.40246
4.3099
4.22429
4.14586
4.07516
4.01055
3.95227
3.90275
3.86112
3.82719
3.80061
3.78075
3.76666
3.75731
3.75128
3.74759
3.7452
3.74295
3.74023
3.73616
3.73016
3.72221
3.71245
3.70105
3.68821
3.67424
3.65938
3.64384
3.62784
3.61166
3.59567
3.5803
3.56598
3.55333
3.54275
3.53518
3.53092
3.53127
3.53322
3.5389
3.55104
3.57301
3.60127
3.63615
3.67549
3.7174
3.75976
3.80036
3.83718
3.86869
3.89408
3.91302
3.9255
3.93192
3.93214
3.93141
3.92911
3.924
3.91428
3.90219
3.88831
3.87317
3.85661
3.84057
3.82197
3.81573
10.2217
9.96849
9.77357
9.58975
9.40322
9.21194
9.01742
8.82131
8.62494
8.4291
8.23436
8.04109
7.8496
7.66006
7.47268
7.28752
7.10473
6.92435
6.74649
6.57097
6.39815
6.2287
6.06315
5.9015
5.74399
5.59074
5.44196
5.29791
5.15872
5.02468
4.89592
4.77262
4.65502
4.54319
4.43745
4.3379
4.24484
4.15848
4.07907
4.00718
3.94066
3.88155
3.83037
3.787
3.75137
3.72317
3.70186
3.68672
3.67631
3.6698
3.66625
3.66412
3.66265
3.66085
3.65801
3.65323
3.64672
3.63836
3.62858
3.61778
3.60622
3.59413
3.58183
3.56964
3.55805
3.54749
3.53844
3.53164
3.52727
3.52752
3.52926
3.5342
3.54479
3.56321
3.58902
3.6216
3.65954
3.70147
3.74555
3.78949
3.83108
3.86845
3.90026
3.9257
3.94487
3.95764
3.96417
3.96498
3.96432
3.96221
3.95748
3.94857
3.93688
3.92363
3.90865
3.89263
3.87529
3.85856
3.83955
3.83301
10.2698
9.97854
9.78303
9.613
9.43928
9.25732
9.07011
8.88046
8.68994
8.49923
8.30874
8.11885
7.92984
7.74208
7.5558
7.3713
7.18871
7.00824
6.82994
6.6539
6.48003
6.30892
6.14131
5.97747
5.81758
5.66182
5.51029
5.36326
5.22077
5.0831
4.95039
4.82278
4.70054
4.58368
4.47255
4.36721
4.26792
4.17489
4.08837
4.00861
3.93594
3.86843
3.80878
3.75672
3.71237
3.67565
3.64648
3.62432
3.60826
3.59745
3.59106
3.58781
3.58657
3.58617
3.58538
3.58377
3.58056
3.5756
3.56943
3.56217
3.55409
3.54562
3.5373
3.52945
3.52299
3.5178
3.51485
3.51517
3.51693
3.52181
3.53209
3.54713
3.57034
3.60051
3.63662
3.67762
3.72211
3.76812
3.81351
3.85615
3.89418
3.92641
3.95229
3.97169
3.98555
3.99251
3.99413
3.99362
3.99193
3.98796
3.97996
3.96933
3.95625
3.94219
3.92628
3.90969
3.89173
3.87446
3.8551
3.84858
10.3037
9.97836
9.78506
9.62816
9.46623
9.29304
9.1128
8.92919
8.74401
8.55795
8.37131
8.18447
7.99778
7.81168
7.62654
7.4427
7.26046
7.08003
6.90159
6.72519
6.55084
6.37881
6.20982
6.04434
5.88262
5.7249
5.57121
5.4218
5.27669
5.13614
5.00026
4.86918
4.74317
4.62223
4.50667
4.39657
4.29212
4.19357
4.10106
4.01486
3.93532
3.86194
3.79477
3.73494
3.68254
3.63778
3.60043
3.57057
3.54788
3.5318
3.52136
3.51554
3.51303
3.51305
3.51321
3.51331
3.51311
3.5124
3.51076
3.50749
3.50328
3.49892
3.49505
3.49193
3.49186
3.4925
3.49475
3.5001
3.51103
3.52599
3.54532
3.57282
3.60635
3.64568
3.68972
3.73673
3.78478
3.83168
3.87534
3.91417
3.94702
3.97351
3.99362
4.00807
4.01701
4.0195
4.01917
4.01792
4.01491
4.00866
3.99878
3.98675
3.97304
3.95804
3.94168
3.92442
3.90609
3.8884
3.86905
3.86226
10.3261
9.97934
9.78725
9.63992
9.48805
9.32304
9.14925
8.971
8.79041
8.60825
8.42484
8.24055
8.05582
7.87111
7.6869
7.50365
7.32171
7.14138
6.96288
6.78632
6.61172
6.43927
6.26945
6.10287
5.93983
5.78059
5.62525
5.47396
5.32681
5.18395
5.04554
4.91168
4.78259
4.65834
4.53913
4.42512
4.31639
4.21326
4.11575
4.02421
3.93875
3.85987
3.78645
3.71992
3.6603
3.60788
3.5629
3.52564
3.49602
3.47359
3.45772
3.44779
3.4426
3.44244
3.44281
3.44385
3.44603
3.44883
3.45121
3.45277
3.45365
3.45433
3.45559
3.45795
3.46269
3.47021
3.48032
3.4947
3.51424
3.53818
3.5688
3.60577
3.64826
3.69513
3.74476
3.79498
3.84358
3.88855
3.92836
3.9621
3.98942
4.01057
4.02583
4.03639
4.0412
4.04113
4.04049
4.03836
4.0339
4.02502
4.0143
4.00161
3.98743
3.97185
3.95506
3.9373
3.91867
3.90064
3.88147
3.87437
10.3288
9.97891
9.78983
9.6508
9.50796
9.3503
9.18213
9.00834
8.83148
8.65243
8.47158
8.2893
8.10606
7.92242
7.73892
7.55609
7.37436
7.19409
7.01555
6.83887
6.66415
6.49151
6.32129
6.15403
5.99009
5.82972
5.6731
5.52031
5.37153
5.22681
5.08635
4.95023
4.81862
4.69166
4.56944
4.45221
4.33996
4.23301
4.13138
4.03535
3.94506
3.86074
3.78251
3.71001
3.64406
3.58501
3.53322
3.4889
3.45204
3.4227
3.40069
3.38572
3.37688
3.37478
3.37521
3.37665
3.37982
3.38566
3.39207
3.39848
3.40494
3.41152
3.41887
3.42748
3.43879
3.4537
3.47246
3.49604
3.52381
3.55825
3.59872
3.64445
3.69426
3.7464
3.79879
3.8492
3.89567
3.93677
3.97168
4.00017
4.02252
4.03916
4.05088
4.05804
4.06013
4.0597
4.05832
4.05505
4.04852
4.03889
4.02748
4.01439
3.99981
3.98382
3.96667
3.94856
3.92969
3.91141
3.89232
3.88509
10.3221
9.97581
9.79309
9.66261
9.52766
9.37612
9.21253
9.04234
8.86839
8.69176
8.51284
8.33208
8.14999
7.96715
7.78418
7.60163
7.42003
7.23974
7.0611
6.8843
6.70945
6.53672
6.36631
6.19865
6.03408
5.87287
5.71522
5.56126
5.41112
5.26492
5.12278
4.98481
4.85117
4.72196
4.59732
4.4774
4.36229
4.25215
4.14713
4.04731
3.95298
3.86418
3.78136
3.70387
3.63271
3.568
3.51003
3.45907
3.41545
3.37944
3.35109
3.33037
3.31693
3.31097
3.31126
3.31262
3.31598
3.32303
3.33339
3.34498
3.35733
3.37046
3.38475
3.40096
3.42001
3.44298
3.47112
3.50303
3.54123
3.5853
3.63438
3.6872
3.74191
3.79645
3.84868
3.89676
3.93935
3.97574
4.00572
4.0296
4.04788
4.0611
4.07039
4.07519
4.07519
4.07458
4.07275
4.06865
4.06064
4.05055
4.03873
4.02528
4.01037
3.99408
3.97664
3.95829
3.93924
3.92074
3.90174
3.89434
10.3088
9.97069
9.79752
9.67558
9.54723
9.40055
9.24054
9.07317
8.90149
8.7267
8.54926
8.36965
8.18841
8.00618
7.82359
7.64125
7.45968
7.27932
7.10053
6.92357
6.74857
6.57572
6.40517
6.23724
6.07222
5.91038
5.75193
5.59705
5.4458
5.29841
5.15489
5.01545
4.88013
4.74912
4.62249
4.50037
4.3829
4.27012
4.16228
4.05936
3.96167
3.86913
3.78222
3.70076
3.62511
3.55542
3.49204
3.43538
3.38574
3.34352
3.30895
3.28223
3.26355
3.25249
3.25169
3.25264
3.25567
3.26251
3.27599
3.29246
3.31092
3.33113
3.35347
3.37827
3.40631
3.43876
3.47551
3.51766
3.56545
3.61796
3.67376
3.73113
3.78793
3.84212
3.89195
3.93622
3.97428
4.00605
4.03175
4.05192
4.06708
4.078
4.0856
4.08823
4.08793
4.08686
4.08432
4.07909
4.07073
4.06033
4.04821
4.03449
4.01933
4.00283
3.98521
3.96665
3.94748
3.92885
3.9099
3.90224
10.2966
9.96673
9.80282
9.68864
9.56581
9.42291
9.2657
9.1005
8.93062
8.75723
8.58092
8.40221
8.22163
8.03987
7.85757
7.67532
7.49369
7.31321
7.13421
6.95704
6.78185
6.60884
6.43815
6.26998
6.10463
5.94232
5.78325
5.62764
5.47553
5.32719
5.18258
5.04197
4.90532
4.77287
4.6446
4.52074
4.4013
4.28642
4.17622
4.07075
3.97028
3.8747
3.78445
3.69961
3.62009
3.54627
3.47841
3.41694
3.36208
3.31435
3.27404
3.24157
3.2174
3.20139
3.19655
3.19736
3.20025
3.2071
3.22111
3.24185
3.26648
3.29427
3.32528
3.35963
3.39776
3.44035
3.48693
3.53889
3.59497
3.65399
3.71406
3.77326
3.82956
3.88134
3.92748
3.96743
4.00114
4.02891
4.05116
4.06861
4.0814
4.09095
4.09702
4.09825
4.09785
4.09657
4.09364
4.08766
4.07897
4.06835
4.05603
4.04213
4.02681
4.01017
3.9924
3.97374
3.95447
3.93582
3.91676
3.90881
10.2869
9.96435
9.80842
9.70068
9.58232
9.44247
9.28744
9.12396
8.95546
8.78324
8.60783
8.42981
8.24978
8.06838
7.88623
7.70403
7.52231
7.34165
7.16242
6.985
6.8096
6.63638
6.46552
6.29714
6.13153
5.96885
5.80933
5.65315
5.50042
5.35133
5.20593
5.06437
4.92671
4.79311
4.66355
4.5383
4.41725
4.3007
4.18858
4.0811
3.97831
3.88037
3.7874
3.69959
3.61699
3.53988
3.46837
3.40295
3.34372
3.29134
3.24604
3.20842
3.17899
3.15826
3.14798
3.14851
3.15101
3.15737
3.17077
3.19458
3.22493
3.26044
3.30063
3.34511
3.39405
3.44682
3.50405
3.56467
3.62738
3.69062
3.75243
3.81106
3.86495
3.91313
3.95514
3.99097
4.02094
4.04553
4.06525
4.0806
4.09215
4.10063
4.1055
4.10593
4.10551
4.10415
4.10102
4.09466
4.08566
4.07485
4.0624
4.0484
4.03299
4.01627
3.99842
3.9797
3.96037
3.94167
3.92302
3.91404
10.2799
9.96335
9.81362
9.71094
9.59612
9.45862
9.30528
9.14313
8.97573
8.80438
8.62972
8.45226
8.27258
8.09139
7.90934
7.72709
7.54527
7.36441
7.18498
7.00731
6.83169
6.65824
6.4872
6.31861
6.1528
5.98983
5.83
5.67341
5.52026
5.37059
5.22464
5.08234
4.94395
4.80943
4.67892
4.55256
4.43029
4.31242
4.1988
4.08976
3.98518
3.88538
3.7903
3.70024
3.61518
3.53549
3.4611
3.39257
3.32991
3.27381
3.22445
3.18254
3.14852
3.12359
3.10763
3.10773
3.10958
3.11515
3.12752
3.15244
3.18789
3.23077
3.28006
3.3348
3.39452
3.45784
3.5242
3.59198
3.65941
3.72473
3.78621
3.84261
3.89308
3.93733
3.97543
4.00774
4.03476
4.05698
4.07495
4.08887
4.09964
4.10741
4.11164
4.11162
4.11116
4.10974
4.10651
4.09994
4.09078
4.07985
4.06733
4.05329
4.03785
4.0211
4.00321
3.98445
3.96508
3.94629
3.92819
3.9182
10.2754
9.96339
9.81816
9.71912
9.60696
9.47126
9.31921
9.15805
8.99149
8.82088
8.64673
8.46963
8.29019
8.10912
7.92711
7.7448
7.56286
7.3818
7.20216
7.02425
6.84842
6.67475
6.50352
6.33475
6.16874
6.00557
5.84551
5.68864
5.53519
5.38515
5.2388
5.09599
4.95707
4.82189
4.69069
4.56349
4.44034
4.32147
4.20676
4.09655
3.99066
3.88948
3.79285
3.70115
3.61426
3.53262
3.45609
3.38527
3.32007
3.26117
3.20875
3.16353
3.12594
3.09746
3.07746
3.07473
3.07633
3.08158
3.09374
3.11862
3.15756
3.20649
3.26382
3.32794
3.39725
3.47001
3.54407
3.61722
3.6875
3.75323
3.81319
3.86676
3.91381
3.95455
3.98946
4.01908
4.04396
4.06457
4.0813
4.09454
4.10475
4.11201
4.11591
4.11584
4.11532
4.11382
4.11049
4.10376
4.09457
4.08363
4.07109
4.05703
4.04157
4.0248
4.0069
3.98813
3.96873
3.94976
3.93221
3.92143
10.2731
9.96387
9.8214
9.72462
9.6142
9.47969
9.3285
9.16796
9.00194
8.83173
8.65791
8.48104
8.30175
8.12078
7.9388
7.75648
7.57446
7.39326
7.21346
7.03538
6.85939
6.68558
6.51422
6.34533
6.17919
6.0159
5.85568
5.69866
5.54503
5.39476
5.24816
5.10503
4.96576
4.83015
4.69849
4.57074
4.44703
4.32748
4.21207
4.10108
3.99434
3.89227
3.79463
3.70187
3.6138
3.53091
3.45298
3.38065
3.31377
3.25303
3.19859
3.15112
3.11113
3.08009
3.05754
3.05197
3.05342
3.05847
3.07043
3.09513
3.13626
3.18942
3.25279
3.32417
3.40112
3.48073
3.56015
3.63666
3.70821
3.77343
3.83161
3.88272
3.92707
3.96527
3.99796
4.0258
4.04929
4.06892
4.08487
4.09784
4.10773
4.11469
4.11845
4.11838
4.11785
4.11632
4.11296
4.10617
4.09698
4.08604
4.0735
4.05944
4.044
4.02725
4.00931
3.99062
3.97109
3.95206
3.93497
3.92351
10.2725
9.9649
9.82382
9.7283
9.61894
9.48515
9.33441
9.17412
9.00826
8.83816
8.66439
8.48753
8.30821
8.12717
7.94513
7.76271
7.58059
7.39925
7.21932
7.04109
6.86499
6.69107
6.51961
6.35064
6.1844
6.02104
5.86073
5.70362
5.54988
5.39949
5.25276
5.10946
4.97001
4.83416
4.70227
4.57423
4.45022
4.33032
4.21456
4.10317
3.99601
3.89347
3.79533
3.70204
3.61338
3.52987
3.45125
3.37819
3.31049
3.24884
3.19341
3.14483
3.10364
3.07125
3.04741
3.04011
3.04147
3.04641
3.05826
3.08287
3.12525
3.18074
3.24747
3.32293
3.40412
3.48746
3.56964
3.64768
3.71959
3.78423
3.84123
3.8909
3.93376
3.97061
4.00216
4.02908
4.05189
4.07104
4.08659
4.09945
4.10922
4.11604
4.11974
4.11967
4.11914
4.11761
4.11423
4.10742
4.09821
4.08727
4.07473
4.06067
4.04525
4.02849
4.01054
3.99194
3.97226
3.95324
3.93632
3.92457
)
;

boundaryField
{
    inlet
    {
        type            fixedValue;
        value           uniform 1;
    }
    outlet
    {
        type            waveTransmissive;
        gamma           1.4;
        fieldInf        1;
        lInf            3;
        value           nonuniform List<scalar> 
40
(
2.85471
2.85652
2.86126
2.86889
2.88131
2.89948
2.92418
2.95729
3.00071
3.05903
3.13042
3.20428
3.27727
3.34603
3.408
3.4625
3.51023
3.55206
3.59069
3.62787
3.66175
3.69088
3.71739
3.74207
3.76487
3.78575
3.80474
3.82199
3.83752
3.85112
3.86323
3.87392
3.88313
3.891
3.89749
3.90268
3.90684
3.91006
3.91215
3.91322
)
;
    }
    bottom
    {
        type            symmetryPlane;
    }
    top
    {
        type            symmetryPlane;
    }
    obstacle
    {
        type            zeroGradient;
    }
    defaultFaces
    {
        type            empty;
    }
}


// ************************************************************************* //
