/*--------------------------------*- C++ -*----------------------------------*\
  =========                 |
  \\      /  F ield         | OpenFOAM: The Open Source CFD Toolbox
   \\    /   O peration     | Website:  https://openfoam.org
    \\  /    A nd           | Version:  10
     \\/     M anipulation  |
\*---------------------------------------------------------------------------*/
FoamFile
{
    format      ascii;
    class       volScalarField;
    location    "9.5";
    object      rho;
}
// * * * * * * * * * * * * * * * * * * * * * * * * * * * * * * * * * * * * * //

dimensions      [1 -3 0 0 0 0 0];

internalField   nonuniform List<scalar> 
5250
(
1.40001
1.40003
1.40007
1.40022
1.40047
1.40136
1.4029
1.40814
1.41771
1.44717
1.50399
1.6443
1.91967
2.65162
5.40341
5.73338
5.67774
5.66659
5.68961
5.77173
5.85494
5.90792
5.94864
5.9815
6.00858
1.40001
1.40003
1.40007
1.40022
1.40047
1.40136
1.40284
1.40814
1.41736
1.44692
1.50278
1.64206
1.91523
2.63555
5.36602
5.73127
5.67617
5.66391
5.68704
5.76927
5.8525
5.90584
5.94749
5.98123
6.00939
1.40001
1.40003
1.40008
1.40021
1.40048
1.40125
1.40297
1.40748
1.41803
1.44411
1.50303
1.63505
1.90778
2.60198
5.28282
5.72669
5.67165
5.6547
5.67705
5.75755
5.84007
5.89256
5.93421
5.96737
5.99546
1.40001
1.40003
1.40008
1.40018
1.40052
1.40108
1.40316
1.40662
1.41865
1.44051
1.50281
1.62448
1.89604
2.5524
5.15178
5.72209
5.66574
5.63896
5.65946
5.73675
5.81687
5.86854
5.90935
5.94236
5.97096
1.40001
1.40003
1.40007
1.4002
1.40042
1.40122
1.40255
1.40733
1.41563
1.4424
1.49298
1.62072
1.87205
2.49209
4.96812
5.71964
5.65945
5.61723
5.63535
5.70774
5.7851
5.83388
5.87294
5.90455
5.93444
1.40001
1.40003
1.40007
1.40018
1.40042
1.40108
1.40258
1.40642
1.41568
1.43801
1.49007
1.60589
1.84926
2.41576
4.7271
5.72398
5.65472
5.58951
5.60386
5.67008
5.74347
5.7882
5.82379
5.85417
5.88513
1.40001
1.40002
1.40007
1.40015
1.40041
1.40094
1.40245
1.4058
1.41457
1.43484
1.48384
1.59014
1.81975
2.32927
4.42175
5.73768
5.6538
5.55705
5.56712
5.62328
5.69158
5.72935
5.75767
5.78175
5.81367
1.40001
1.40002
1.40005
1.40016
1.40033
1.40095
1.40199
1.40573
1.41215
1.43329
1.47309
1.5766
1.78077
2.23635
4.04668
5.76495
5.65933
5.52093
5.52504
5.56819
5.62608
5.65495
5.67207
5.68402
5.71121
1.40001
1.40002
1.40006
1.40012
1.40034
1.40072
1.40204
1.40438
1.41213
1.42664
1.46896
1.55202
1.7454
2.13648
3.6162
5.79956
5.67357
5.48763
5.48173
5.50769
5.55018
5.56111
5.55918
5.54536
5.55059
1.40001
1.40002
1.40005
1.40011
1.40028
1.40066
1.40169
1.40393
1.41022
1.42342
1.45902
1.53345
1.70197
2.04386
3.13408
5.80369
5.68191
5.46571
5.43735
5.44289
5.46197
5.45187
5.42091
5.35189
5.29691
1.40001
1.40002
1.40004
1.4001
1.40022
1.40062
1.40137
1.40364
1.40834
1.42145
1.44959
1.51942
1.66414
1.97159
2.8276
5.62628
5.60467
5.44878
5.3802
5.37163
5.36023
5.3268
5.2368
5.02715
4.4328
1.40001
1.40002
1.40003
1.40009
1.40019
1.40055
1.40114
1.40331
1.40687
1.41948
1.44196
1.50655
1.63192
1.91076
2.60079
5.21361
5.47341
5.40517
5.31475
5.29299
5.25948
5.19144
5.04638
4.75054
4.12631
1.40001
1.40001
1.40003
1.40007
1.40019
1.40041
1.40113
1.4025
1.40667
1.4152
1.439
1.48862
1.60715
1.84696
2.41169
4.68748
5.39591
5.35875
5.25553
5.20803
5.15819
5.06247
4.87431
4.57205
4.09333
1.40001
1.40001
1.40003
1.40007
1.40014
1.40039
1.40084
1.40234
1.40511
1.41385
1.43102
1.47827
1.57375
1.7886
2.24239
4.08976
5.36335
5.32724
5.21185
5.13017
5.05876
4.94382
4.75581
4.47473
4.10786
1.40001
1.40001
1.40002
1.40005
1.40012
1.40032
1.40069
1.40194
1.40409
1.41157
1.42482
1.46532
1.54302
1.72656
2.08957
3.43321
5.345
5.31253
5.19148
5.06178
4.97095
4.84757
4.66687
4.42028
4.11171
1.40001
1.40001
1.40002
1.40004
1.40011
1.40022
1.40064
1.40132
1.40381
1.40793
1.42221
1.44794
1.52002
1.66046
1.96053
2.78747
5.22974
5.27785
5.18936
5.0163
4.8997
4.77537
4.60185
4.38125
4.11534
1.40001
1.40001
1.40002
1.40004
1.40008
1.4002
1.40046
1.40117
1.40282
1.40682
1.41698
1.44015
1.49593
1.61645
1.87013
2.47617
4.78301
5.1866
5.13214
4.98127
4.84295
4.71749
4.55471
4.35253
4.1219
1.40001
1.40001
1.40001
1.40003
1.40007
1.40015
1.40039
1.40089
1.40226
1.40543
1.41334
1.43231
1.47683
1.57577
1.78676
2.23919
4.05495
5.0893
5.06348
4.96195
4.80198
4.66962
4.51941
4.33576
4.13126
1.40001
1.40001
1.40001
1.40002
1.40005
1.40012
1.40029
1.40071
1.40168
1.40436
1.40989
1.42574
1.45843
1.53958
1.70654
2.04903
3.26557
5.01527
5.02832
4.96019
4.79671
4.63955
4.4955
4.33063
4.14693
1.40001
1.40001
1.40001
1.40002
1.40004
1.4001
1.40021
1.40054
1.40128
1.40315
1.40776
1.41845
1.44518
1.50466
1.63678
1.90041
2.58491
4.77133
5.02086
4.95837
4.80534
4.63192
4.4856
4.34227
4.17258
1.40001
1.40001
1.40001
1.40002
1.40003
1.40007
1.40018
1.40037
1.40105
1.4022
1.40623
1.4132
1.43574
1.47815
1.58694
1.79873
2.2777
4.13067
4.94467
4.91509
4.8157
4.64257
4.49811
4.36112
4.21935
1.40001
1.40001
1.40001
1.40001
1.40002
1.40006
1.40012
1.40031
1.40069
1.40179
1.40422
1.41048
1.42515
1.4606
1.53886
1.7102
2.04745
3.28678
4.83606
4.88189
4.82252
4.67575
4.52678
4.39367
4.28233
1.40001
1.40001
1.40001
1.40001
1.40002
1.40004
1.4001
1.4002
1.40054
1.40122
1.40312
1.40736
1.41817
1.44314
1.50179
1.62795
1.87827
2.51873
4.54833
4.8837
4.83767
4.7207
4.57404
4.45254
4.37281
1.40001
1.40001
1.40001
1.40001
1.40002
1.40003
1.40007
1.40016
1.40035
1.40097
1.40204
1.4058
1.41211
1.43334
1.47179
1.57403
1.76913
2.19813
3.84126
4.83121
4.83237
4.77952
4.65386
4.55705
4.50015
1.40001
1.40001
1.40001
1.40001
1.40001
1.40002
1.40005
1.40011
1.40027
1.40062
1.40163
1.40359
1.40972
1.42121
1.45497
1.52123
1.67713
1.96693
2.9151
4.67195
4.87363
4.83867
4.77605
4.70417
4.66925
1.40001
1.40001
1.40001
1.40001
1.40001
1.40002
1.40003
1.40008
1.40018
1.40048
1.40101
1.40286
1.40599
1.41665
1.43583
1.49087
1.59799
1.82646
2.35335
4.21932
4.87625
4.94136
4.91404
4.88123
4.86184
1.40001
1.40001
1.40001
1.40001
1.40001
1.40001
1.40003
1.40006
1.40013
1.40033
1.40074
1.40196
1.40429
1.41167
1.42539
1.46539
1.54367
1.72391
2.07272
3.36261
4.79983
5.0869
5.10498
5.09485
5.0745
1.40001
1.40001
1.40001
1.40001
1.40001
1.40001
1.40002
1.40004
1.4001
1.40021
1.40057
1.40124
1.40327
1.40744
1.41899
1.44367
1.50513
1.63211
1.88603
2.54782
4.54703
5.23957
5.34297
5.33312
5.31027
1.40001
1.40001
1.40001
1.40001
1.40001
1.40001
1.40002
1.40003
1.40007
1.40015
1.40042
1.40087
1.40243
1.4052
1.41423
1.43111
1.47943
1.57357
1.78774
2.23796
3.92676
5.3547
5.60226
5.58158
5.54338
1.40001
1.40001
1.40001
1.40001
1.40001
1.40001
1.40001
1.40002
1.40006
1.40011
1.40031
1.40064
1.40178
1.40381
1.41046
1.4228
1.4593
1.52996
1.69938
2.02031
2.99888
5.42592
5.85825
5.83257
5.74854
1.40001
1.40001
1.40001
1.40001
1.40001
1.40001
1.40001
1.40002
1.40004
1.40009
1.40023
1.40051
1.40141
1.40298
1.40842
1.41794
1.44816
1.50561
1.64826
1.92621
2.67803
5.18419
5.96707
5.96374
5.86714
1.40001
1.40001
1.40001
1.40001
1.40001
1.40001
1.40001
1.40002
1.40003
1.40008
1.40019
1.40043
1.40115
1.40252
1.40704
1.41514
1.44092
1.49045
1.61531
1.86496
2.49268
4.77489
5.97869
5.99098
5.87477
1.40001
1.40001
1.40001
1.40001
1.40001
1.40001
1.40001
1.40001
1.40003
1.40006
1.40017
1.40036
1.40098
1.40224
1.40586
1.41372
1.43485
1.48078
1.59046
1.81665
2.36343
4.33804
6.0203
5.99397
5.79322
1.40001
1.40001
1.40001
1.40001
1.40001
1.40001
1.40001
1.40001
1.40003
1.40006
1.40014
1.40032
1.40088
1.4019
1.40546
1.41155
1.43216
1.47082
1.57327
1.77689
2.27003
3.96628
6.09963
5.998
5.68945
1.40001
1.40001
1.40001
1.40001
1.40001
1.40001
1.40001
1.40001
1.40003
1.40005
1.40013
1.4003
1.40074
1.40189
1.40439
1.41157
1.42678
1.46719
1.55428
1.74693
2.19093
3.63212
6.17505
5.97997
5.60116
1.40001
1.40001
1.40001
1.40001
1.40001
1.40001
1.40001
1.40001
1.40002
1.40005
1.40011
1.4003
1.40063
1.40179
1.4039
1.41072
1.424
1.46235
1.53955
1.72142
2.11128
3.3336
6.22109
5.96521
5.55806
1.40001
1.40001
1.40001
1.40001
1.40001
1.40001
1.40001
1.40001
1.40002
1.40005
1.40012
1.40024
1.40069
1.40144
1.40423
1.40876
1.42505
1.45415
1.5363
1.69726
2.05226
3.1433
6.17966
5.92826
5.52652
1.40001
1.40001
1.40001
1.40001
1.40001
1.40001
1.40001
1.40001
1.40002
1.40004
1.40011
1.40023
1.40064
1.40143
1.40381
1.40881
1.42286
1.45289
1.52842
1.685
2.01597
3.0283
6.0688
5.88109
5.52881
1.40001
1.40001
1.40001
1.40001
1.40001
1.40001
1.40001
1.40001
1.40002
1.40004
1.40011
1.40022
1.40063
1.40131
1.40384
1.40802
1.42274
1.44953
1.52483
1.67347
1.99191
2.93791
5.94528
5.83505
5.56192
1.40001
1.40001
1.40001
1.40001
1.40001
1.40001
1.40001
1.40001
1.40002
1.40004
1.4001
1.40023
1.40058
1.40132
1.40359
1.40795
1.42158
1.44858
1.51979
1.66641
1.96908
2.8677
5.83294
5.78878
5.59467
1.40001
1.40001
1.40001
1.40001
1.40001
1.40001
1.40001
1.40001
1.40002
1.40004
1.40009
1.40024
1.4005
1.40145
1.40305
1.40873
1.41887
1.45069
1.51229
1.66383
1.94587
2.81781
5.73055
5.737
5.61491
1.40001
1.40001
1.40001
1.40001
1.40001
1.40001
1.40001
1.40001
1.40002
1.40004
1.40009
1.40022
1.4005
1.40138
1.403
1.40848
1.41843
1.44924
1.51001
1.65754
1.92908
2.77796
5.62524
5.71676
5.61006
1.40001
1.40001
1.40001
1.40001
1.40001
1.40001
1.40001
1.40001
1.40002
1.40004
1.40009
1.40021
1.40054
1.40121
1.40332
1.4073
1.42001
1.44485
1.51152
1.64885
1.92075
2.74199
5.52748
5.70318
5.60033
1.40001
1.40001
1.40001
1.40001
1.40001
1.40001
1.40001
1.40001
1.40002
1.40004
1.40009
1.40019
1.40055
1.40114
1.40334
1.40699
1.41985
1.44333
1.50999
1.64249
1.91924
2.70622
5.4409
5.69097
5.58865
1.40001
1.40001
1.40001
1.40001
1.40001
1.40001
1.40001
1.40001
1.40002
1.40004
1.40008
1.40022
1.40046
1.40132
1.40278
1.40802
1.41713
1.44651
1.50273
1.64247
1.91558
2.67415
5.36762
5.6808
5.57725
1.40001
1.40001
1.40001
1.40001
1.40001
1.40001
1.40001
1.40001
1.40002
1.40004
1.40009
1.40019
1.40052
1.40113
1.40321
1.40682
1.41914
1.44201
1.50599
1.63402
1.91604
2.64398
5.30817
5.67371
5.5685
1.40001
1.40001
1.40001
1.40001
1.40001
1.40001
1.40001
1.40001
1.40002
1.40004
1.40008
1.40021
1.40046
1.40128
1.40274
1.4078
1.41679
1.44511
1.5004
1.63557
1.90757
2.62204
5.2629
5.66985
5.5629
1.40001
1.40001
1.40001
1.40001
1.40001
1.40001
1.40001
1.40001
1.40002
1.40003
1.40009
1.40019
1.40051
1.40114
1.403
1.40708
1.41791
1.44266
1.50236
1.63063
1.90581
2.60239
5.23109
5.66781
5.55952
1.40001
1.40001
1.40001
1.40001
1.40001
1.40001
1.40001
1.40001
1.40002
1.40003
1.40009
1.40019
1.4005
1.40115
1.40296
1.40713
1.41766
1.4427
1.50142
1.62974
1.90283
2.58957
5.2106
5.66676
5.5558
1.40001
1.40001
1.40001
1.40001
1.40001
1.40001
1.40001
1.40001
1.40002
1.40003
1.40009
1.40018
1.40052
1.40108
1.40316
1.40659
1.41874
1.44058
1.50383
1.62652
1.90366
2.58185
5.20096
5.66661
5.55316
2.26113
1.8631
2.16538
1.9891
1.88055
1.8659
1.85457
1.83016
1.80095
1.77552
1.76033
1.75424
1.75149
1.75139
1.75866
1.77297
1.79411
1.8196
1.84787
1.87683
1.90794
1.93822
1.97009
2.00128
2.03264
2.06469
2.09555
2.12701
2.15659
2.18495
2.21133
2.2368
2.26061
2.28193
2.29916
2.31756
2.33307
2.34612
2.35757
2.3675
2.37361
2.38006
2.38338
2.38725
2.38661
2.38665
2.38394
2.38129
2.37515
2.37036
2.3624
2.3551
2.34562
2.33593
2.32479
2.31364
2.30041
2.28837
2.27377
2.26046
2.2446
2.23002
2.2135
2.1975
2.18066
2.16354
2.1461
2.12843
2.11028
2.09237
2.07371
2.05556
2.03667
2.01845
1.99946
1.98142
1.96247
1.94476
1.92604
1.90865
1.89038
1.87322
1.85565
1.8387
1.82197
1.80538
1.78951
1.77355
1.75853
1.74358
1.72953
1.71587
1.70311
1.69113
1.68027
1.6706
1.66247
1.65612
1.65149
1.65165
2.78847
2.42442
2.35837
2.10928
1.89764
1.8535
1.79355
1.73645
1.68857
1.65146
1.63468
1.62715
1.62482
1.627
1.63593
1.65245
1.67718
1.70818
1.74301
1.77872
1.81691
1.85676
1.89715
1.93541
1.97223
2.00911
2.04728
2.08587
2.12191
2.15817
2.19133
2.22369
2.25241
2.28046
2.30603
2.33107
2.35336
2.37403
2.39228
2.40725
2.42088
2.43163
2.44139
2.44927
2.45498
2.45749
2.45964
2.45894
2.45829
2.45477
2.45057
2.44494
2.4379
2.43009
2.42059
2.41063
2.39911
2.38715
2.37423
2.36029
2.34624
2.33059
2.31523
2.29837
2.28164
2.26396
2.2461
2.22779
2.2091
2.19028
2.17095
2.15182
2.13202
2.11278
2.09273
2.07357
2.05353
2.03456
2.0148
1.99604
1.97682
1.95828
1.93977
1.92153
1.90381
1.8861
1.86912
1.85218
1.83604
1.82029
1.8052
1.79084
1.7772
1.76465
1.75305
1.74297
1.73432
1.72778
1.72285
1.72365
3.29173
2.83633
2.59459
2.39603
2.16608
2.03557
1.89384
1.78552
1.70314
1.65599
1.63378
1.61933
1.59389
1.58314
1.59218
1.61239
1.64274
1.67929
1.71925
1.76096
1.80464
1.84957
1.89428
1.94037
1.98735
2.03397
2.082
2.12857
2.1743
2.21781
2.26007
2.29943
2.33709
2.37272
2.40566
2.43747
2.466
2.49202
2.51482
2.53464
2.55224
2.56612
2.57945
2.5903
2.59821
2.60298
2.60529
2.60735
2.60628
2.60479
2.60032
2.59563
2.58833
2.5805
2.57095
2.56025
2.54894
2.53587
2.52285
2.50781
2.49296
2.4763
2.45983
2.44189
2.42416
2.40521
2.38651
2.36676
2.34724
2.3269
2.30671
2.286
2.26532
2.24442
2.2235
2.20253
2.18165
2.16066
2.1401
2.11912
2.09912
2.07822
2.0589
2.03823
2.01972
1.99968
1.98196
1.96281
1.94596
1.92787
1.91214
1.89554
1.88138
1.86672
1.85475
1.84277
1.83397
1.82592
1.82114
1.8215
3.54557
3.09321
2.79046
2.58883
2.40264
2.26268
2.14587
2.02741
1.90648
1.81277
1.7425
1.70483
1.68179
1.67557
1.68227
1.70008
1.73112
1.77028
1.81425
1.8622
1.91303
1.96556
2.01861
2.07268
2.12575
2.18055
2.2334
2.28686
2.33722
2.38587
2.4313
2.47377
2.5139
2.5499
2.58448
2.61451
2.64317
2.6672
2.68914
2.70694
2.72241
2.73395
2.74492
2.75334
2.75986
2.76077
2.76068
2.75827
2.75539
2.74964
2.74366
2.73442
2.72567
2.71348
2.70234
2.68774
2.67444
2.6579
2.64263
2.62452
2.60753
2.58814
2.56972
2.5493
2.52969
2.50845
2.48787
2.46603
2.44469
2.42248
2.40066
2.37829
2.35626
2.33391
2.31196
2.28969
2.26805
2.24593
2.22477
2.20283
2.18239
2.1609
2.14122
2.12031
2.10121
2.08099
2.06256
2.04332
2.02571
2.00772
1.99125
1.97491
1.96006
1.94588
1.93338
1.92224
1.91321
1.9064
1.90249
1.90412
3.68526
3.28199
2.98008
2.75929
2.59638
2.4535
2.35111
2.25407
2.16475
2.07911
2.01607
1.96678
1.93809
1.92049
1.9224
1.93176
1.95216
1.98921
2.03191
2.07969
2.12838
2.17869
2.23043
2.28177
2.33383
2.38413
2.43508
2.48262
2.52939
2.57167
2.61232
2.64912
2.68339
2.71485
2.74281
2.76872
2.79062
2.81059
2.82614
2.84001
2.84928
2.85726
2.86228
2.86809
2.86967
2.86916
2.86396
2.85916
2.85209
2.84485
2.83539
2.82523
2.81323
2.80058
2.78632
2.77162
2.75537
2.73894
2.72098
2.70297
2.68356
2.66409
2.64346
2.62273
2.6011
2.57939
2.55698
2.53462
2.51164
2.48892
2.46555
2.44274
2.41915
2.39636
2.37285
2.35006
2.32686
2.30442
2.28189
2.25981
2.23801
2.21628
2.19528
2.17411
2.15395
2.13356
2.11433
2.09495
2.07683
2.05869
2.04192
2.02535
2.01039
1.99605
1.98364
1.97253
1.96394
1.95737
1.95501
1.95628
3.77148
3.43129
3.14673
2.9315
2.76743
2.64252
2.54403
2.46769
2.39413
2.32619
2.26446
2.21271
2.1748
2.15059
2.14215
2.14653
2.15892
2.18124
2.21666
2.26093
2.30637
2.35284
2.39734
2.44303
2.48612
2.52983
2.57119
2.6119
2.64975
2.68633
2.72023
2.75192
2.78093
2.80741
2.83065
2.85184
2.86949
2.88562
2.89799
2.90902
2.91621
2.92173
2.92538
2.929
2.93001
2.92814
2.92234
2.91527
2.90747
2.89832
2.88853
2.87672
2.86451
2.85026
2.8359
2.81965
2.80342
2.78556
2.76777
2.74872
2.72966
2.70968
2.68947
2.6687
2.6474
2.62601
2.60374
2.58184
2.5588
2.5365
2.51295
2.49034
2.46651
2.44373
2.4203
2.39752
2.37452
2.35148
2.32901
2.30596
2.28413
2.26129
2.2402
2.2179
2.19763
2.17622
2.1569
2.13678
2.1186
2.10022
2.08342
2.06719
2.05236
2.03885
2.02709
2.01718
2.00993
2.00524
2.00506
2.00733
3.83787
3.54806
3.29412
3.09042
2.93658
2.82354
2.74051
2.67834
2.61898
2.55947
2.49524
2.43595
2.38557
2.34741
2.32426
2.31645
2.32149
2.33237
2.35074
2.38511
2.42864
2.47237
2.51437
2.55483
2.59398
2.63118
2.66759
2.70248
2.73624
2.76865
2.79882
2.82704
2.85289
2.87637
2.89745
2.91679
2.93368
2.94892
2.96149
2.97211
2.98011
2.98542
2.99014
2.99374
2.99597
2.99438
2.98981
2.9826
2.9752
2.9658
2.95631
2.94463
2.93263
2.91861
2.90423
2.88817
2.87167
2.85381
2.83546
2.81602
2.79614
2.77536
2.75417
2.73222
2.70992
2.68701
2.66384
2.64028
2.61653
2.59256
2.56855
2.54449
2.52075
2.4967
2.47304
2.44905
2.4258
2.40189
2.37918
2.35555
2.33347
2.31033
2.28889
2.26648
2.24573
2.22428
2.20437
2.18416
2.16547
2.14682
2.12979
2.1133
2.09858
2.08529
2.07384
2.06502
2.05854
2.0564
2.05585
2.05911
3.89249
3.64755
3.42688
3.2439
3.10633
3.00897
2.9432
2.89371
2.84495
2.78615
2.71741
2.64558
2.57956
2.52599
2.48655
2.46337
2.45757
2.46352
2.47276
2.49134
2.52606
2.56798
2.60986
2.64882
2.68606
2.72115
2.75548
2.78797
2.81951
2.84971
2.87855
2.90569
2.93104
2.95415
2.97489
2.99411
3.01024
3.02499
3.03656
3.04649
3.05299
3.05687
3.05989
3.06196
3.06278
3.05992
3.05453
3.04615
3.03743
3.02629
3.01543
3.00204
2.98896
2.97332
2.95803
2.9404
2.92315
2.90386
2.88497
2.86435
2.84407
2.82238
2.80091
2.77833
2.75587
2.73255
2.70935
2.68555
2.662
2.63813
2.61463
2.59073
2.56725
2.54321
2.51972
2.49557
2.47224
2.44819
2.42518
2.40148
2.37898
2.3559
2.33409
2.31188
2.29086
2.26987
2.24982
2.23038
2.21173
2.19417
2.17745
2.16251
2.14863
2.13726
2.12765
2.12101
2.11804
2.118
2.1181
2.12405
3.94619
3.73914
3.55302
3.39993
3.28468
3.20837
3.15737
3.11587
3.06618
3.00101
2.92206
2.83846
2.75876
2.69054
2.63744
2.60057
2.58211
2.57853
2.58443
2.59245
2.60959
2.6421
2.67951
2.71644
2.75204
2.78524
2.81728
2.84655
2.87557
2.9023
2.92871
2.9527
2.97577
2.99591
3.01485
3.03074
3.04499
3.05705
3.06669
3.07452
3.07942
3.08189
3.08381
3.0849
3.08499
3.08151
3.07598
3.06748
3.05836
3.04675
3.03518
3.02134
3.00764
2.99178
2.97599
2.95828
2.94058
2.92131
2.90199
2.88144
2.86076
2.83915
2.81727
2.79478
2.77189
2.74871
2.72514
2.70172
2.67806
2.6545
2.63089
2.60712
2.5836
2.55961
2.53614
2.51207
2.48868
2.4648
2.44163
2.41819
2.39543
2.37271
2.35058
2.32889
2.30765
2.28727
2.26731
2.24858
2.23034
2.21361
2.19805
2.18406
2.17227
2.16231
2.1555
2.15178
2.15171
2.15246
2.15442
2.16516
4.00482
3.84029
3.6879
3.5669
3.4774
3.41803
3.37569
3.33095
3.27245
3.19561
3.10631
3.013
2.92405
2.84723
2.78345
2.73743
2.70584
2.69061
2.68678
2.69194
2.69831
2.71247
2.73912
2.77083
2.80271
2.83487
2.86475
2.89328
2.91936
2.94478
2.9683
2.99108
3.0119
3.03138
3.04875
3.06444
3.07792
3.08942
3.09878
3.10613
3.11121
3.11348
3.11576
3.11668
3.11695
3.11325
3.10808
3.0997
3.09071
3.07895
3.06718
3.05313
3.03922
3.02333
3.00744
2.98985
2.97211
2.95304
2.93368
2.91334
2.89263
2.87112
2.84927
2.82663
2.80388
2.78049
2.75733
2.73368
2.71017
2.68653
2.66265
2.63917
2.61506
2.59162
2.56761
2.544
2.52045
2.49669
2.4738
2.45024
2.42799
2.40516
2.38356
2.36192
2.34112
2.32109
2.30155
2.28348
2.26574
2.25016
2.23549
2.22327
2.2131
2.20562
2.20135
2.20099
2.20121
2.20338
2.20783
2.22569
4.07726
3.94979
3.83678
3.74824
3.6819
3.63238
3.58457
3.52605
3.45126
3.36252
3.26548
3.16684
3.07423
2.99186
2.92389
2.86877
2.82868
2.80046
2.78583
2.77793
2.78156
2.78564
2.7949
2.81223
2.83932
2.8657
2.89343
2.92062
2.94563
2.96986
2.99196
3.01296
3.03256
3.05022
3.06685
3.081
3.09405
3.10441
3.11311
3.11968
3.12429
3.12563
3.12745
3.12753
3.12751
3.12328
3.11831
3.10983
3.10106
3.08914
3.07732
3.06292
3.04881
3.03254
3.01648
2.99855
2.98072
2.96132
2.94187
2.92128
2.90039
2.87885
2.85668
2.8344
2.81154
2.78885
2.76571
2.74256
2.71933
2.6958
2.67256
2.64886
2.62561
2.60195
2.57868
2.55521
2.53198
2.50892
2.48591
2.46347
2.44101
2.4194
2.39791
2.37737
2.35731
2.33823
2.32008
2.30274
2.2872
2.27276
2.26073
2.25066
2.24348
2.23939
2.23909
2.23947
2.24187
2.24739
2.25705
2.2834
4.17715
4.08329
4.00597
3.9434
3.88954
3.83551
3.77156
3.69347
3.60276
3.50419
3.40396
3.30491
3.21307
3.12937
3.05831
2.99729
2.94901
2.91084
2.88397
2.86536
2.856
2.85239
2.85596
2.86065
2.8711
2.89154
2.91256
2.93634
2.96091
2.98451
3.00607
3.02645
3.04446
3.06146
3.07658
3.09042
3.10267
3.11306
3.12164
3.12821
3.13281
3.13435
3.13604
3.13644
3.13648
3.13266
3.12783
3.11984
3.11116
3.09967
3.08758
3.07348
3.05877
3.04284
3.02614
3.00863
2.99038
2.97135
2.95185
2.93137
2.91074
2.889
2.86733
2.84503
2.82258
2.80005
2.77694
2.75421
2.73071
2.70776
2.68424
2.66111
2.6378
2.61455
2.59156
2.56828
2.54565
2.52261
2.50037
2.47799
2.4563
2.43502
2.41419
2.39446
2.37506
2.35731
2.33985
2.32447
2.31027
2.29834
2.28871
2.28177
2.27814
2.27786
2.27842
2.28045
2.28707
2.30022
2.31228
2.34085
4.30485
4.24433
4.19064
4.14059
4.08516
4.01545
3.93162
3.83548
3.73409
3.63015
3.52879
3.43222
3.34203
3.2603
3.18692
3.12296
3.06752
3.02152
2.98382
2.95495
2.9335
2.91978
2.91112
2.91099
2.91373
2.91978
2.93247
2.94869
2.96864
2.99026
3.01213
3.03165
3.04973
3.06603
3.08064
3.09416
3.10574
3.11613
3.12426
3.13076
3.13553
3.13693
3.13826
3.13904
3.13855
3.13547
3.13017
3.12304
3.11434
3.10357
3.09184
3.07815
3.06394
3.04821
3.03186
3.01461
2.9964
2.97777
2.95806
2.93801
2.91713
2.89582
2.87439
2.85224
2.8304
2.80776
2.78546
2.76264
2.7399
2.71709
2.69405
2.67134
2.64821
2.62559
2.60257
2.58008
2.55739
2.53509
2.51301
2.49115
2.47005
2.44909
2.42941
2.41005
2.39233
2.37511
2.3597
2.34591
2.33403
2.32491
2.31816
2.31524
2.31495
2.3154
2.31852
2.32519
2.33864
2.35554
2.36849
2.39598
4.46418
4.4275
4.38943
4.33859
4.26597
4.17222
4.06672
3.95637
3.84662
3.74316
3.64397
3.55292
3.46583
3.38702
3.31254
3.24606
3.18483
3.13179
3.08485
3.04625
3.01404
2.98974
2.97122
2.96049
2.95336
2.95605
2.95873
2.96514
2.97732
2.99216
3.01116
3.0299
3.04765
3.06407
3.07867
3.09222
3.10365
3.11408
3.12239
3.1291
3.13418
3.13587
3.13743
3.13808
3.13775
3.13492
3.1298
3.12328
3.11466
3.1048
3.09307
3.08008
3.06586
3.05035
3.03415
3.01678
2.99886
2.98011
2.96057
2.94064
2.9198
2.8991
2.87757
2.85618
2.83429
2.81222
2.79013
2.76754
2.7453
2.72242
2.70003
2.67715
2.65468
2.63207
2.60964
2.58751
2.56532
2.54382
2.52217
2.50152
2.48086
2.46142
2.44245
2.42489
2.40818
2.39277
2.37958
2.36797
2.35947
2.35312
2.35116
2.3509
2.3519
2.35483
2.36387
2.37744
2.39383
2.41143
2.42345
2.44767
4.6452
4.6167
4.58087
4.51696
4.41606
4.30027
4.18052
4.06494
3.95328
3.85232
3.75628
3.6691
3.58445
3.50685
3.43132
3.36289
3.29665
3.23827
3.18407
3.13793
3.09711
3.06385
3.03626
3.01558
3.0002
2.9915
2.98696
2.9896
2.99306
2.99952
3.01153
3.02629
3.04224
3.05844
3.07308
3.08688
3.09845
3.10906
3.1174
3.12432
3.1296
3.13213
3.13364
3.13429
3.13435
3.13191
3.12777
3.12145
3.11363
3.10411
3.09291
3.08044
3.06654
3.05152
3.03557
3.01843
3.00086
2.98205
2.96296
2.94298
2.92277
2.90221
2.8811
2.86014
2.83836
2.81703
2.79484
2.77312
2.75076
2.72865
2.70635
2.68396
2.66189
2.63945
2.61774
2.59561
2.57439
2.55302
2.53247
2.51236
2.49291
2.47464
2.45712
2.44118
2.42591
2.41336
2.40231
2.3944
2.38846
2.3877
2.38749
2.38828
2.39255
2.40248
2.41723
2.43354
2.44993
2.466
2.47537
2.49551
4.84487
4.8167
4.77322
4.68513
4.54835
4.4117
4.2829
4.1662
4.05784
3.96067
3.86936
3.78466
3.70245
3.62482
3.54868
3.47749
3.40818
3.34479
3.28507
3.23201
3.18364
3.14231
3.10621
3.07665
3.05231
3.03432
3.02165
3.01461
3.01201
3.01487
3.01845
3.02446
3.03597
3.04962
3.06328
3.0771
3.08901
3.10009
3.10875
3.11603
3.1216
3.12511
3.12631
3.12739
3.12744
3.12605
3.12239
3.1167
3.10954
3.10061
3.09012
3.07832
3.06487
3.05054
3.03472
3.01813
3.00056
2.98197
2.96316
2.9433
2.92374
2.9031
2.88282
2.86173
2.84076
2.81941
2.79787
2.77639
2.75444
2.73291
2.7108
2.6893
2.66733
2.64596
2.62445
2.60337
2.5827
2.56222
2.54278
2.52351
2.50576
2.48869
2.47307
2.45853
2.44608
2.436
2.42843
2.42371
2.42302
2.42296
2.42485
2.43012
2.44179
2.45743
2.47352
2.49064
2.50435
2.51799
2.52365
2.53965
5.05197
5.01587
4.94359
4.80623
4.65475
4.51208
4.38201
4.26817
4.1643
4.07128
3.9833
3.90036
3.81922
3.74087
3.66384
3.5897
3.51757
3.44973
3.38526
3.32631
3.27177
3.22358
3.18003
3.14291
3.11075
3.08463
3.06354
3.04807
3.03754
3.03209
3.03025
3.03244
3.03619
3.04154
3.05203
3.06402
3.0758
3.08708
3.09635
3.10423
3.11033
3.11463
3.11612
3.11739
3.11775
3.117
3.11393
3.10885
3.10245
3.09411
3.08455
3.07327
3.0606
3.04682
3.03143
3.01555
2.998
2.98033
2.96147
2.94256
2.92302
2.90316
2.88313
2.86254
2.84207
2.82098
2.80018
2.77881
2.75774
2.73634
2.71505
2.69389
2.67257
2.65185
2.63094
2.61086
2.59085
2.57175
2.55326
2.53566
2.51963
2.50424
2.49069
2.47868
2.4696
2.46261
2.45946
2.45893
2.45899
2.46215
2.46887
2.48239
2.498
2.51535
2.53107
2.5456
2.55626
2.5657
2.56852
2.58033
5.2718
5.20208
5.06328
4.90607
4.75118
4.61086
4.48523
4.3753
4.27505
4.18371
4.09684
4.01357
3.93216
3.85232
3.77424
3.69776
3.62386
3.55244
3.48507
3.4214
3.36278
3.30848
3.25943
3.21545
3.17622
3.14275
3.1135
3.09002
3.07084
3.05717
3.04824
3.04359
3.04048
3.0431
3.04709
3.05215
3.06202
3.07147
3.08093
3.08906
3.09571
3.10069
3.10295
3.10428
3.10477
3.10456
3.10217
3.09796
3.09216
3.08461
3.07592
3.06523
3.05357
3.04013
3.02571
3.01015
2.99336
2.97624
2.9579
2.93971
2.9204
2.90137
2.88149
2.86173
2.8415
2.82112
2.8007
2.77991
2.75943
2.73854
2.71808
2.69745
2.67712
2.65715
2.63718
2.61825
2.59918
2.58175
2.56439
2.54929
2.53453
2.52186
2.51066
2.50255
2.49633
2.49493
2.49436
2.49542
2.49893
2.50897
2.52286
2.53973
2.55659
2.57279
2.58615
2.5971
2.60413
2.60934
2.61064
2.61809
5.46413
5.31915
5.15616
4.99506
4.84581
4.71308
4.59453
4.48882
4.39188
4.30073
4.21397
4.12906
4.04655
3.96487
3.88521
3.80678
3.7308
3.65677
3.58639
3.51915
3.45651
3.39734
3.34332
3.29298
3.24769
3.20642
3.17
3.13857
3.11168
3.08984
3.07244
3.06093
3.05198
3.04544
3.04411
3.04635
3.04974
3.05406
3.06215
3.06933
3.0762
3.08178
3.08542
3.08661
3.0873
3.08741
3.08593
3.08258
3.07731
3.07067
3.06268
3.05279
3.04223
3.02933
3.01627
3.00094
2.98563
2.96871
2.9517
2.93385
2.91558
2.89708
2.87787
2.85884
2.8391
2.81959
2.79966
2.77977
2.75992
2.73983
2.72031
2.70032
2.68135
2.66196
2.64376
2.62562
2.60864
2.5925
2.57771
2.56448
2.55218
2.54236
2.53496
2.53044
2.52953
2.52968
2.5314
2.53715
2.54919
2.56471
2.58167
2.59898
2.61452
2.62786
2.63759
2.64476
2.64811
2.64988
2.65061
2.65476
5.57923
5.39853
5.22638
5.07326
4.93468
4.81359
4.704
4.60268
4.50792
4.41636
4.3286
4.24215
4.1579
4.07461
3.99298
3.9128
3.83456
3.75841
3.68536
3.61533
3.54898
3.48581
3.427
3.37129
3.32044
3.27274
3.23044
3.1915
3.15761
3.12795
3.10293
3.08276
3.06757
3.05524
3.0451
3.0406
3.03908
3.04102
3.04334
3.04651
3.05216
3.05702
3.06124
3.063
3.0638
3.06409
3.06318
3.06102
3.0561
3.05066
3.04288
3.03475
3.02449
3.01347
3.00082
2.98714
2.97254
2.95691
2.9408
2.9238
2.90658
2.88872
2.87061
2.85227
2.83347
2.81494
2.79576
2.77713
2.75799
2.73926
2.72057
2.70199
2.68414
2.66619
2.6496
2.63307
2.61831
2.60428
2.59247
2.58111
2.57272
2.56616
2.56395
2.5635
2.56384
2.56758
2.57606
2.58973
2.60645
2.62406
2.64163
2.65675
2.66991
2.67879
2.6853
2.68797
2.68847
2.68831
2.68756
2.69029
5.63605
5.43773
5.27459
5.13976
5.01989
4.91024
4.80841
4.71067
4.61718
4.5254
4.43649
4.34896
4.26331
4.17898
4.09598
4.01435
3.93461
3.85702
3.78182
3.70949
3.64017
3.57384
3.51083
3.45096
3.39487
3.34213
3.29365
3.24848
3.20827
3.17129
3.13941
3.11089
3.08745
3.06852
3.05185
3.03828
3.02955
3.02515
3.02247
3.0235
3.02434
3.02598
3.02932
3.03186
3.03248
3.0327
3.03275
3.03135
3.02824
3.0232
3.0166
3.00909
2.99996
2.99013
2.97868
2.96656
2.95317
2.93907
2.9241
2.90836
2.89224
2.87534
2.85841
2.84086
2.8233
2.80567
2.78766
2.77032
2.7522
2.73523
2.71749
2.70104
2.68419
2.66879
2.65345
2.63993
2.6272
2.61678
2.60694
2.59996
2.59509
2.59456
2.59476
2.5966
2.60181
2.61427
2.62946
2.64743
2.66522
2.68302
2.69779
2.71051
2.71898
2.72487
2.72686
2.72694
2.72661
2.72512
2.72085
2.72327
5.62159
5.43353
5.29809
5.18841
5.09065
4.99391
4.89872
4.8036
4.7105
4.61916
4.52975
4.44234
4.35634
4.27208
4.18904
4.10755
4.02769
3.94951
3.87334
3.79923
3.72783
3.65854
3.59231
3.52852
3.46814
3.41062
3.35682
3.30609
3.25937
3.21563
3.1764
3.14039
3.10898
3.08165
3.05969
3.03924
3.02188
3.00999
3.00128
2.9962
2.99308
2.99271
2.99318
2.99394
2.9949
2.99516
2.9953
2.99462
2.9931
2.98876
2.98362
2.97676
2.96915
2.96023
2.95038
2.93954
2.92761
2.91498
2.90127
2.88702
2.8721
2.8566
2.84105
2.82462
2.80875
2.79186
2.77587
2.75911
2.74325
2.7271
2.71181
2.69667
2.68253
2.66906
2.65683
2.64606
2.63714
2.62942
2.62355
2.62173
2.62169
2.62271
2.62666
2.63578
2.65001
2.66687
2.68597
2.70424
2.72197
2.73659
2.74869
2.75706
2.76202
2.76356
2.76348
2.7628
2.76106
2.75719
2.7497
2.75145
5.55897
5.40314
5.30153
5.21955
5.14018
5.057
4.96966
4.88053
4.79081
4.70199
4.61431
4.52763
4.44224
4.35762
4.27444
4.19229
4.11165
4.03256
3.95499
3.87967
3.80615
3.735
3.66575
3.59923
3.53491
3.47364
3.41498
3.35948
3.30704
3.25776
3.21204
3.16959
3.13111
3.09615
3.06528
3.03922
3.01498
2.99413
2.97882
2.96788
2.96016
2.95535
2.95261
2.95111
2.95058
2.95027
2.94982
2.94907
2.94763
2.94514
2.941
2.93574
2.92913
2.92156
2.91316
2.90366
2.89353
2.88236
2.87045
2.85795
2.84448
2.83106
2.81649
2.80232
2.78723
2.7726
2.75765
2.74307
2.72874
2.71481
2.7015
2.68886
2.67723
2.66662
2.65791
2.65073
2.6454
2.64158
2.64169
2.64278
2.64582
2.65246
2.66556
2.68207
2.70044
2.72008
2.73906
2.75645
2.77144
2.78273
2.7913
2.79546
2.79662
2.7965
2.79572
2.79355
2.78881
2.78345
2.77444
2.77521
5.47941
5.36132
5.28853
5.22552
5.15992
5.08706
5.00964
4.9282
4.8455
4.76136
4.67736
4.59309
4.50926
4.42578
4.34304
4.26127
4.18076
4.10155
4.02393
3.94753
3.87296
3.7999
3.72859
3.65918
3.5919
3.52697
3.4646
3.40465
3.34772
3.29318
3.24217
3.19373
3.14919
3.10769
3.07024
3.03652
3.00775
2.98057
2.95739
2.93908
2.92464
2.91398
2.90635
2.90128
2.89804
2.89616
2.89486
2.89385
2.89274
2.89096
2.88826
2.88449
2.87931
2.87335
2.86623
2.85861
2.85004
2.84066
2.83068
2.81977
2.80861
2.79657
2.78446
2.77182
2.75917
2.74648
2.73392
2.72169
2.70977
2.69859
2.68786
2.67849
2.6698
2.66321
2.65844
2.65451
2.65434
2.65516
2.6578
2.66308
2.6748
2.68996
2.70829
2.72865
2.74877
2.76884
2.78557
2.80099
2.81161
2.8201
2.82424
2.82513
2.82502
2.8243
2.82193
2.81698
2.8104
2.80402
2.79429
2.79417
5.4146
5.32801
5.27263
5.21754
5.15617
5.08922
5.01678
4.94109
4.86294
4.78373
4.70424
4.62468
4.5454
4.46599
4.38709
4.30812
4.2301
4.15186
4.07476
3.99763
3.92228
3.84775
3.775
3.70375
3.63435
3.567
3.50158
3.43847
3.37769
3.31941
3.26392
3.21107
3.16146
3.11465
3.07156
3.03179
2.99607
2.96462
2.93497
2.90988
2.88886
2.87221
2.85893
2.84935
2.84235
2.83756
2.83444
2.8322
2.83062
2.82914
2.82719
2.82452
2.82083
2.81643
2.8109
2.80491
2.79795
2.79034
2.78217
2.77318
2.76405
2.75404
2.74409
2.7336
2.72324
2.7129
2.70279
2.69318
2.68401
2.67585
2.66835
2.66259
2.65776
2.65604
2.65509
2.65676
2.65929
2.66452
2.67457
2.689
2.70764
2.72732
2.74962
2.77003
2.79094
2.80779
2.8231
2.83382
2.84202
2.84615
2.84688
2.84705
2.84625
2.84423
2.83906
2.83277
2.82525
2.8181
2.80788
2.807
5.37159
5.29739
5.24648
5.19245
5.133
5.06769
4.99962
4.92736
4.85464
4.78065
4.7068
4.63244
4.55764
4.48217
4.406
4.32963
4.25276
4.17625
4.09935
4.02349
3.94784
3.87381
3.80067
3.72885
3.65838
3.58945
3.52222
3.45712
3.39388
3.33319
3.27438
3.21827
3.16456
3.11351
3.06589
3.02095
2.98003
2.94234
2.90865
2.87655
2.84952
2.82614
2.80721
2.79186
2.78037
2.77184
2.76582
2.76193
2.75912
2.75732
2.75586
2.75412
2.75184
2.74908
2.74526
2.74114
2.73603
2.73057
2.72467
2.71801
2.71171
2.70407
2.6973
2.68922
2.68213
2.6743
2.66748
2.66058
2.65487
2.64986
2.64625
2.64434
2.64446
2.64692
2.64974
2.65458
2.66324
2.67801
2.69482
2.71584
2.73718
2.76073
2.78207
2.80328
2.82042
2.83577
2.84651
2.85455
2.85877
2.8594
2.8594
2.85891
2.85646
2.85187
2.84542
2.83859
2.83047
2.82308
2.81251
2.81152
5.35377
5.28103
5.22553
5.16808
5.10666
5.04323
4.97576
4.9086
4.83752
4.76794
4.69521
4.62312
4.5492
4.47551
4.40096
4.32672
4.25197
4.17736
4.10248
4.02735
3.95307
3.87868
3.8067
3.73421
3.6648
3.59542
3.52853
3.46273
3.39845
3.33606
3.27497
3.21634
3.15955
3.1054
3.05391
3.00505
2.95924
2.91672
2.87749
2.84178
2.80844
2.78016
2.75565
2.7357
2.7194
2.70695
2.69772
2.69097
2.68643
2.68342
2.68114
2.67961
2.67811
2.67627
2.67374
2.67114
2.66748
2.66426
2.6599
2.65646
2.65186
2.6481
2.64346
2.63926
2.63486
2.63065
2.62704
2.62376
2.6218
2.62076
2.6217
2.6244
2.6287
2.63324
2.64166
2.65502
2.67227
2.69181
2.71503
2.73803
2.7627
2.78506
2.8065
2.8242
2.83897
2.85051
2.85792
2.86285
2.86369
2.86431
2.86373
2.86236
2.85753
2.85207
2.84513
2.8378
2.82941
2.82147
2.8108
2.80931
5.36236
5.27234
5.20634
5.14613
5.08495
5.02236
4.95603
4.88892
4.8192
4.74774
4.67669
4.60283
4.53117
4.4571
4.38467
4.31066
4.23766
4.1634
4.09053
4.01647
3.94451
3.87197
3.80188
3.73153
3.66277
3.59444
3.52661
3.46014
3.39414
3.32979
3.26716
3.20589
3.14745
3.09047
3.03658
2.98475
2.93623
2.89043
2.84819
2.80974
2.77384
2.74137
2.71319
2.68829
2.66771
2.65033
2.637
2.62633
2.61861
2.61322
2.60944
2.60762
2.6068
2.60632
2.60618
2.60588
2.60539
2.60428
2.60279
2.60093
2.59889
2.59661
2.59414
2.59188
2.58952
2.58806
2.58659
2.5869
2.58739
2.59101
2.59483
2.59999
2.60753
2.61961
2.63514
2.65422
2.67578
2.69968
2.72385
2.74893
2.77171
2.79323
2.81131
2.82606
2.83796
2.84582
2.85092
2.85258
2.85294
2.85308
2.8511
2.84776
2.84135
2.83593
2.82763
2.82069
2.81133
2.80412
2.79304
2.79255
5.37114
5.25992
5.18812
5.12995
5.07135
5.00883
4.94226
4.87319
4.80309
4.73035
4.65838
4.58496
4.51106
4.43846
4.36408
4.29245
4.21932
4.14883
4.07723
4.00734
3.93632
3.8662
3.79555
3.72556
3.65539
3.5861
3.51707
3.4497
3.38297
3.31828
3.25519
3.19349
3.1346
3.07668
3.02196
2.9689
2.9187
2.87115
2.82624
2.78448
2.74582
2.70917
2.67611
2.64646
2.62048
2.59858
2.5804
2.56596
2.55534
2.54873
2.54535
2.54448
2.54554
2.5471
2.54941
2.55103
2.5528
2.55329
2.55396
2.55303
2.55241
2.55063
2.54944
2.5479
2.54699
2.54707
2.54737
2.55034
2.5534
2.55813
2.56527
2.57525
2.58914
2.6063
2.62685
2.64981
2.67457
2.70012
2.72576
2.74911
2.77129
2.78896
2.80436
2.81544
2.82335
2.82808
2.82932
2.82922
2.82854
2.82696
2.82265
2.81813
2.81096
2.80548
2.79692
2.79085
2.78127
2.77547
2.7646
2.76645
5.37615
5.24724
5.17692
5.12106
5.06502
5.00288
4.93622
4.86699
4.79506
4.72137
4.64641
4.57124
4.49632
4.42305
4.351
4.28021
4.2108
4.1409
4.07205
4.00129
3.93112
3.85926
3.788
3.71691
3.64616
3.5772
3.50819
3.4419
3.37542
3.31152
3.24843
3.18665
3.1273
3.06857
3.01269
2.95833
2.90603
2.85641
2.80861
2.76359
2.72122
2.68145
2.64432
2.61085
2.58121
2.55547
2.53442
2.51834
2.50687
2.49922
2.49503
2.49364
2.49422
2.49658
2.49887
2.50137
2.50319
2.50476
2.50551
2.50592
2.50499
2.5048
2.5041
2.50444
2.50617
2.50827
2.51134
2.51547
2.52295
2.5327
2.54461
2.55985
2.57863
2.60088
2.62463
2.65079
2.67667
2.70205
2.72584
2.74661
2.76401
2.77863
2.78811
2.79632
2.7997
2.80106
2.80076
2.8001
2.79894
2.79617
2.79269
2.78726
2.78242
2.77676
2.77081
2.76568
2.7585
2.75466
2.74512
2.74897
5.37983
5.24071
5.16811
5.11622
5.06181
5.00403
4.93771
4.86864
4.79457
4.71806
4.64186
4.56569
4.49178
4.41991
4.34919
4.27972
4.21019
4.14008
4.06984
3.99872
3.92709
3.856
3.7842
3.71428
3.64425
3.57584
3.50802
3.44121
3.37542
3.31048
3.24703
3.18448
3.12394
3.06455
3.00708
2.95155
2.89711
2.84553
2.79486
2.74721
2.70175
2.65944
2.62012
2.58429
2.55278
2.52575
2.50309
2.48497
2.4709
2.46067
2.45372
2.44977
2.44787
2.44872
2.44973
2.45088
2.45267
2.45499
2.45733
2.45915
2.4612
2.46261
2.46494
2.46749
2.47168
2.47697
2.48367
2.49291
2.50431
2.51786
2.53467
2.5547
2.57711
2.60189
2.62786
2.65352
2.67879
2.70103
2.72106
2.73789
2.75072
2.76119
2.76856
2.7728
2.77617
2.77645
2.777
2.77703
2.77747
2.7743
2.77301
2.76901
2.76668
2.76165
2.75805
2.75176
2.74635
2.73984
2.73146
2.73176
5.37421
5.2334
5.16089
5.1125
5.06348
5.00789
4.94388
4.87228
4.79775
4.721
4.64593
4.57221
4.50022
4.42943
4.35904
4.28855
4.21793
4.14649
4.07555
4.00388
3.93274
3.86175
3.79075
3.72056
3.6508
3.58141
3.51327
3.44533
3.37909
3.3134
3.24953
3.18674
3.12522
3.06551
3.00616
2.94931
2.89255
2.83875
2.78587
2.73624
2.68918
2.64528
2.60553
2.5686
2.5359
2.50712
2.48179
2.46057
2.44252
2.42828
2.41755
2.41032
2.40583
2.40524
2.40582
2.40675
2.40865
2.41218
2.41606
2.42032
2.42466
2.42914
2.43409
2.43965
2.44655
2.45548
2.46549
2.47865
2.49288
2.51091
2.53154
2.5546
2.57933
2.60512
2.63055
2.65525
2.67726
2.69727
2.7135
2.72719
2.73841
2.74602
2.7528
2.75778
2.7605
2.76169
2.76412
2.76462
2.76585
2.76341
2.76265
2.75819
2.7556
2.74908
2.7444
2.73622
2.72938
2.72066
2.71157
2.70957
5.36443
5.22418
5.15471
5.1111
5.06635
5.01236
4.94842
4.87763
4.8042
4.73045
4.65794
4.58673
4.51662
4.44596
4.37596
4.30428
4.23344
4.16125
4.08997
4.01836
3.94652
3.87527
3.80326
3.73187
3.66081
3.59018
3.52101
3.45253
3.38583
3.31999
3.25586
3.1922
3.1301
3.06834
3.00795
2.94861
2.89087
2.83508
2.78191
2.73107
2.68395
2.63912
2.59887
2.5605
2.52638
2.49487
2.46665
2.44194
2.42045
2.40292
2.38881
2.3787
2.37176
2.36896
2.36945
2.37025
2.3722
2.37605
2.38104
2.38785
2.39402
2.40173
2.40908
2.41833
2.428
2.44026
2.45457
2.47049
2.48935
2.51042
2.53429
2.55924
2.5852
2.61065
2.63514
2.65721
2.67731
2.69407
2.70855
2.72059
2.72983
2.73817
2.74483
2.74917
2.75185
2.75389
2.75683
2.75734
2.7573
2.75426
2.75189
2.74651
2.74236
2.73455
2.72894
2.71947
2.71255
2.70273
2.69378
2.69143
5.35195
5.2143
5.14878
5.10892
5.06591
5.01309
4.95101
4.88308
4.81357
4.74411
4.67476
4.60543
4.53587
4.46514
4.39456
4.32335
4.25225
4.18098
4.10899
4.03737
3.96408
3.89132
3.81759
3.74441
3.67195
3.60057
3.53043
3.46225
3.39449
3.32899
3.26323
3.19916
3.13519
3.07238
3.0107
2.9502
2.89222
2.83554
2.78271
2.73115
2.68415
2.63837
2.59713
2.55729
2.52122
2.48738
2.45659
2.42915
2.40471
2.3841
2.36681
2.35371
2.34412
2.33837
2.33832
2.33885
2.34057
2.34382
2.35003
2.35907
2.3678
2.37858
2.38947
2.40194
2.41582
2.43148
2.44955
2.46924
2.49213
2.51624
2.54243
2.56859
2.59472
2.61931
2.64194
2.66203
2.67977
2.69457
2.70768
2.71798
2.72723
2.73481
2.7409
2.74445
2.74724
2.74942
2.75109
2.75104
2.74976
2.74637
2.74285
2.73737
2.73187
2.7245
2.71799
2.70853
2.70159
2.6912
2.68299
2.67946
5.34033
5.20513
5.14217
5.10375
5.06218
5.01101
4.95333
4.89101
4.82634
4.76046
4.69234
4.62365
4.55353
4.48369
4.41275
4.34298
4.27171
4.20125
4.12838
4.05581
3.98101
3.90636
3.83147
3.75692
3.68381
3.61183
3.54101
3.47232
3.40334
3.33687
3.2694
3.20431
3.13867
3.07551
3.0128
2.95282
2.89453
2.83867
2.7858
2.73453
2.68711
2.64073
2.59818
2.55717
2.51904
2.48348
2.45025
2.42069
2.39325
2.37028
2.34972
2.33392
2.32145
2.31312
2.31083
2.31131
2.31299
2.31621
2.32231
2.33318
2.3446
2.35875
2.37327
2.39003
2.40804
2.42795
2.44993
2.47344
2.49963
2.52616
2.5537
2.5802
2.60567
2.62889
2.6497
2.66803
2.68366
2.69729
2.70875
2.71842
2.72695
2.73382
2.73913
2.74238
2.74488
2.74661
2.74805
2.74743
2.74549
2.74207
2.73827
2.7327
2.72712
2.71996
2.71284
2.70415
2.69614
2.6859
2.67745
2.67223
5.33068
5.19427
5.13181
5.09391
5.05649
5.01077
4.95847
4.90096
4.83893
4.77414
4.70676
4.63791
4.56825
4.49932
4.42916
4.36038
4.28924
4.21848
4.14492
4.07116
3.99578
3.91995
3.84484
3.76923
3.69564
3.6222
3.55022
3.47933
3.40896
3.34008
3.27184
3.20523
3.13965
3.07657
3.01435
2.95559
2.89764
2.84323
2.78997
2.73967
2.691
2.64469
2.60045
2.55843
2.51861
2.48155
2.44622
2.41498
2.38492
2.35995
2.33662
2.31833
2.30326
2.29252
2.28725
2.28765
2.28918
2.2923
2.29788
2.30984
2.32373
2.34123
2.35947
2.38073
2.40295
2.42727
2.45323
2.48039
2.50893
2.53701
2.565
2.59113
2.61542
2.63721
2.65636
2.67337
2.68765
2.70062
2.71113
2.72051
2.72842
2.73486
2.73961
2.74241
2.74475
2.74634
2.74762
2.74689
2.74471
2.74158
2.73756
2.73228
2.72658
2.71945
2.71231
2.70344
2.69456
2.68469
2.67504
2.66832
5.32041
5.17997
5.11853
5.08529
5.05379
5.01323
4.96377
4.90804
4.84753
4.78286
4.71787
4.6492
4.58188
4.5124
4.44324
4.37299
4.3021
4.23023
4.15727
4.08308
4.00859
3.93218
3.85702
3.77985
3.70475
3.6287
3.55459
3.48078
3.40914
3.33813
3.27022
3.20289
3.13888
3.07631
3.0159
2.95824
2.9014
2.8479
2.7947
2.74467
2.6952
2.64854
2.60298
2.56022
2.51866
2.48067
2.4435
2.41091
2.37893
2.35217
2.32692
2.30622
2.28926
2.27629
2.26795
2.26842
2.26953
2.27232
2.27735
2.28907
2.30519
2.3256
2.34792
2.3735
2.40011
2.42888
2.45825
2.48844
2.51854
2.54745
2.57499
2.60022
2.62305
2.64355
2.6615
2.67749
2.69125
2.70345
2.71363
2.72281
2.73033
2.73656
2.74108
2.74355
2.74601
2.74769
2.7489
2.74813
2.74604
2.74299
2.73898
2.73391
2.72819
2.72134
2.71392
2.70469
2.6955
2.68522
2.67444
2.66642
5.30811
5.16699
5.10762
5.08136
5.05347
5.01548
4.96533
4.91059
4.85192
4.78993
4.72689
4.65909
4.59225
4.5218
4.45338
4.38164
4.31134
4.23851
4.16638
4.09217
4.01871
3.94221
3.86673
3.78834
3.71097
3.63267
3.55584
3.47991
3.40674
3.33486
3.26713
3.20023
3.13773
3.07613
3.0176
2.96069
2.90514
2.85194
2.79894
2.74893
2.69871
2.65175
2.60505
2.56167
2.51894
2.4802
2.44169
2.40822
2.37489
2.34669
2.32014
2.29754
2.27913
2.26408
2.25391
2.2526
2.25351
2.25609
2.26128
2.27202
2.28956
2.31221
2.33799
2.36721
2.39783
2.4305
2.46304
2.49549
2.52658
2.55565
2.58253
2.60685
2.62862
2.64811
2.66543
2.68059
2.69417
2.70592
2.71605
2.72496
2.73226
2.73835
2.74278
2.74513
2.74756
2.74933
2.75049
2.74982
2.74801
2.74522
2.74142
2.73654
2.7309
2.72412
2.71625
2.70686
2.69727
2.68599
2.67455
2.66551
5.2982
5.15802
5.10189
5.08004
5.05282
5.01495
4.9653
4.91235
4.8556
4.79592
4.73319
4.66606
4.59777
4.52699
4.45868
4.38733
4.31808
4.24506
4.17307
4.09846
4.02491
3.94829
3.87214
3.79289
3.71354
3.63363
3.55462
3.47734
3.40341
3.33123
3.26417
3.19803
3.13679
3.07618
3.01891
2.96256
2.90788
2.8547
2.80193
2.75161
2.70101
2.6537
2.60627
2.5625
2.51902
2.47981
2.44057
2.40653
2.37248
2.34333
2.31607
2.2921
2.2727
2.25608
2.24477
2.24155
2.24229
2.24471
2.24977
2.2601
2.27829
2.30237
2.33066
2.36283
2.39683
2.43228
2.46701
2.50072
2.53218
2.56091
2.58722
2.61046
2.63166
2.65024
2.66732
2.68207
2.69563
2.70716
2.71737
2.72621
2.73343
2.73951
2.74383
2.74635
2.74872
2.75062
2.75181
2.75124
2.74959
2.74694
2.74328
2.73854
2.73298
2.72616
2.71804
2.70861
2.69848
2.68652
2.67502
2.6651
5.29369
5.15352
5.10013
5.07953
5.05235
5.01474
4.96619
4.91453
4.8588
4.79975
4.73666
4.66979
4.60055
4.52948
4.46087
4.39009
4.32166
4.24886
4.17686
4.10169
4.02773
3.9509
3.87433
3.79474
3.71441
3.63364
3.55348
3.47553
3.4012
3.32903
3.26241
3.19677
3.13623
3.07613
3.01945
2.9633
2.909
2.85572
2.80311
2.75253
2.70184
2.65428
2.60655
2.56261
2.51876
2.47936
2.43979
2.40543
2.37111
2.34138
2.31386
2.28913
2.26926
2.25178
2.23989
2.23551
2.23617
2.23849
2.24347
2.25356
2.27226
2.29734
2.32715
2.36111
2.39708
2.43412
2.47003
2.50434
2.53585
2.56422
2.58996
2.6125
2.63311
2.65126
2.66797
2.68255
2.696
2.70742
2.71771
2.72653
2.73375
2.73989
2.74407
2.74682
2.74921
2.7512
2.75241
2.7519
2.75029
2.74767
2.74406
2.73937
2.73384
2.72698
2.71877
2.70932
2.69892
2.68676
2.67528
2.66495
)
;

boundaryField
{
    inlet
    {
        type            calculated;
        value           uniform 1.40001;
    }
    outlet
    {
        type            calculated;
        value           nonuniform List<scalar> 
40
(
1.64674
1.71853
1.81606
1.89843
1.95037
2.0012
2.05276
2.11736
2.15814
2.21833
2.27585
2.33323
2.38838
2.44014
2.48803
2.53215
2.57278
2.61043
2.64694
2.68231
2.71523
2.74337
2.76709
2.78603
2.79886
2.8034
2.80122
2.78451
2.75849
2.74105
2.72391
2.70178
2.68368
2.67174
2.66449
2.66057
2.65869
2.65778
2.65738
2.65724
)
;
    }
    bottom
    {
        type            symmetryPlane;
    }
    top
    {
        type            symmetryPlane;
    }
    obstacle
    {
        type            calculated;
        value           nonuniform List<scalar> 
110
(
6.00858
6.00939
5.99546
5.97096
5.93444
5.88513
5.81367
5.71121
5.55059
5.29691
2.26113
1.8631
2.16538
1.9891
1.88055
1.8659
1.85457
1.83016
1.80095
1.77552
1.76033
1.75424
1.75149
1.75139
1.75866
1.77297
1.79411
1.8196
1.84787
1.87683
1.90794
1.93822
1.97009
2.00128
2.03264
2.06469
2.09555
2.12701
2.15659
2.18495
2.21133
2.2368
2.26061
2.28193
2.29916
2.31756
2.33307
2.34612
2.35757
2.3675
2.37361
2.38006
2.38338
2.38725
2.38661
2.38665
2.38394
2.38129
2.37515
2.37036
2.3624
2.3551
2.34562
2.33593
2.32479
2.31364
2.30041
2.28837
2.27377
2.26046
2.2446
2.23002
2.2135
2.1975
2.18066
2.16354
2.1461
2.12843
2.11028
2.09237
2.07371
2.05556
2.03667
2.01845
1.99946
1.98142
1.96247
1.94476
1.92604
1.90865
1.89038
1.87322
1.85565
1.8387
1.82197
1.80538
1.78951
1.77355
1.75853
1.74358
1.72953
1.71587
1.70311
1.69113
1.68027
1.6706
1.66247
1.65612
1.65149
1.65165
)
;
    }
    defaultFaces
    {
        type            empty;
    }
}


// ************************************************************************* //
