/*--------------------------------*- C++ -*----------------------------------*\
  =========                 |
  \\      /  F ield         | OpenFOAM: The Open Source CFD Toolbox
   \\    /   O peration     | Website:  https://openfoam.org
    \\  /    A nd           | Version:  10
     \\/     M anipulation  |
\*---------------------------------------------------------------------------*/
FoamFile
{
    format      ascii;
    class       volScalarField;
    location    "9.5";
    object      T;
}
// * * * * * * * * * * * * * * * * * * * * * * * * * * * * * * * * * * * * * //

dimensions      [0 0 0 1 0 0 0];

internalField   nonuniform List<scalar> 
5250
(
1.00001
1.00002
1.00006
1.00014
1.00036
1.00088
1.00215
1.00548
1.01307
1.03402
1.0852
1.22888
1.61142
2.38129
2.7216
2.73976
2.73533
2.73824
2.75002
2.76577
2.77819
2.78635
2.79319
2.79818
2.8012
1.00001
1.00002
1.00006
1.00013
1.00037
1.00083
1.00221
1.00525
1.01328
1.03304
1.08508
1.22549
1.60547
2.3726
2.71849
2.73922
2.73472
2.73747
2.74915
2.76477
2.77709
2.78521
2.79202
2.79693
2.79981
1.00001
1.00002
1.00005
1.00015
1.00032
1.00091
1.00195
1.0056
1.01211
1.03374
1.08109
1.22228
1.58938
2.35376
2.71108
2.73781
2.73301
2.73522
2.74657
2.76196
2.77393
2.78205
2.78872
2.79372
2.79659
1.00001
1.00002
1.00005
1.00014
1.00032
1.00085
1.00201
1.00503
1.01254
1.03112
1.08002
1.21223
1.56903
2.32189
2.69939
2.7358
2.73029
2.7315
2.74237
2.75719
2.76909
2.77659
2.78289
2.7874
2.79013
1.00001
1.00002
1.00005
1.00012
1.00033
1.00078
1.00193
1.00483
1.01171
1.03007
1.07549
1.2016
1.54034
2.27713
2.68291
2.73335
2.72671
2.72635
2.73653
2.75071
2.76224
2.76956
2.7754
2.77976
2.78223
1.00001
1.00002
1.00004
1.00013
1.00028
1.00079
1.00168
1.00484
1.0104
1.02907
1.06925
1.18945
1.5028
2.21794
2.66033
2.7304
2.72202
2.71963
2.72922
2.7423
2.75316
2.75984
2.76492
2.76806
2.77015
1.00001
1.00002
1.00005
1.00011
1.00029
1.00064
1.00179
1.00382
1.01093
1.02428
1.06683
1.16931
1.46239
2.13803
2.63051
2.72647
2.71592
2.7109
2.71951
2.73196
2.74133
2.7471
2.75123
2.7533
2.75358
1
1.00001
1.00004
1.00009
1.00026
1.00059
1.00152
1.00373
1.00913
1.02313
1.05802
1.15272
1.41049
2.03834
2.59165
2.7204
2.70736
2.69978
2.70754
2.71905
2.72763
2.73088
2.73256
2.7315
2.72775
1
1.00001
1.00003
1.00009
1.00022
1.00054
1.00134
1.00321
1.00828
1.01971
1.05147
1.1317
1.35522
1.91744
2.54174
2.709
2.69396
2.68453
2.6919
2.70188
2.70947
2.71103
2.70879
2.70156
2.68598
1
1.00001
1.00003
1.00008
1.00017
1.00051
1.00103
1.00309
1.0064
1.0182
1.04181
1.11353
1.29518
1.77677
2.47894
2.68858
2.6731
2.66441
2.67144
2.68061
2.68627
2.68546
2.67643
2.65405
2.59744
1
1.00001
1.00003
1.00007
1.00016
1.00042
1.00094
1.00259
1.00565
1.01574
1.03602
1.09755
1.25308
1.67349
2.41566
2.66799
2.65505
2.64611
2.6488
2.65631
2.65986
2.65493
2.63537
2.58831
2.48316
1
1.00001
1.00003
1.00005
1.00015
1.00033
1.00091
1.00203
1.00538
1.01272
1.03278
1.08231
1.22021
1.58414
2.32184
2.63252
2.64193
2.6329
2.62963
2.63202
2.6312
2.62049
2.5909
2.52888
2.41883
1
1.00001
1.00002
1.00005
1.00012
1.0003
1.00076
1.00174
1.00473
1.01057
1.02888
1.06917
1.18813
1.49799
2.19428
2.58226
2.63257
2.62263
2.61378
2.61061
2.60406
2.58666
2.552
2.48963
2.39677
1
1.00001
1.00002
1.00004
1.0001
1.00025
1.00061
1.00157
1.00365
1.00971
1.02259
1.05998
1.15329
1.41445
2.03547
2.51632
2.62044
2.61112
2.59921
2.58894
2.57826
2.55757
2.51968
2.46471
2.38624
1
1
1.00001
1.00003
1.00009
1.00019
1.00055
1.00117
1.00322
1.00735
1.01927
1.04684
1.12394
1.32692
1.84924
2.43013
2.59696
2.59249
2.58121
2.56808
2.55293
2.53191
2.49657
2.44478
2.37983
1
1
1.00001
1.00003
1.00006
1.00018
1.00038
1.00103
1.00237
1.00607
1.01473
1.03707
1.09416
1.24887
1.6501
2.3232
2.55868
2.56557
2.55677
2.54333
2.52852
2.50681
2.47609
2.42942
2.37214
1
1
1.00001
1.00002
1.00005
1.00014
1.0003
1.00086
1.00179
1.0052
1.01103
1.03093
1.07312
1.1992
1.52056
2.20004
2.51252
2.54293
2.53323
2.52168
2.50657
2.48432
2.45643
2.41687
2.36621
1
1
1.00001
1.00002
1.00004
1.0001
1.00027
1.00059
1.00166
1.0035
1.01006
1.0221
1.06063
1.15171
1.41088
2.01178
2.43497
2.52174
2.51532
2.50207
2.48789
2.46596
2.43902
2.40518
2.36218
1
1
1.00001
1.00001
1.00003
1.00008
1.00021
1.00044
1.0013
1.00265
1.00778
1.0167
1.04625
1.11283
1.30609
1.78511
2.33067
2.49033
2.49522
2.485
2.46848
2.44936
2.42424
2.39502
2.35867
1
1
1
1.00001
1.00002
1.00006
1.00014
1.00039
1.00082
1.00236
1.00491
1.01405
1.03117
1.08483
1.21439
1.56766
2.19457
2.44255
2.4696
2.46318
2.44876
2.43127
2.41157
2.38629
2.35739
1
1
1
1.00001
1.00002
1.00005
1.0001
1.00029
1.00063
1.0017
1.00392
1.01004
1.02433
1.06213
1.16015
1.42502
2.01867
2.37694
2.44616
2.44291
2.43109
2.41578
2.39916
2.37961
2.35696
1
1
1
1.00001
1.00001
1.00003
1.00008
1.00021
1.00047
1.00129
1.00274
1.0078
1.01689
1.04673
1.11331
1.30655
1.78078
2.2717
2.41402
2.42316
2.41604
2.40265
2.38802
2.37495
2.36025
1
1
1
1
1.00001
1.00002
1.00006
1.00014
1.00037
1.00081
1.00226
1.00478
1.0135
1.02995
1.08121
1.20382
1.53863
2.12489
2.36286
2.4002
2.39868
2.391
2.37958
2.374
2.36909
1
1
1
1
1.00001
1.00002
1.00005
1.00009
1.00028
1.00058
1.0016
1.00355
1.00938
1.02204
1.05721
1.14466
1.3843
1.92874
2.29158
2.37742
2.38547
2.38281
2.37887
2.37928
2.38294
1
1
1
1
1
1.00001
1.00003
1.00008
1.00016
1.00048
1.00097
1.00279
1.00603
1.01629
1.03803
1.10047
1.25698
1.66688
2.17699
2.34686
2.37267
2.38024
2.38302
2.38907
2.3973
1
1
1
1
1
1.00001
1.00002
1.00005
1.00014
1.00028
1.00079
1.00173
1.00459
1.01066
1.02733
1.06713
1.17556
1.45728
2.01975
2.30083
2.36337
2.38319
2.39438
2.40583
2.4156
1
1
1
1
1
1.00001
1.00002
1.00003
1.0001
1.00019
1.00057
1.00117
1.00333
1.00725
1.0195
1.04599
1.1217
1.31361
1.79002
2.22089
2.3589
2.39598
2.41226
2.42586
2.43681
1
1
1
1
1
1
1.00001
1.00003
1.00006
1.00015
1.00037
1.00085
1.00227
1.00496
1.01364
1.03071
1.08238
1.20654
1.54191
2.09987
2.34922
2.4169
2.44001
2.45045
2.45682
1
1
1
1
1
1
1.00001
1.00002
1.00004
1.00011
1.00026
1.00064
1.00156
1.00375
1.00955
1.02264
1.05878
1.1488
1.39405
1.94116
2.33026
2.45467
2.47602
2.48034
2.47773
1
1
1
1
1
1
1
1.00001
1.00003
1.00008
1.00019
1.00047
1.00114
1.00274
1.00693
1.01639
1.04236
1.10538
1.27748
1.70632
2.2871
2.50052
2.52219
2.51421
2.49834
1
1
1
1
1
1
1
1.00001
1.00002
1.00007
1.00013
1.00039
1.00083
1.0023
1.00518
1.01367
1.03268
1.08549
1.2213
1.58775
2.25207
2.55677
2.57949
2.55611
2.52238
1
1
1
1
1
1
1
1.00001
1.00002
1.00005
1.00011
1.00033
1.00067
1.00197
1.00425
1.0117
1.02727
1.07274
1.18766
1.50689
2.17556
2.60158
2.64436
2.60721
2.55715
1
1
1
1
1
1
1
1.00001
1.00002
1.00004
1.00011
1.00025
1.00067
1.00149
1.00417
1.00916
1.02544
1.06066
1.16564
1.44179
2.07571
2.62564
2.70306
2.65699
2.59342
1
1
1
1
1
1
1
1.00001
1.00001
1.00004
1.00008
1.00025
1.00051
1.0015
1.00326
1.00897
1.02098
1.05594
1.14373
1.39428
1.97944
2.63395
2.7454
2.69322
2.62633
1
1
1
1
1
1
1
1.00001
1.00001
1.00003
1.00009
1.00019
1.00055
1.00113
1.00342
1.00711
1.02047
1.04767
1.13114
1.34908
1.89203
2.62425
2.771
2.71692
2.65261
1
1
1
1
1
1
1
1
1.00001
1.00003
1.00008
1.00019
1.00046
1.00117
1.00277
1.0073
1.01716
1.04569
1.11587
1.31639
1.82143
2.598
2.77861
2.72715
2.67084
1
1
1
1
1
1
1
1.00001
1.00001
1.00003
1.00006
1.00019
1.00041
1.00113
1.00257
1.00678
1.01634
1.04226
1.10834
1.29421
1.77916
2.5554
2.78366
2.73994
2.69048
1
1
1
1
1
1
1
1
1.00001
1.00003
1.00007
1.00016
1.00043
1.00097
1.0027
1.0059
1.01658
1.03842
1.10461
1.27632
1.74586
2.52063
2.78298
2.75109
2.70213
1
1
1
1
1
1
1
1
1.00001
1.00003
1.00006
1.00017
1.00038
1.00102
1.00238
1.00607
1.01507
1.03807
1.09848
1.26536
1.71545
2.49072
2.77778
2.75483
2.70952
1
1
1
1
1
1
1
1
1.00001
1.00003
1.00006
1.00017
1.00034
1.00105
1.00212
1.00629
1.0137
1.03801
1.09339
1.25663
1.69328
2.46259
2.76936
2.75323
2.71721
1
1
1
1
1
1
1
1
1.00001
1.00002
1.00006
1.00014
1.00038
1.00091
1.00226
1.00572
1.0139
1.03592
1.09177
1.2468
1.67917
2.4316
2.7615
2.75199
2.72235
1
1
1
1
1
1
1
1
1.00001
1.00002
1.00006
1.00013
1.00039
1.00081
1.00236
1.00519
1.01424
1.03374
1.09073
1.23835
1.66513
2.39982
2.75446
2.75273
2.72536
1
1
1
1
1
1
1
1
1.00001
1.00002
1.00005
1.00016
1.00031
1.00096
1.00195
1.00576
1.01265
1.03488
1.08574
1.23495
1.6461
2.37321
2.74743
2.75437
2.72709
1
1
1
1
1
1
1
1
1.00001
1.00002
1.00005
1.00015
1.00033
1.00088
1.00207
1.00527
1.0131
1.03297
1.08503
1.22815
1.62454
2.35469
2.74021
2.755
2.72848
1
1
1
1
1
1
1
1
1.00001
1.00002
1.00006
1.00012
1.00036
1.00079
1.00216
1.005
1.01309
1.03195
1.08405
1.222
1.60548
2.34071
2.73193
2.75478
2.72987
1
1
1
1
1
1
1
1
1.00001
1.00002
1.00005
1.00015
1.0003
1.0009
1.00191
1.00535
1.0122
1.03263
1.08098
1.22022
1.58793
2.33151
2.72262
2.75354
2.73049
1
1
1
1
1
1
1
1
1.00001
1.00002
1.00006
1.00012
1.00036
1.00076
1.00215
1.0048
1.01296
1.03084
1.08208
1.21501
1.58259
2.3222
2.71246
2.75144
2.73024
1
1
1
1
1
1
1
1
1.00001
1.00002
1.00005
1.00013
1.00035
1.00076
1.00216
1.00463
1.01326
1.02987
1.08221
1.2122
1.57732
2.31687
2.70308
2.74938
2.72965
1
1
1
1
1
1
1
1
1.00001
1.00002
1.00006
1.00013
1.00035
1.00075
1.00216
1.0046
1.01317
1.0298
1.08159
1.21106
1.5734
2.31397
2.69595
2.74786
2.72996
1
1
1
1
1
1
1
1
1.00001
1.00002
1.00005
1.00014
1.00031
1.00084
1.00195
1.005
1.01234
1.03102
1.07963
1.21233
1.56977
2.31347
2.69191
2.74703
2.7306
2.35581
2.4935
2.79102
3.04096
3.04502
3.00306
2.98981
2.97887
2.96311
2.94672
2.93324
2.92496
2.92267
2.92165
2.92146
2.92485
2.93005
2.93771
2.94552
2.95476
2.96197
2.97125
2.97822
2.98594
2.99262
2.99714
3.00256
3.00521
3.00783
3.00877
3.00905
3.00721
3.00444
3.00181
3.00091
2.99839
2.99544
2.9914
2.98587
2.97923
2.97458
2.9666
2.96114
2.95235
2.94561
2.93594
2.92796
2.91803
2.91072
2.89998
2.89169
2.88107
2.8718
2.86152
2.85184
2.84104
2.83181
2.82007
2.81065
2.79874
2.78923
2.77736
2.76725
2.75583
2.74491
2.73382
2.72266
2.71137
2.70037
2.68879
2.67797
2.66635
2.65565
2.64409
2.63363
2.62206
2.61189
2.60033
2.59042
2.57908
2.56929
2.55844
2.54862
2.53846
2.52857
2.5191
2.50931
2.50039
2.49105
2.4826
2.47399
2.46612
2.45847
2.45153
2.44515
2.43966
2.43509
2.43165
2.42965
2.42698
2.37045
2.46551
2.6186
2.84334
2.99967
3.04325
3.13148
3.15492
3.15611
3.15173
3.14458
3.14335
3.14437
3.14359
3.13938
3.13442
3.12976
3.12526
3.11895
3.11387
3.10639
3.09737
3.08832
3.08296
3.07934
3.07424
3.06784
3.05916
3.05193
3.04115
3.03186
3.02054
3.01119
2.9997
2.98878
2.9769
2.96547
2.95246
2.93909
2.92677
2.9133
2.90057
2.88799
2.8754
2.8616
2.84881
2.83521
2.82349
2.81001
2.79816
2.78557
2.7732
2.76115
2.74874
2.7371
2.72492
2.7135
2.70164
2.68999
2.67867
2.66672
2.65588
2.64404
2.63333
2.6219
2.61106
2.59997
2.58903
2.5782
2.56727
2.55674
2.54586
2.53572
2.52494
2.51521
2.50455
2.49515
2.48469
2.47548
2.46538
2.4562
2.44661
2.43741
2.42838
2.41924
2.41068
2.40185
2.39366
2.38535
2.37749
2.36984
2.36249
2.35568
2.34918
2.34351
2.33835
2.33434
2.33113
2.32955
2.32707
2.35959
2.38845
2.46976
2.52944
2.66069
2.77811
2.93312
3.04832
3.12126
3.14659
3.15381
3.16794
3.20852
3.22306
3.21492
3.2054
3.18835
3.17344
3.15638
3.13974
3.1222
3.10441
3.08832
3.07073
3.05202
3.03378
3.01352
2.99453
2.97498
2.95608
2.93632
2.91779
2.89888
2.88001
2.86204
2.84354
2.8264
2.80911
2.79246
2.77632
2.75998
2.74509
2.73015
2.71612
2.70189
2.68703
2.67379
2.65978
2.64755
2.6342
2.62242
2.6095
2.598
2.58586
2.57438
2.56304
2.55136
2.54058
2.52892
2.51851
2.50719
2.49704
2.48607
2.47603
2.46526
2.45525
2.44459
2.43464
2.42415
2.41428
2.40408
2.39433
2.3845
2.37492
2.36545
2.35616
2.34697
2.3381
2.32905
2.32077
2.31177
2.30413
2.29519
2.28818
2.27936
2.27281
2.2643
2.25812
2.25009
2.24434
2.23695
2.23178
2.2252
2.2209
2.21544
2.21244
2.20864
2.20752
2.2062
2.20575
2.33681
2.33007
2.36365
2.39438
2.45723
2.52951
2.61145
2.70916
2.81646
2.90218
2.97592
3.01552
3.04323
3.05505
3.05147
3.04297
3.02912
3.0113
2.99139
2.96859
2.94431
2.91994
2.89666
2.87305
2.85139
2.82743
2.80596
2.78326
2.76316
2.74313
2.72461
2.70706
2.68975
2.67455
2.65856
2.64517
2.63082
2.61848
2.60541
2.59366
2.58155
2.57062
2.55976
2.54995
2.53923
2.52908
2.51845
2.50911
2.49913
2.49043
2.48056
2.47232
2.46243
2.45454
2.44467
2.43698
2.42721
2.41955
2.40995
2.40223
2.39281
2.38497
2.37566
2.36767
2.35845
2.35031
2.34119
2.33291
2.3239
2.3155
2.3066
2.29814
2.28933
2.28088
2.27212
2.26379
2.25504
2.24697
2.23818
2.23044
2.22157
2.21412
2.20528
2.19811
2.18956
2.18271
2.17465
2.16811
2.16065
2.15446
2.14772
2.14203
2.13616
2.13123
2.12652
2.12278
2.11975
2.11783
2.11715
2.11567
2.32246
2.2955
2.29661
2.31823
2.34476
2.39528
2.44114
2.49841
2.55101
2.60545
2.6443
2.67916
2.69725
2.7094
2.70696
2.7006
2.69242
2.68304
2.67551
2.66288
2.65064
2.63776
2.62415
2.61147
2.59791
2.58584
2.5723
2.56145
2.54986
2.54082
2.53106
2.52265
2.51422
2.50606
2.49879
2.49114
2.4848
2.47771
2.47194
2.46501
2.45948
2.45257
2.44775
2.44113
2.43586
2.42824
2.422
2.41452
2.40818
2.40091
2.39426
2.38695
2.38
2.37249
2.36535
2.35764
2.35038
2.34249
2.33515
2.32716
2.31973
2.31176
2.30425
2.29632
2.28872
2.28078
2.27311
2.2651
2.25739
2.24927
2.24162
2.23343
2.22589
2.21773
2.21032
2.20229
2.19488
2.18696
2.1794
2.17171
2.16405
2.15667
2.149
2.1419
2.13433
2.12751
2.12019
2.11372
2.10682
2.10084
2.09454
2.08925
2.08381
2.07949
2.0753
2.07235
2.06994
2.0691
2.06901
2.06825
2.31862
2.27958
2.26525
2.26746
2.28437
2.31149
2.34916
2.38435
2.41932
2.44576
2.46476
2.47598
2.4785
2.47709
2.47377
2.46962
2.46238
2.45637
2.4562
2.45516
2.45352
2.45029
2.44826
2.44432
2.44213
2.43827
2.43568
2.43239
2.43024
2.42738
2.42478
2.42184
2.41892
2.41583
2.41321
2.41007
2.40768
2.40424
2.40153
2.39745
2.39401
2.38944
2.386
2.3816
2.37739
2.3719
2.36634
2.36057
2.35462
2.34885
2.34252
2.33664
2.32994
2.32381
2.31676
2.31033
2.30304
2.29631
2.28878
2.28162
2.27385
2.26626
2.25833
2.25036
2.2424
2.23413
2.22624
2.21776
2.21002
2.20149
2.19394
2.18554
2.17807
2.16993
2.16245
2.15459
2.147
2.13963
2.132
2.12514
2.11746
2.11104
2.10342
2.09735
2.08989
2.08407
2.07693
2.07129
2.06466
2.0592
2.05331
2.04818
2.04327
2.03896
2.03523
2.03244
2.0304
2.02982
2.02985
2.02842
2.31677
2.27694
2.25276
2.24572
2.25146
2.26897
2.29502
2.32114
2.34476
2.35814
2.36535
2.36318
2.35664
2.34895
2.34192
2.33661
2.33267
2.32847
2.32827
2.33144
2.33571
2.33939
2.34217
2.34425
2.34547
2.34694
2.34775
2.34891
2.34963
2.34995
2.35032
2.35027
2.35002
2.34946
2.34858
2.34696
2.34517
2.34252
2.33978
2.33626
2.33242
2.32822
2.32411
2.32
2.31523
2.31021
2.30424
2.29871
2.29234
2.2866
2.27997
2.27398
2.26715
2.26084
2.25383
2.24722
2.24011
2.2333
2.22616
2.21922
2.21203
2.20499
2.19776
2.19067
2.18342
2.1763
2.16906
2.16189
2.15469
2.14753
2.14034
2.1332
2.12598
2.1189
2.11162
2.10476
2.09741
2.09077
2.08332
2.0769
2.06944
2.06324
2.05596
2.04998
2.04306
2.03735
2.03096
2.02563
2.01985
2.01506
2.01
2.00591
2.00193
1.99871
1.99631
1.99446
1.99422
1.99452
1.99554
1.99432
2.31775
2.27985
2.25317
2.24188
2.24258
2.25465
2.27336
2.29301
2.30661
2.31156
2.30838
2.29906
2.28618
2.27275
2.26176
2.25426
2.25026
2.24657
2.24545
2.24655
2.25147
2.25722
2.26181
2.26575
2.26847
2.27105
2.2729
2.27477
2.27612
2.27728
2.27806
2.27846
2.27839
2.27804
2.27729
2.27576
2.27448
2.27225
2.27036
2.26759
2.2651
2.26218
2.25953
2.25675
2.25333
2.24965
2.24496
2.24069
2.23538
2.23082
2.22511
2.2203
2.2143
2.20921
2.20295
2.19753
2.19103
2.1853
2.1786
2.17255
2.16567
2.15931
2.15229
2.14565
2.13853
2.13169
2.12448
2.1175
2.11017
2.10306
2.09565
2.08855
2.08117
2.07423
2.06689
2.06017
2.05293
2.04643
2.0393
2.03297
2.02596
2.01978
2.01296
2.00694
2.00047
1.99462
1.98871
1.98315
1.97791
1.97282
1.9684
1.96405
1.96075
1.9576
1.95575
1.95464
1.95477
1.95521
1.95659
1.95537
2.32065
2.28863
2.26392
2.25117
2.25096
2.2587
2.27225
2.28406
2.28972
2.28682
2.27686
2.26173
2.24479
2.22861
2.21474
2.20525
2.19837
2.19605
2.19286
2.19294
2.19479
2.19999
2.20567
2.21066
2.21478
2.21874
2.22146
2.22461
2.22659
2.22917
2.23076
2.23279
2.23386
2.23531
2.23565
2.23634
2.23614
2.23574
2.23514
2.23387
2.23256
2.23072
2.22892
2.22694
2.22418
2.22121
2.21722
2.21352
2.20878
2.20461
2.19939
2.19486
2.18932
2.18444
2.17865
2.17339
2.16736
2.16173
2.15546
2.14947
2.14301
2.1367
2.1301
2.1235
2.11681
2.11
2.10323
2.09622
2.08934
2.08233
2.07533
2.06841
2.0613
2.05456
2.04745
2.04089
2.03394
2.02754
2.02081
2.01454
2.00804
2.00187
1.99568
1.98963
1.98383
1.97803
1.97273
1.96736
1.96263
1.95801
1.95398
1.95053
1.94747
1.9456
1.94422
1.94431
1.94467
1.94538
1.94747
1.94658
2.32689
2.29906
2.28105
2.27107
2.2715
2.27692
2.28325
2.28677
2.28353
2.27382
2.25862
2.24038
2.22148
2.203
2.18786
2.17527
2.16728
2.16145
2.15923
2.15629
2.1563
2.1576
2.16183
2.16663
2.17154
2.17574
2.1799
2.18306
2.18641
2.18888
2.19156
2.19352
2.19549
2.19684
2.19795
2.19844
2.19863
2.19844
2.1979
2.1969
2.19547
2.19382
2.19181
2.18999
2.1872
2.18454
2.18077
2.17747
2.17301
2.16911
2.16408
2.15965
2.15424
2.14937
2.14369
2.13841
2.1325
2.12681
2.12067
2.11462
2.10826
2.10194
2.09539
2.08897
2.08226
2.07577
2.06896
2.06242
2.05569
2.04896
2.04236
2.03542
2.02894
2.02197
2.01549
2.00878
2.00217
1.99589
1.98917
1.98324
1.97663
1.97088
1.96465
1.95903
1.95343
1.94802
1.94322
1.93823
1.93428
1.93013
1.92715
1.92438
1.92262
1.9218
1.92202
1.92259
1.92369
1.92545
1.92952
1.93058
2.33741
2.31766
2.30497
2.29859
2.29879
2.29994
2.29917
2.2945
2.28478
2.26963
2.25116
2.23162
2.21186
2.19352
2.1766
2.16305
2.1519
2.14466
2.13875
2.13631
2.13369
2.13293
2.13331
2.13633
2.14056
2.14495
2.14951
2.15333
2.15722
2.16005
2.16298
2.16535
2.16734
2.16926
2.17036
2.17157
2.17187
2.17236
2.17217
2.17168
2.17062
2.16963
2.16795
2.16673
2.16422
2.16208
2.15856
2.15579
2.1516
2.14814
2.14335
2.13925
2.13405
2.12949
2.12402
2.1191
2.11341
2.10813
2.10225
2.09656
2.09051
2.08439
2.07822
2.07174
2.06542
2.05881
2.05238
2.04582
2.03921
2.03272
2.02596
2.0195
2.0127
2.00623
1.99953
1.99307
1.98658
1.98014
1.97391
1.96754
1.96158
1.9554
1.9497
1.94391
1.93855
1.93341
1.92851
1.92425
1.92015
1.91706
1.91425
1.91255
1.91166
1.91185
1.91238
1.91341
1.91518
1.91881
1.92354
1.9257
2.34865
2.33933
2.3323
2.32861
2.32668
2.32279
2.31521
2.30379
2.28883
2.27072
2.25046
2.23053
2.21063
2.19274
2.17562
2.16127
2.14851
2.13882
2.13071
2.12514
2.12054
2.11819
2.11625
2.11637
2.11776
2.12122
2.12438
2.1286
2.13233
2.13566
2.13885
2.14121
2.14368
2.14538
2.14697
2.14802
2.14867
2.14905
2.14899
2.14854
2.14759
2.14647
2.14492
2.14354
2.1411
2.13887
2.1356
2.13288
2.12907
2.1257
2.1214
2.11731
2.11265
2.10796
2.10303
2.09794
2.09268
2.08732
2.08165
2.07607
2.07002
2.06419
2.0579
2.05178
2.04554
2.03918
2.03307
2.02654
2.02044
2.01386
2.00764
2.0011
1.99469
1.98828
1.98174
1.97553
1.96899
1.96297
1.95663
1.95074
1.94476
1.93901
1.93356
1.92805
1.92329
1.91827
1.91422
1.91015
1.90707
1.90445
1.90271
1.90199
1.90219
1.90275
1.90382
1.90621
1.90933
1.91465
1.92008
1.92266
2.36531
2.36303
2.36151
2.35854
2.35233
2.34239
2.32813
2.31156
2.29264
2.27348
2.25374
2.23434
2.21582
2.19793
2.18142
2.16572
2.15209
2.1398
2.12959
2.12089
2.11417
2.10882
2.10573
2.10348
2.10269
2.10292
2.10436
2.10728
2.11014
2.11393
2.1168
2.11974
2.12193
2.12378
2.12536
2.12633
2.12726
2.12758
2.12794
2.12763
2.12683
2.12584
2.12459
2.12306
2.12117
2.11877
2.11614
2.11321
2.10985
2.10642
2.10228
2.09824
2.09349
2.08885
2.08383
2.07871
2.0736
2.06814
2.06282
2.05712
2.05142
2.04557
2.03949
2.03365
2.02736
2.02144
2.01511
2.00901
2.00273
1.99641
1.99021
1.98375
1.97761
1.97114
1.96505
1.95871
1.95272
1.94668
1.9408
1.93518
1.9295
1.92436
1.91904
1.91445
1.90972
1.90571
1.90196
1.89889
1.89662
1.89491
1.89459
1.89483
1.89552
1.89694
1.8991
1.9035
1.90811
1.91366
1.91889
1.92105
2.38445
2.3867
2.38515
2.37991
2.36932
2.35481
2.33704
2.31808
2.29907
2.27912
2.26043
2.2411
2.22371
2.20564
2.18946
2.1729
2.15846
2.14442
2.13254
2.12157
2.11283
2.10514
2.09953
2.09476
2.09238
2.09041
2.08997
2.09021
2.09158
2.09413
2.09691
2.09958
2.10179
2.10357
2.10517
2.10607
2.10706
2.10736
2.1077
2.10743
2.10675
2.10579
2.10447
2.10317
2.10142
2.09932
2.09694
2.09401
2.09105
2.08749
2.08382
2.07974
2.07536
2.07087
2.066
2.06117
2.05606
2.05088
2.04564
2.04006
2.03462
2.02874
2.02314
2.01718
2.01133
2.0054
1.99931
1.99344
1.98722
1.98137
1.97513
1.96923
1.96308
1.95708
1.95107
1.94502
1.93924
1.93326
1.92779
1.92208
1.91701
1.91182
1.90724
1.90281
1.89876
1.89537
1.89228
1.89034
1.88867
1.88866
1.88892
1.88972
1.89113
1.89416
1.898
1.90357
1.90863
1.91377
1.91825
1.91975
2.40521
2.41038
2.40823
2.39889
2.38326
2.36364
2.34312
2.32238
2.30405
2.28494
2.26791
2.24984
2.23367
2.21622
2.20039
2.18342
2.1683
2.15263
2.13924
2.12605
2.11506
2.10493
2.09679
2.08978
2.08466
2.08074
2.07852
2.07691
2.07632
2.07649
2.07768
2.07938
2.08131
2.0829
2.08452
2.0854
2.08644
2.08674
2.0872
2.08697
2.08645
2.08545
2.08423
2.08308
2.08137
2.07959
2.07704
2.07446
2.07145
2.06819
2.06471
2.0608
2.05668
2.05228
2.04758
2.0429
2.0378
2.03289
2.02754
2.02228
2.0168
2.01124
2.00577
1.99993
1.99442
1.9884
1.98281
1.97676
1.97106
1.96511
1.95928
1.95352
1.94758
1.94201
1.93606
1.93065
1.92487
1.91958
1.91419
1.90911
1.90432
1.89963
1.89563
1.89149
1.88846
1.88546
1.88371
1.88239
1.8825
1.88291
1.88389
1.88585
1.88879
1.89362
1.89879
1.90449
1.90935
1.91349
1.91712
1.91767
2.4223
2.42707
2.4221
2.40704
2.38718
2.36605
2.34594
2.32615
2.30868
2.29105
2.27478
2.25806
2.24219
2.2254
2.20938
2.19235
2.17646
2.1602
2.14554
2.13112
2.11854
2.10657
2.09647
2.08741
2.08009
2.07386
2.06911
2.06555
2.06307
2.06134
2.06036
2.06047
2.06137
2.06253
2.06396
2.06479
2.06586
2.06612
2.06661
2.06641
2.06596
2.06499
2.06405
2.06278
2.06142
2.0596
2.05731
2.05485
2.05199
2.04894
2.0456
2.04186
2.03802
2.03368
2.02936
2.02471
2.01995
2.01516
2.00994
2.00501
1.99953
1.99445
1.98886
1.98356
1.97795
1.9724
1.96683
1.9611
1.9556
1.94976
1.94431
1.93847
1.93305
1.92735
1.92195
1.91654
1.91121
1.90624
1.90114
1.89671
1.89215
1.88837
1.88463
1.88162
1.87921
1.87748
1.87677
1.87695
1.87766
1.87892
1.88091
1.88435
1.88959
1.89468
1.90053
1.90489
1.90941
1.91178
1.91471
1.91439
2.443
2.44195
2.43099
2.40942
2.38731
2.36599
2.34731
2.32912
2.31301
2.29653
2.281
2.26495
2.24921
2.23281
2.21657
2.19989
2.18364
2.16734
2.15202
2.13689
2.12309
2.10968
2.09795
2.08682
2.07732
2.06878
2.06179
2.0559
2.05125
2.04806
2.04547
2.04403
2.04277
2.0428
2.04327
2.04395
2.04488
2.04519
2.04567
2.04551
2.04512
2.04435
2.04332
2.04213
2.04092
2.03934
2.03733
2.03509
2.03239
2.02963
2.02639
2.02301
2.01933
2.01526
2.01124
2.00663
2.00228
1.9973
1.99258
1.98749
1.98246
1.97733
1.97205
1.9669
1.96145
1.95623
1.95067
1.94539
1.93983
1.93446
1.92904
1.9236
1.9184
1.91299
1.90799
1.90278
1.89801
1.89323
1.8888
1.88475
1.88088
1.87773
1.87467
1.87275
1.8711
1.87094
1.87116
1.872
1.87369
1.87585
1.88026
1.88499
1.89085
1.89591
1.90097
1.90454
1.9077
1.90909
1.91094
1.91013
2.45772
2.4479
2.42902
2.40649
2.38496
2.36485
2.34759
2.33125
2.31653
2.30154
2.28677
2.27146
2.25584
2.23982
2.22338
2.20691
2.19024
2.17388
2.15757
2.14199
2.12669
2.11243
2.09884
2.08622
2.07489
2.06431
2.05548
2.0474
2.04103
2.03554
2.03151
2.0281
2.02554
2.02402
2.02269
2.0227
2.0229
2.02337
2.02381
2.02388
2.02369
2.02322
2.02229
2.02121
2.02019
2.01873
2.01706
2.01496
2.01258
2.01007
2.00705
2.00407
2.00051
1.99696
1.993
1.98881
1.98453
1.97978
1.97531
1.9703
1.96565
1.96051
1.95565
1.95048
1.94542
1.94028
1.93504
1.92996
1.92462
1.91955
1.91425
1.90918
1.90411
1.89905
1.89438
1.88947
1.8853
1.8808
1.87729
1.87351
1.87078
1.86791
1.8663
1.86504
1.8651
1.86556
1.86668
1.86833
1.87149
1.87575
1.88133
1.88672
1.89227
1.8967
1.90056
1.90296
1.90484
1.90541
1.90635
1.90502
2.46603
2.44661
2.42386
2.4017
2.38154
2.36321
2.34726
2.33226
2.31799
2.3039
2.28925
2.27447
2.25884
2.2431
2.22672
2.21039
2.19377
2.17734
2.16081
2.14481
2.12881
2.11379
2.09897
2.08548
2.0726
2.06106
2.05042
2.04075
2.03238
2.02505
2.0191
2.01409
2.0099
2.00676
2.00466
2.0034
2.00231
2.00229
2.00237
2.00259
2.00255
2.00227
2.00162
2.00077
1.99989
1.99873
1.99737
1.9954
1.99339
1.99106
1.9884
1.98576
1.98236
1.97931
1.97528
1.97171
1.96723
1.96311
1.95848
1.95391
1.94922
1.94434
1.93963
1.93458
1.9298
1.9247
1.91978
1.91476
1.9097
1.90485
1.89971
1.89508
1.89003
1.88564
1.88094
1.87686
1.8728
1.86923
1.8661
1.86327
1.86111
1.85949
1.85893
1.85909
1.85997
1.8611
1.86338
1.86679
1.87184
1.87722
1.88293
1.88809
1.89267
1.89607
1.8987
1.89985
1.90076
1.90074
1.90069
1.89917
2.47177
2.44499
2.42144
2.39982
2.38185
2.36462
2.34909
2.33463
2.32022
2.30619
2.29136
2.2765
2.26091
2.24522
2.22915
2.21298
2.19669
2.18031
2.16385
2.14754
2.13131
2.11574
2.10038
2.08617
2.0722
2.05962
2.04725
2.03645
2.02626
2.01731
2.00942
2.00261
1.99708
1.99205
1.98839
1.98566
1.98403
1.98291
1.98223
1.98224
1.98235
1.98234
1.98215
1.98172
1.98102
1.98019
1.97927
1.97761
1.97613
1.97376
1.97174
1.96882
1.96612
1.9628
1.95945
1.95574
1.95175
1.94771
1.94334
1.939
1.93437
1.92978
1.92504
1.92022
1.91551
1.91047
1.90578
1.9007
1.89599
1.89109
1.88635
1.88181
1.87716
1.87309
1.86877
1.86527
1.86164
1.85898
1.85624
1.85455
1.85305
1.85308
1.85335
1.85426
1.85607
1.85851
1.86283
1.8679
1.87348
1.87913
1.88401
1.88858
1.89153
1.89421
1.89513
1.89599
1.89569
1.89552
1.89518
1.89353
2.48368
2.45033
2.42511
2.40381
2.38618
2.37025
2.35471
2.33992
2.32484
2.3101
2.29477
2.2794
2.26362
2.2477
2.23168
2.21563
2.19942
2.18304
2.16655
2.15005
2.13369
2.11768
2.10205
2.08707
2.07256
2.0589
2.04569
2.0336
2.02181
2.01153
2.00179
1.99374
1.98647
1.98066
1.97546
1.97133
1.96873
1.96669
1.96583
1.96519
1.96506
1.96513
1.96524
1.9651
1.96469
1.96431
1.9635
1.96264
1.96106
1.95918
1.95715
1.95464
1.95213
1.94903
1.94594
1.94231
1.93865
1.93466
1.93054
1.92632
1.92184
1.91745
1.91274
1.90819
1.90346
1.89865
1.89404
1.889
1.88456
1.87954
1.87531
1.8706
1.8667
1.86249
1.85916
1.8557
1.85325
1.85082
1.84922
1.8482
1.8483
1.84884
1.84981
1.85183
1.85532
1.8597
1.86517
1.87055
1.8763
1.88088
1.88532
1.88811
1.89049
1.89136
1.89185
1.89164
1.89119
1.89048
1.88973
1.88805
2.50793
2.46911
2.44083
2.41898
2.39957
2.38277
2.36637
2.35069
2.33478
2.31883
2.30273
2.28641
2.2701
2.25357
2.23708
2.22046
2.20373
2.187
2.17013
2.15352
2.13692
2.12082
2.10486
2.08956
2.07452
2.06022
2.04629
2.03328
2.02078
2.00955
1.99884
1.98959
1.98106
1.97376
1.96737
1.96199
1.95779
1.9548
1.95312
1.95196
1.9515
1.9512
1.95104
1.95095
1.95077
1.9505
1.95002
1.94945
1.94827
1.94693
1.94489
1.94288
1.94033
1.93765
1.93461
1.93131
1.92788
1.9241
1.92028
1.91616
1.9119
1.90757
1.90289
1.89852
1.8936
1.88926
1.8843
1.87993
1.87513
1.87081
1.86632
1.86228
1.85829
1.85477
1.8516
1.84901
1.84692
1.84532
1.84478
1.84493
1.84553
1.84691
1.84934
1.85345
1.85818
1.86389
1.86921
1.87482
1.87926
1.8834
1.88614
1.8881
1.88914
1.88933
1.88915
1.88876
1.88791
1.88647
1.88529
1.88354
2.53898
2.49963
2.4695
2.44482
2.42275
2.40246
2.38341
2.36493
2.34697
2.32919
2.31164
2.29441
2.27734
2.26061
2.24384
2.22722
2.2105
2.19373
2.17694
2.16017
2.14367
2.12724
2.11126
2.09543
2.08021
2.06524
2.05095
2.03716
2.02409
2.01184
2.00035
1.98994
1.9804
1.97217
1.96501
1.95889
1.95339
1.94926
1.94592
1.9434
1.94186
1.94097
1.9405
1.94046
1.94048
1.94045
1.94034
1.94007
1.93952
1.93839
1.93699
1.93509
1.93298
1.93047
1.92763
1.92461
1.92121
1.9177
1.91392
1.90984
1.90579
1.9012
1.89697
1.89218
1.88782
1.88309
1.87862
1.87405
1.8696
1.8653
1.86116
1.85732
1.85379
1.85077
1.84817
1.84634
1.84471
1.84446
1.84462
1.84518
1.84672
1.84991
1.85427
1.85931
1.86501
1.87046
1.87569
1.88018
1.88365
1.88654
1.8879
1.88908
1.88903
1.8888
1.88837
1.88746
1.88597
1.88412
1.88267
1.8808
2.57543
2.53869
2.50842
2.48152
2.45589
2.43205
2.40906
2.38739
2.36635
2.34644
2.32713
2.3087
2.29079
2.27341
2.25632
2.23936
2.22237
2.20534
2.18821
2.1712
2.1544
2.13797
2.12182
2.10598
2.09047
2.07531
2.06055
2.0464
2.0327
2.01996
2.00768
1.99659
1.98606
1.9768
1.96836
1.96108
1.95464
1.94885
1.94437
1.94098
1.93867
1.9371
1.93628
1.93596
1.93597
1.936
1.93607
1.93601
1.93574
1.93517
1.93411
1.93257
1.93078
1.92843
1.92586
1.92284
1.91963
1.91619
1.91241
1.90856
1.90425
1.9
1.89538
1.89083
1.88611
1.88139
1.8767
1.87204
1.8676
1.86327
1.85942
1.85569
1.85278
1.85017
1.84846
1.84719
1.84688
1.84704
1.84776
1.84996
1.85357
1.85824
1.86356
1.8689
1.87451
1.87905
1.88378
1.88659
1.88949
1.89052
1.89139
1.89119
1.89093
1.89032
1.88942
1.88782
1.886
1.88395
1.88233
1.88042
2.60793
2.57556
2.5468
2.51941
2.49291
2.46726
2.44311
2.41995
2.39785
2.3765
2.35572
2.33553
2.31578
2.29666
2.27782
2.25952
2.24124
2.22358
2.20586
2.18874
2.17176
2.15532
2.13895
2.12289
2.10706
2.09148
2.07639
2.06172
2.04763
2.03415
2.02127
2.00926
1.9979
1.98763
1.97808
1.96964
1.9621
1.95537
1.94948
1.94468
1.94119
1.9385
1.937
1.93601
1.93577
1.93584
1.93601
1.9363
1.93631
1.93615
1.93568
1.93472
1.93333
1.9313
1.92903
1.92619
1.92317
1.91982
1.91613
1.91232
1.90801
1.90379
1.89912
1.89455
1.88976
1.885
1.88028
1.87564
1.87129
1.8671
1.86352
1.86013
1.85781
1.85565
1.85451
1.85381
1.85395
1.85498
1.85762
1.86166
1.86599
1.87168
1.87644
1.88222
1.88623
1.89068
1.89326
1.89575
1.89666
1.89728
1.89695
1.89647
1.89585
1.89459
1.89303
1.89112
1.88904
1.88684
1.88509
1.88321
2.63596
2.60967
2.58383
2.55745
2.53122
2.50641
2.48202
2.45907
2.43604
2.41359
2.39124
2.36946
2.34826
2.32778
2.30804
2.28878
2.27017
2.25175
2.23394
2.21604
2.19862
2.18127
2.16438
2.14773
2.1314
2.1154
2.09979
2.08448
2.06976
2.05538
2.0419
2.02897
2.01692
2.00575
1.99517
1.98581
1.97701
1.96955
1.9626
1.95699
1.95221
1.94887
1.94626
1.94477
1.94384
1.94358
1.94365
1.94381
1.94415
1.94417
1.94401
1.94351
1.94252
1.94087
1.93891
1.93618
1.93325
1.92976
1.92585
1.92184
1.91703
1.91268
1.90739
1.9028
1.89747
1.89279
1.88775
1.88338
1.879
1.87527
1.87201
1.8693
1.86755
1.86603
1.86539
1.86559
1.86717
1.86997
1.8744
1.8786
1.88426
1.88889
1.89435
1.89819
1.90228
1.90459
1.90678
1.90767
1.90793
1.90762
1.90724
1.90641
1.90543
1.90356
1.90175
1.89944
1.89717
1.89462
1.89277
1.89059
2.65813
2.63335
2.61037
2.58712
2.56403
2.54064
2.51825
2.4949
2.47302
2.45011
2.42875
2.40711
2.38656
2.36608
2.34626
2.32648
2.30721
2.28812
2.26945
2.25115
2.23282
2.21532
2.19731
2.18042
2.16271
2.14602
2.12908
2.11283
2.09717
2.08203
2.06791
2.05424
2.04156
2.02949
2.01822
2.00791
1.9985
1.98999
1.98272
1.9758
1.9702
1.96531
1.96164
1.95858
1.95663
1.95537
1.95474
1.95478
1.95494
1.95521
1.95562
1.95556
1.95524
1.95445
1.95316
1.95089
1.94845
1.94481
1.94124
1.9364
1.9319
1.92643
1.92134
1.91582
1.91052
1.9054
1.90038
1.89601
1.89178
1.88849
1.88553
1.88378
1.88174
1.88152
1.88195
1.88407
1.88671
1.89116
1.89527
1.90078
1.90527
1.91038
1.91415
1.91778
1.92032
1.92185
1.92298
1.9228
1.92235
1.92158
1.92084
1.91926
1.91775
1.91548
1.91332
1.9108
1.90827
1.90568
1.90365
1.90155
2.66869
2.64701
2.62815
2.60889
2.58892
2.56787
2.54729
2.5261
2.50559
2.48556
2.46502
2.44579
2.42531
2.40608
2.38599
2.36682
2.34721
2.32842
2.30902
2.29041
2.27087
2.25214
2.2327
2.21414
2.1955
2.17755
2.16037
2.14358
2.12786
2.11262
2.09795
2.08419
2.07058
2.0581
2.04587
2.0347
2.02396
2.0142
2.00503
1.99665
1.98892
1.98229
1.97647
1.97219
1.96871
1.96672
1.96535
1.96526
1.96549
1.96606
1.967
1.96723
1.96705
1.96645
1.96503
1.96269
1.95956
1.9559
1.95176
1.94734
1.94265
1.93783
1.93304
1.92815
1.92364
1.91901
1.9152
1.91128
1.90856
1.90603
1.90416
1.90305
1.90323
1.9043
1.90678
1.91027
1.91472
1.91952
1.92514
1.92995
1.9351
1.93892
1.94229
1.94476
1.94606
1.94696
1.94669
1.94595
1.94538
1.94426
1.94328
1.94118
1.9398
1.93697
1.93523
1.93204
1.92984
1.92645
1.92457
1.92163
2.67686
2.65593
2.63993
2.62347
2.60583
2.58749
2.56931
2.55124
2.53295
2.51545
2.49707
2.47907
2.46102
2.44205
2.42392
2.40418
2.38527
2.3649
2.34521
2.32461
2.30471
2.28455
2.26524
2.24624
2.22811
2.21036
2.19343
2.17659
2.16056
2.14459
2.12908
2.11428
2.0994
2.08575
2.07203
2.05939
2.04718
2.03573
2.02521
2.01549
2.0068
1.99907
1.99256
1.98734
1.98335
1.98029
1.97841
1.97745
1.97687
1.97606
1.97517
1.97406
1.97255
1.97113
1.96891
1.96678
1.96365
1.96055
1.95665
1.95339
1.94943
1.94614
1.94248
1.93934
1.93648
1.93357
1.93172
1.92964
1.9283
1.9274
1.92765
1.92836
1.93057
1.93406
1.93818
1.94304
1.94834
1.95376
1.9587
1.96378
1.96727
1.97098
1.97308
1.97496
1.97631
1.97644
1.97638
1.9762
1.97583
1.97497
1.97402
1.9719
1.97042
1.96725
1.96531
1.96126
1.95898
1.95436
1.95224
1.94764
2.68318
2.66231
2.64619
2.63216
2.61653
2.60056
2.58456
2.56851
2.55297
2.53765
2.52235
2.5066
2.49025
2.47259
2.45396
2.43442
2.41396
2.3937
2.37282
2.35307
2.33297
2.31401
2.29508
2.27665
2.25873
2.24055
2.22329
2.20534
2.18858
2.1714
2.15501
2.1392
2.12338
2.10885
2.09426
2.08064
2.06777
2.05538
2.04425
2.03389
2.02463
2.01635
2.0091
2.00277
1.99735
1.99294
1.98887
1.98496
1.98137
1.97843
1.9759
1.97373
1.97186
1.97001
1.96829
1.96638
1.96484
1.96321
1.96171
1.95956
1.95793
1.95564
1.95403
1.95202
1.95063
1.94936
1.94823
1.94801
1.9483
1.94907
1.95058
1.95401
1.95798
1.9624
1.96814
1.97354
1.97959
1.98529
1.99039
1.99514
1.99921
2.00204
2.00533
2.00668
2.00873
2.00899
2.00905
2.00889
2.00822
2.00709
2.00463
2.0025
1.99908
1.99559
1.99161
1.98656
1.98243
1.9762
1.97321
1.96698
2.68717
2.66588
2.6513
2.63787
2.62422
2.60836
2.59412
2.57966
2.56678
2.55435
2.54097
2.52685
2.51085
2.49317
2.47442
2.45463
2.43467
2.41492
2.39519
2.37598
2.35707
2.33792
2.31945
2.30033
2.28189
2.2632
2.24496
2.22699
2.20937
2.1923
2.17546
2.15934
2.14334
2.12811
2.11328
2.09897
2.08586
2.07293
2.06167
2.05078
2.041
2.03195
2.02321
2.01522
2.0074
1.99982
1.99276
1.98631
1.98084
1.9763
1.97285
1.97036
1.96892
1.96815
1.96754
1.96721
1.96702
1.96676
1.96624
1.96568
1.96454
1.9638
1.96266
1.96197
1.96133
1.9614
1.9618
1.96261
1.9646
1.96733
1.9712
1.976
1.9819
1.98825
1.99504
2.00225
2.00875
2.01553
2.02117
2.026
2.03045
2.03347
2.03578
2.038
2.03795
2.03771
2.03698
2.03589
2.03332
2.03116
2.02669
2.0232
2.01773
2.01351
2.00762
2.00317
1.99762
1.99315
1.98944
1.98558
2.69069
2.6695
2.65571
2.64277
2.62886
2.61397
2.60019
2.58846
2.57706
2.56587
2.55283
2.53817
2.52177
2.50403
2.48553
2.4667
2.44768
2.42898
2.40993
2.39129
2.37235
2.35337
2.33459
2.31569
2.29708
2.27889
2.26068
2.24317
2.2255
2.20847
2.19137
2.17475
2.1586
2.14266
2.12805
2.11341
2.10056
2.08762
2.07618
2.0647
2.05382
2.04329
2.03241
2.02213
2.01179
2.00191
1.99313
1.9851
1.97864
1.97332
1.96934
1.96655
1.96509
1.96434
1.96411
1.9642
1.96449
1.96501
1.96556
1.96581
1.96602
1.96618
1.96642
1.96688
1.9678
1.96915
1.9718
1.97466
1.97898
1.98397
1.99018
1.99728
2.00516
2.01333
2.02175
2.02952
2.03714
2.04336
2.04915
2.05349
2.0565
2.05928
2.06017
2.06009
2.05912
2.05801
2.05551
2.05348
2.04926
2.04619
2.04097
2.03763
2.03214
2.02881
2.02352
2.0203
2.01569
2.01274
2.00964
2.00738
2.69385
2.67337
2.65978
2.64673
2.63281
2.61885
2.6064
2.59538
2.58436
2.57238
2.55865
2.5432
2.52623
2.50881
2.4904
2.4725
2.45381
2.43573
2.41703
2.3985
2.38014
2.3615
2.34348
2.32541
2.30762
2.29015
2.27246
2.2551
2.23744
2.22016
2.20277
2.18619
2.16979
2.15451
2.13976
2.12587
2.11259
2.09978
2.08705
2.07474
2.06196
2.04988
2.03701
2.02516
2.01308
2.0022
1.9922
1.98314
1.97552
1.96895
1.96396
1.96012
1.95792
1.95672
1.95649
1.95663
1.957
1.95798
1.95997
1.96117
1.96334
1.96469
1.967
1.96887
1.972
1.97528
1.97981
1.98514
1.99158
1.99944
2.00772
2.01704
2.02641
2.03591
2.04474
2.05309
2.05994
2.06603
2.0705
2.07361
2.07597
2.07641
2.07611
2.07528
2.07325
2.07141
2.06827
2.06581
2.06177
2.05892
2.05468
2.05184
2.04733
2.04484
2.0401
2.03776
2.03312
2.03093
2.0278
2.02573
2.69666
2.67707
2.66404
2.65141
2.63845
2.62529
2.61296
2.60132
2.58896
2.57528
2.56035
2.54429
2.52737
2.51026
2.49242
2.47442
2.45602
2.43749
2.41927
2.40083
2.38341
2.36579
2.34894
2.33205
2.31516
2.29813
2.28095
2.26323
2.24604
2.22825
2.21157
2.19484
2.1792
2.16406
2.14951
2.13563
2.12158
2.10831
2.09408
2.08085
2.06634
2.05309
2.03883
2.026
2.01298
2.00115
1.9901
1.97993
1.97115
1.9634
1.95729
1.95229
1.94913
1.9473
1.94686
1.94699
1.94737
1.94875
1.95163
1.95393
1.95765
1.96066
1.96481
1.96907
1.97401
1.97998
1.98638
1.99443
2.00296
2.01299
2.02298
2.03365
2.04381
2.05359
2.0624
2.07012
2.07631
2.0814
2.08462
2.0871
2.08781
2.08761
2.08686
2.0855
2.08323
2.08103
2.07847
2.07585
2.07256
2.06982
2.06629
2.06341
2.05979
2.05688
2.05273
2.05031
2.04564
2.04385
2.04022
2.0389
2.69932
2.68071
2.66891
2.65768
2.64553
2.63263
2.61885
2.60493
2.59056
2.57541
2.5602
2.54412
2.52778
2.5104
2.49292
2.47422
2.45597
2.43702
2.41933
2.40147
2.38498
2.36855
2.35248
2.33649
2.32002
2.30334
2.28652
2.26901
2.25243
2.23506
2.21926
2.2029
2.18802
2.17266
2.15828
2.1434
2.12879
2.11402
2.09876
2.08411
2.06854
2.05421
2.03922
2.02547
2.01193
1.99913
1.98747
1.97618
1.96675
1.95762
1.95074
1.94446
1.94033
1.93762
1.93661
1.9367
1.93705
1.93849
1.94185
1.94525
1.95047
1.95527
1.9616
1.96797
1.97541
1.98378
1.9926
2.00306
2.01349
2.02505
2.03614
2.04735
2.05759
2.06699
2.07514
2.08184
2.08731
2.09117
2.09383
2.09536
2.09537
2.095
2.09404
2.09219
2.09008
2.08811
2.08552
2.08295
2.07998
2.07716
2.07374
2.07085
2.06722
2.06409
2.06034
2.05731
2.05341
2.05151
2.04802
2.04786
2.70165
2.68568
2.67583
2.66613
2.65309
2.63822
2.62227
2.60634
2.59101
2.57567
2.56036
2.54463
2.52826
2.51055
2.49274
2.47356
2.45528
2.4365
2.41921
2.40202
2.38588
2.37018
2.35426
2.33894
2.32278
2.307
2.29087
2.2747
2.25894
2.24303
2.2276
2.21205
2.19688
2.18112
2.16597
2.1497
2.13421
2.11766
2.10182
2.08549
2.06973
2.05413
2.03902
2.02446
2.01056
1.99708
1.985
1.97275
1.96285
1.95254
1.94489
1.93752
1.9323
1.9287
1.92685
1.92684
1.92708
1.92834
1.93182
1.93625
1.94296
1.94968
1.95845
1.96712
1.97743
1.98806
1.99968
2.01201
2.02411
2.0366
2.04812
2.05914
2.06886
2.07735
2.08452
2.09001
2.09452
2.09721
2.09926
2.09992
2.09976
2.09916
2.09801
2.09608
2.09408
2.09217
2.0896
2.08692
2.08399
2.08085
2.07754
2.07438
2.0708
2.06762
2.06385
2.06093
2.05768
2.05549
2.05314
2.05361
2.70502
2.69282
2.68419
2.67347
2.65832
2.64143
2.6245
2.60805
2.59226
2.57716
2.56082
2.54521
2.52771
2.51041
2.49212
2.47381
2.45541
2.43727
2.41962
2.40267
2.38598
2.37059
2.35469
2.34032
2.32511
2.31097
2.2962
2.2819
2.26696
2.25241
2.23671
2.22153
2.2051
2.18873
2.17199
2.15452
2.13774
2.11995
2.10339
2.08611
2.07008
2.05379
2.0386
2.0234
2.00951
1.99531
1.98304
1.97005
1.95966
1.94856
1.94001
1.93198
1.92549
1.92113
1.91834
1.918
1.9182
1.91928
1.92265
1.92804
1.93609
1.94492
1.95581
1.96703
1.98005
1.9931
2.00708
2.02086
2.03419
2.04701
2.05853
2.06893
2.07786
2.08518
2.09116
2.09557
2.09891
2.10094
2.10233
2.1024
2.10214
2.10133
2.10002
2.09812
2.096
2.094
2.09143
2.08867
2.08559
2.08233
2.07898
2.07565
2.07208
2.06867
2.0651
2.06244
2.0594
2.05749
2.05631
2.05725
2.71013
2.6996
2.69117
2.67779
2.6615
2.64378
2.62761
2.61095
2.59446
2.57818
2.56098
2.54503
2.52737
2.51068
2.49204
2.47459
2.45586
2.43825
2.4201
2.40312
2.3858
2.37042
2.35469
2.34104
2.32722
2.3145
2.30149
2.2886
2.2747
2.26074
2.24489
2.22934
2.21176
2.19453
2.17623
2.15791
2.13983
2.12139
2.10418
2.08634
2.07023
2.05347
2.03835
2.02276
2.00877
1.99406
1.98163
1.96801
1.95719
1.94558
1.93621
1.9277
1.92018
1.91533
1.91155
1.91096
1.91119
1.91226
1.91539
1.92168
1.93076
1.94147
1.9544
1.96819
1.98353
1.99877
2.01447
2.02931
2.04329
2.05605
2.06715
2.07664
2.08449
2.0907
2.09545
2.09907
2.10141
2.10295
2.10373
2.10365
2.10327
2.10231
2.1009
2.09907
2.09694
2.09482
2.09225
2.08933
2.08603
2.08256
2.07905
2.07556
2.07192
2.06847
2.06523
2.06268
2.05995
2.05872
2.05833
2.05965
2.71457
2.70443
2.69508
2.68
2.66385
2.64641
2.63025
2.61284
2.59551
2.57812
2.56088
2.54465
2.52785
2.51141
2.49275
2.4751
2.45578
2.43827
2.42001
2.40324
2.38594
2.3706
2.35527
2.34214
2.32955
2.31788
2.30629
2.29433
2.28097
2.26724
2.25094
2.23484
2.21631
2.19825
2.1789
2.15998
2.14103
2.12229
2.10459
2.08661
2.07037
2.05343
2.03835
2.02249
2.00846
1.99342
1.98076
1.96671
1.95546
1.9435
1.93346
1.92469
1.91648
1.91134
1.90691
1.90617
1.90645
1.90754
1.91069
1.91726
1.92722
1.9394
1.95392
1.96962
1.98662
2.00349
2.02035
2.03594
2.05022
2.06287
2.07337
2.08233
2.08915
2.09468
2.09842
2.10141
2.10305
2.10424
2.10454
2.10438
2.10389
2.10278
2.10139
2.09943
2.09734
2.09512
2.0925
2.08948
2.08606
2.08249
2.07887
2.07528
2.07159
2.06817
2.06512
2.06264
2.06025
2.0595
2.05941
2.06106
2.71675
2.70706
2.69668
2.68128
2.66541
2.64805
2.63144
2.61344
2.59562
2.57794
2.56091
2.54456
2.52829
2.51201
2.49351
2.47554
2.45574
2.43806
2.41978
2.4033
2.38621
2.37099
2.35589
2.34296
2.33098
2.31985
2.30902
2.29752
2.28445
2.27072
2.25413
2.23766
2.2186
2.20012
2.18027
2.16108
2.14175
2.12293
2.10495
2.08697
2.0706
2.05362
2.03851
2.0225
2.00843
1.99319
1.9804
1.96617
1.95465
1.94261
1.93218
1.92334
1.91477
1.9095
1.90473
1.90389
1.90419
1.9053
1.90847
1.91521
1.92556
1.93836
1.95367
1.97031
1.98817
2.00585
2.02325
2.03917
2.05353
2.0661
2.07638
2.08508
2.09155
2.09669
2.10011
2.10275
2.1041
2.10513
2.10517
2.10496
2.10441
2.10318
2.10186
2.09972
2.09762
2.09533
2.09269
2.08961
2.08615
2.08256
2.07891
2.07528
2.07158
2.06819
2.06519
2.06278
2.06052
2.05994
2.05993
2.06174
)
;

boundaryField
{
    inlet
    {
        type            fixedValue;
        value           uniform 1;
    }
    outlet
    {
        type            zeroGradient;
    }
    bottom
    {
        type            symmetryPlane;
    }
    top
    {
        type            symmetryPlane;
    }
    obstacle
    {
        type            zeroGradient;
    }
    defaultFaces
    {
        type            empty;
    }
}


// ************************************************************************* //
