/*--------------------------------*- C++ -*----------------------------------*\
  =========                 |
  \\      /  F ield         | OpenFOAM: The Open Source CFD Toolbox
   \\    /   O peration     | Website:  https://openfoam.org
    \\  /    A nd           | Version:  10
     \\/     M anipulation  |
\*---------------------------------------------------------------------------*/
FoamFile
{
    format      ascii;
    class       volScalarField;
    location    "0.04";
    object      beta;
}
// * * * * * * * * * * * * * * * * * * * * * * * * * * * * * * * * * * * * * //

dimensions      [0 0 0 0 0 0 0];

internalField   uniform 0;

boundaryField
{
    frontAndBack
    {
        type            empty;
    }
    inlet
    {
        type            calculated;
        value           uniform 0;
    }
    outlet
    {
        type            calculated;
        value           uniform 0;
    }
    substrate
    {
        type            calculated;
        value           nonuniform List<scalar> 
400
(
0.00814174
0.00832307
0.0084799
0.00861894
0.00874384
0.00885686
0.00895958
0.00905318
0.0091386
0.00921663
0.00928794
0.00935309
0.00941263
0.009467
0.00951664
0.00956194
0.00960325
0.0096409
0.00967519
0.0097064
0.00973478
0.00976058
0.00978401
0.00980528
0.00982457
0.00984205
0.00985788
0.00987221
0.00988517
0.00989689
0.00990747
0.00991702
0.00992563
0.0099334
0.00994039
0.00994669
0.00995235
0.00995744
0.00996201
0.00996611
0.00996979
0.00997309
0.00997605
0.0099787
0.00998106
0.00998318
0.00998507
0.00998676
0.00998826
0.0099896
0.0099908
0.00999186
0.00999281
0.00999365
0.00999439
0.00999506
0.00999564
0.00999617
0.00999663
0.00999703
0.00999739
0.00999771
0.00999799
0.00999824
0.00999846
0.00999865
0.00999882
0.00999897
0.0099991
0.00999922
0.00999932
0.00999941
0.00999948
0.00999955
0.00999961
0.00999966
0.00999971
0.00999975
0.00999978
0.00999981
0.00999983
0.00999986
0.00999988
0.00999989
0.00999991
0.00999992
0.00999993
0.00999994
0.00999995
0.00999996
0.00999996
0.00999997
0.00999997
0.00999998
0.00999998
0.00999998
0.00999999
0.00999999
0.00999999
0.00999999
0.00999999
0.00999999
0.00999999
0.01
0.01
0.01
0.01
0.01
0.01
0.01
0.01
0.01
0.01
0.01
0.01
0.01
0.01
0.01
0.01
0.01
0.01
0.01
0.01
0.01
0.01
0.01
0.01
0.01
0.01
0.01
0.01
0.01
0.01
0.01
0.01
0.01
0.01
0.01
0.01
0.01
0.01
0.01
0.01
0.01
0.01
0.01
0.01
0.01
0.01
0.01
0.01
0.01
0.01
0.01
0.01
0.01
0.01
0.01
0.01
0.01
0.01
0.01
0.01
0.01
0.01
0.01
0.01
0.01
0.01
0.01
0.01
0.01
0.01
0.01
0.01
0.01
0.01
0.01
0.01
0.01
0.01
0.01
0.01
0.01
0.01
0.01
0.01
0.01
0.01
0.01
0.01
0.01
0.01
0.01
0.01
0.01
0.01
0.01
0.01
0.01
0.01
0.01
0.01
0.01
0.01
0.01
0.01
0.01
0.01
0.01
0.01
0.01
0.01
0.01
0.01
0.01
0.01
0.01
0.01
0.01
0.01
0.01
0.01
0.01
0.01
0.01
0.01
0.01
0.01
0.01
0.01
0.01
0.01
0.01
0.01
0.01
0.01
0.01
0.01
0.01
0.01
0.01
0.01
0.01
0.01
0.01
0.01
0.01
0.01
0.01
0.01
0.01
0.01
0.01
0.01
0.01
0.01
0.01
0.01
0.01
0.01
0.01
0.01
0.01
0.01
0.01
0.01
0.01
0.01
0.01
0.01
0.01
0.01
0.01
0.01
0.01
0.01
0.01
0.01
0.01
0.01
0.01
0.01
0.01
0.01
0.01
0.01
0.01
0.01
0.01
0.01
0.01
0.01
0.01
0.01
0.01
0.01
0.01
0.01
0.01
0.01
0.01
0.01
0.01
0.01
0.01
0.01
0.01
0.01
0.01
0.01
0.01
0.01
0.01
0.01
0.01
0.01
0.01
0.01
0.01
0.01
0.01
0.01
0.01
0.01
0.01
0.01
0.01
0.01
0.01
0.01
0.01
0.01
0.01
0.01
0.01
0.01
0.01
0.01
0.01
0.01
0.01
0.01
0.01
0.01
0.01
0.01
0.01
0.01
0.01
0.01
0.01
0.01
0.01
0.01
0.01
0.01
0.01
0.01
0.01
0.01
0.01
0.01
0.01
0.01
0.01
0.01
0.01
0.01
0.01
0.01
0.01
0.01
0.01
0.01
0.01
0.01
0.01
0.01
0.01
0.01
0.01
0.01
0.01
0.01
0.01
0.01
0.01
0.01
0.01
0.01
0.01
0.01
0.01
0.01
0.01
0.01
0.01
0.01
0.01
)
;
    }
    Wall
    {
        type            calculated;
        value           nonuniform List<scalar> 
400
(
0.00814174
0.00832307
0.0084799
0.00861894
0.00874384
0.00885686
0.00895958
0.00905318
0.0091386
0.00921663
0.00928793
0.00935309
0.00941262
0.00946699
0.00951664
0.00956193
0.00960324
0.00964089
0.00967518
0.00970639
0.00973478
0.00976058
0.00978401
0.00980527
0.00982456
0.00984204
0.00985788
0.00987221
0.00988517
0.00989689
0.00990747
0.00991702
0.00992563
0.00993339
0.00994039
0.00994668
0.00995235
0.00995744
0.00996201
0.00996611
0.00996979
0.00997309
0.00997605
0.0099787
0.00998106
0.00998318
0.00998507
0.00998676
0.00998826
0.0099896
0.0099908
0.00999186
0.00999281
0.00999365
0.00999439
0.00999506
0.00999564
0.00999616
0.00999663
0.00999703
0.00999739
0.00999771
0.00999799
0.00999824
0.00999846
0.00999865
0.00999882
0.00999897
0.0099991
0.00999922
0.00999932
0.00999941
0.00999948
0.00999955
0.00999961
0.00999966
0.00999971
0.00999975
0.00999978
0.00999981
0.00999983
0.00999986
0.00999988
0.00999989
0.00999991
0.00999992
0.00999993
0.00999994
0.00999995
0.00999996
0.00999996
0.00999997
0.00999997
0.00999998
0.00999998
0.00999998
0.00999999
0.00999999
0.00999999
0.00999999
0.00999999
0.00999999
0.00999999
0.01
0.01
0.01
0.01
0.01
0.01
0.01
0.01
0.01
0.01
0.01
0.01
0.01
0.01
0.01
0.01
0.01
0.01
0.01
0.01
0.01
0.01
0.01
0.01
0.01
0.01
0.01
0.01
0.01
0.01
0.01
0.01
0.01
0.01
0.01
0.01
0.01
0.01
0.01
0.01
0.01
0.01
0.01
0.01
0.01
0.01
0.01
0.01
0.01
0.01
0.01
0.01
0.01
0.01
0.01
0.01
0.01
0.01
0.01
0.01
0.01
0.01
0.01
0.01
0.01
0.01
0.01
0.01
0.01
0.01
0.01
0.01
0.01
0.01
0.01
0.01
0.01
0.01
0.01
0.01
0.01
0.01
0.01
0.01
0.01
0.01
0.01
0.01
0.01
0.01
0.01
0.01
0.01
0.01
0.01
0.01
0.01
0.01
0.01
0.01
0.01
0.01
0.01
0.01
0.01
0.01
0.01
0.01
0.01
0.01
0.01
0.01
0.01
0.01
0.01
0.01
0.01
0.01
0.01
0.01
0.01
0.01
0.01
0.01
0.01
0.01
0.01
0.01
0.01
0.01
0.01
0.01
0.01
0.01
0.01
0.01
0.01
0.01
0.01
0.01
0.01
0.01
0.01
0.01
0.01
0.01
0.01
0.01
0.01
0.01
0.01
0.01
0.01
0.01
0.01
0.01
0.01
0.01
0.01
0.01
0.01
0.01
0.01
0.01
0.01
0.01
0.01
0.01
0.01
0.01
0.01
0.01
0.01
0.01
0.01
0.01
0.01
0.01
0.01
0.01
0.01
0.01
0.01
0.01
0.01
0.01
0.01
0.01
0.01
0.01
0.01
0.01
0.01
0.01
0.01
0.01
0.01
0.01
0.01
0.01
0.01
0.01
0.01
0.01
0.01
0.01
0.01
0.01
0.01
0.01
0.01
0.01
0.01
0.01
0.01
0.01
0.01
0.01
0.01
0.01
0.01
0.01
0.01
0.01
0.01
0.01
0.01
0.01
0.01
0.01
0.01
0.01
0.01
0.01
0.01
0.01
0.01
0.01
0.01
0.01
0.01
0.01
0.01
0.01
0.01
0.01
0.01
0.01
0.01
0.01
0.01
0.01
0.01
0.01
0.01
0.01
0.01
0.01
0.01
0.01
0.01
0.01
0.01
0.01
0.01
0.01
0.01
0.01
0.01
0.01
0.01
0.01
0.01
0.01
0.01
0.01
0.01
0.01
0.01
0.01
0.01
0.01
0.01
0.01
0.01
0.01
0.01
0.01
0.01
0.01
0.01
0.01
0.01
0.01
0.01
0.01
0.01
)
;
    }
}


// ************************************************************************* //
