/*--------------------------------*- C++ -*----------------------------------*\
  =========                 |
  \\      /  F ield         | OpenFOAM: The Open Source CFD Toolbox
   \\    /   O peration     | Website:  https://openfoam.org
    \\  /    A nd           | Version:  10
     \\/     M anipulation  |
\*---------------------------------------------------------------------------*/
FoamFile
{
    format      ascii;
    class       volScalarField;
    location    "1.5";
    object      Ma;
}
// * * * * * * * * * * * * * * * * * * * * * * * * * * * * * * * * * * * * * //

dimensions      [0 0 0 0 0 0 0];

internalField   nonuniform List<scalar> 
5250
(
3
2.99999
2.99995
2.99986
2.99962
2.99911
2.99763
2.99459
2.98546
2.96648
2.9126
2.7872
2.47096
1.80137
0.799202
0.299208
0.33093
0.343491
0.31835
0.271567
0.215265
0.166676
0.122689
0.0774079
0.0439934
3
2.99999
2.99995
2.99986
2.99964
2.99909
2.99774
2.99445
2.986
2.96621
2.91431
2.78868
2.47642
1.81121
0.80967
0.308202
0.333736
0.343509
0.320623
0.275367
0.220219
0.173587
0.132314
0.0919584
0.0667816
3
2.99999
2.99995
2.99986
2.99966
2.9991
2.9978
2.99455
2.98636
2.96684
2.91639
2.79311
2.48738
1.83248
0.833384
0.328153
0.339833
0.346365
0.328015
0.286075
0.234002
0.191428
0.155461
0.12294
0.10512
3
2.99999
2.99996
2.99986
2.99968
2.9991
2.99795
2.99457
2.9872
2.96731
2.92021
2.79911
2.50452
1.86506
0.871059
0.356807
0.347943
0.35453
0.339999
0.3025
0.255094
0.217317
0.187117
0.161162
0.147585
3
2.99999
2.99996
2.99987
2.99969
2.99915
2.99805
2.99485
2.98777
2.96894
2.92389
2.80879
2.52678
1.91061
0.925971
0.394681
0.358224
0.365937
0.355773
0.323385
0.28149
0.248658
0.223968
0.203382
0.192816
3
2.99999
2.99996
2.99988
2.9997
2.99923
2.99808
2.99535
2.98809
2.97165
2.92725
2.82199
2.55363
1.96816
0.99577
0.440908
0.369587
0.379922
0.375559
0.348317
0.312482
0.285146
0.266094
0.250781
0.243347
3
2.99999
2.99996
2.9999
2.99971
2.99932
2.99819
2.99574
2.9891
2.97341
2.93368
2.83452
2.58779
2.0348
1.08614
0.497304
0.382487
0.396884
0.399291
0.377164
0.347816
0.326665
0.313841
0.304697
0.302928
3
2.99999
2.99997
2.9999
2.99976
2.99932
2.99852
2.99585
2.99068
2.97515
2.94114
2.84922
2.6271
2.11516
1.20147
0.565405
0.398299
0.417772
0.427505
0.410429
0.388287
0.373629
0.367994
0.368052
0.37714
3
2.99999
2.99997
2.99992
2.99977
2.99946
2.99853
2.99672
2.99096
2.9796
2.9458
2.86993
2.66908
2.21002
1.34786
0.645909
0.421044
0.445657
0.461921
0.449518
0.434114
0.427187
0.430722
0.445287
0.478908
3
3
2.99998
2.99992
2.99982
2.99949
2.99888
2.99685
2.99299
2.98115
2.95577
2.88635
2.71953
2.31661
1.52922
0.743191
0.458806
0.485529
0.504642
0.496028
0.486539
0.486602
0.504211
0.549066
0.650507
3
3
2.99998
2.99995
2.99983
2.99962
2.99895
2.99759
2.9937
2.98497
2.96212
2.90694
2.76745
2.43262
1.74455
0.852346
0.512413
0.538028
0.552975
0.548134
0.543351
0.553393
0.589855
0.674434
0.845648
3.00001
3
2.99999
2.99995
2.99988
2.99964
2.99919
2.9978
2.99494
2.98683
2.96848
2.92041
2.80335
2.51371
1.8915
0.956766
0.566115
0.577453
0.591806
0.598337
0.602252
0.622573
0.673665
0.778506
0.95907
3.00001
3
2.99999
2.99996
2.99988
2.99973
2.99924
2.99833
2.99539
2.98956
2.97248
2.93446
2.83311
2.5886
2.04039
1.12131
0.654376
0.605461
0.622196
0.638325
0.653647
0.684154
0.743323
0.847386
1.00697
3.00001
3
2.99999
2.99997
2.99992
2.99975
2.99945
2.99844
2.99661
2.99057
2.97873
2.94388
2.86484
2.65806
2.18871
1.33036
0.760334
0.631506
0.648454
0.671332
0.697758
0.735447
0.795685
0.889778
1.02592
3.00001
3
2.99999
2.99998
2.99993
2.99983
2.99951
2.99888
2.99705
2.99294
2.98231
2.95631
2.89167
2.72901
2.34361
1.58364
0.89069
0.67436
0.682979
0.705371
0.737554
0.778977
0.83838
0.920427
1.03601
3.00001
3
3
2.99998
2.99995
2.99985
2.99965
2.99908
2.99781
2.99449
2.98645
2.96682
2.91734
2.79601
2.50019
1.87973
1.04561
0.742027
0.730565
0.747867
0.778218
0.817785
0.874048
0.947275
1.04436
3.00001
3
3
2.99999
2.99996
2.99989
2.99971
2.99933
2.9982
2.99595
2.98899
2.97504
2.93448
2.84255
2.60502
2.08446
1.2217
0.819228
0.770521
0.786072
0.814665
0.853371
0.904577
0.970993
1.05333
3.00001
3.00001
3
2.99999
2.99997
2.99991
2.9998
2.99945
2.99874
2.99667
2.99211
2.98007
2.95119
2.87843
2.69733
2.27543
1.48069
0.944021
0.813463
0.82137
0.846313
0.883849
0.931367
0.991837
1.06441
3.00001
3.00001
3
3
2.99998
2.99994
2.99985
2.99961
2.99905
2.99757
2.99433
2.98511
2.96545
2.91066
2.78364
2.46783
1.82234
1.10424
0.875163
0.862466
0.879613
0.913565
0.957879
1.01167
1.07579
3.00001
3.00001
3
3
2.99999
2.99996
2.99988
2.99974
2.99926
2.99838
2.99555
2.98991
2.97365
2.93743
2.84195
2.61399
2.10426
1.30003
0.953215
0.903359
0.915372
0.944914
0.98532
1.0324
1.08813
3.00001
3.00001
3.00001
3
2.99999
2.99997
2.99993
2.99979
2.99951
2.99875
2.99695
2.99254
2.98129
2.95492
2.88644
2.72126
2.32948
1.58685
1.08175
0.950546
0.950843
0.972657
1.00999
1.05384
1.1034
3.00001
3.00001
3.00001
3
3
2.99999
2.99995
2.99987
2.99964
2.99919
2.99783
2.99502
2.98717
2.9694
2.92377
2.81338
2.54657
1.97578
1.26268
1.0216
0.99326
1.00575
1.03503
1.07574
1.11982
3.00001
3.00001
3.00001
3
3
2.99999
2.99997
2.99991
2.99977
2.9994
2.99859
2.99632
2.9916
2.97782
2.9487
2.86844
2.6821
2.24706
1.49502
1.1113
1.0355
1.04042
1.06241
1.09759
1.13906
3.00001
3.00001
3.00001
3.00001
3
3
2.99998
2.99994
2.99984
2.9996
2.99905
2.99753
2.99436
2.98504
2.96577
2.91139
2.78718
2.47987
1.85519
1.26794
1.0935
1.07698
1.08992
1.11897
1.15727
3.00001
3.00001
3.00001
3.00001
3
3
2.99999
2.99997
2.99989
2.99975
2.99934
2.99844
2.99613
2.99051
2.97701
2.94268
2.86095
2.6579
2.20298
1.49423
1.18107
1.11951
1.12262
1.14392
1.17609
3.00001
3.00001
3.00001
3.00001
3.00001
3
3
2.99998
2.99994
2.99983
2.99959
2.99895
2.99757
2.99363
2.9855
2.96201
2.91121
2.7757
2.4662
1.83962
1.32276
1.17231
1.1566
1.16778
1.19378
3.00001
3.00001
3.00001
3.00001
3.00001
3
3
2.99999
2.99996
2.9999
2.99973
2.99937
2.99839
2.99612
2.99055
2.97651
2.94373
2.85986
2.66193
2.2095
1.54428
1.25732
1.19978
1.19941
1.21704
3.00001
3.00001
3.00001
3.00001
3.00001
3.00001
3
3
2.99998
2.99993
2.99985
2.99958
2.99904
2.99751
2.99414
2.98543
2.9645
2.91338
2.78718
2.49032
1.89445
1.4001
1.25126
1.23193
1.2405
3.00001
3.00001
3.00001
3.00001
3.00001
3.00001
3
3
2.99999
2.99996
2.99991
2.99974
2.99943
2.99842
2.99655
2.99077
2.97896
2.94624
2.87195
2.68539
2.26578
1.62979
1.34001
1.27649
1.27161
3.00001
3.00001
3.00001
3.00001
3.00001
3.00001
3.00001
3
3
2.99998
2.99995
2.99985
2.99965
2.99907
2.99794
2.99439
2.98773
2.96735
2.92504
2.81082
2.55193
2.0098
1.49571
1.33043
1.30425
3.00001
3.00001
3.00001
3.00001
3.00001
3.00001
3.00001
3.00001
3
2.99999
2.99997
2.99992
2.99978
2.99948
2.99869
2.99682
2.99236
2.98088
2.95492
2.88698
2.73014
2.35882
1.75084
1.42741
1.3463
3.00001
3.00001
3.00001
3.00001
3.00001
3.00001
3.00001
3.00001
3
3
2.99999
2.99995
2.99988
2.9997
2.99922
2.99826
2.99531
2.9898
2.97272
2.93843
2.84412
2.63338
2.16548
1.61513
1.40992
3.00001
3.00001
3.00001
3.00001
3.00001
3.00001
3.00001
3.00001
3.00001
3
3
2.99998
2.99993
2.99982
2.99957
2.99894
2.99736
2.99388
2.9842
2.96392
2.90776
2.78279
2.47632
1.91401
1.5216
3.00001
3.00001
3.00001
3.00001
3.00001
3.00001
3.00001
3.00001
3.00001
3
3
2.99999
2.99997
2.9999
2.99976
2.99939
2.99853
2.99648
2.99118
2.97958
2.94807
2.87852
2.70198
2.30902
1.74932
3.00001
3.00001
3.00001
3.00001
3.00001
3.00001
3.00001
3.00001
3.00001
3.00001
3
3
2.99998
2.99995
2.99987
2.99966
2.99923
2.99794
2.99554
2.98794
2.97351
2.93136
2.8404
2.61184
2.14607
3.00001
3.00001
3.00001
3.00001
3.00001
3.00001
3.00001
3.00001
3.00001
3.00001
3.00001
3
2.99999
2.99998
2.99993
2.99983
2.99954
2.99894
2.99734
2.99364
2.98473
2.96229
2.91064
2.78105
2.48496
3.00001
3.00001
3.00001
3.00001
3.00001
3.00001
3.00001
3.00001
3.00001
3.00001
3.00001
3
3
2.99999
2.99996
2.99991
2.99975
2.99945
2.9985
2.99672
2.99141
2.98049
2.95087
2.8842
2.71917
3.00001
3.00001
3.00001
3.00001
3.00001
3.00001
3.00001
3.00001
3.00001
3.00001
3.00001
3.00001
3
3
2.99998
2.99996
2.99987
2.9997
2.99924
2.99822
2.99565
2.98951
2.97513
2.93899
2.8563
3.00001
3.00001
3.00001
3.00001
3.00001
3.00001
3.00001
3.00001
3.00001
3.00001
3.00001
3.00001
3.00001
3
3
2.99998
2.99993
2.99985
2.99959
2.99909
2.99763
2.99455
2.98656
2.96781
2.9227
3.00001
3.00001
3.00001
3.00001
3.00001
3.00001
3.00001
3.00001
3.00001
3.00001
3.00001
3.00001
3.00001
3
3
2.99999
2.99997
2.99992
2.9998
2.99952
2.99876
2.99725
2.9927
2.98407
2.95822
3.00001
3.00001
3.00001
3.00001
3.00001
3.00001
3.00001
3.00001
3.00001
3.00001
3.00001
3.00001
3.00001
3.00001
3
3
2.99999
2.99996
2.99991
2.99974
2.99943
2.99845
2.99667
2.99119
2.98036
3.00001
3.00001
3.00001
3.00001
3.00001
3.00001
3.00001
3.00001
3.00001
3.00001
3.00001
3.00001
3.00001
3.00001
3.00001
3
3
2.99999
2.99995
2.99989
2.99969
2.9993
2.99821
2.99588
2.98996
3.00001
3.00001
3.00001
3.00001
3.00001
3.00001
3.00001
3.00001
3.00001
3.00001
3.00001
3.00001
3.00001
3.00001
3.00001
3.00001
3
3
2.99998
2.99994
2.99986
2.99965
2.99911
2.99801
2.9948
3.00001
3.00001
3.00001
3.00001
3.00001
3.00001
3.00001
3.00001
3.00001
3.00001
3.00001
3.00001
3.00001
3.00001
3.00001
3.00001
3.00001
3
3
2.99997
2.99994
2.99982
2.9996
2.99895
2.99763
3.00001
3.00001
3.00001
3.00001
3.00001
3.00001
3.00001
3.00001
3.00001
3.00001
3.00001
3.00001
3.00001
3.00001
3.00001
3.00001
3.00001
3.00001
3
2.99999
2.99997
2.99992
2.9998
2.9995
2.99886
3.00001
3.00001
3.00001
3.00001
3.00001
3.00001
3.00001
3.00001
3.00001
3.00001
3.00001
3.00001
3.00001
3.00001
3.00001
3.00001
3.00001
3.00001
3
3
2.99999
2.99997
2.99991
2.99978
2.99942
3.00001
3.00001
3.00001
3.00001
3.00001
3.00001
3.00001
3.00001
3.00001
3.00001
3.00001
3.00001
3.00001
3.00001
3.00001
3.00001
3.00001
3.00001
3.00001
3
3
2.99999
2.99996
2.9999
2.99973
3.00001
3.00001
3.00001
3.00001
3.00001
3.00001
3.00001
3.00001
3.00001
3.00001
3.00001
3.00001
3.00001
3.00001
3.00001
3.00001
3.00001
3.00001
3.00001
3.00001
3
3
2.99999
2.99995
2.99989
3.00001
3.00001
3.00001
3.00001
3.00001
3.00001
3.00001
3.00001
3.00001
3.00001
3.00001
3.00001
3.00001
3.00001
3.00001
3.00001
3.00001
3.00001
3.00001
3.00001
3.00001
3
3
2.99998
2.99994
3.00001
3.00001
3.00001
3.00001
3.00001
3.00001
3.00001
3.00001
3.00001
3.00001
3.00001
3.00001
3.00001
3.00001
3.00001
3.00001
3.00001
3.00001
3.00001
3.00001
3.00001
3
3
2.99999
2.99997
1.11772
1.32207
1.38944
1.35964
1.29472
1.22171
1.14775
1.11282
1.106
1.11039
1.1163
1.12042
1.12017
1.1191
1.11801
1.11769
1.11864
1.11999
1.12265
1.12681
1.13151
1.13626
1.14126
1.14675
1.15283
1.1594
1.16642
1.17384
1.18165
1.18983
1.19832
1.20705
1.21594
1.22491
1.23392
1.2429
1.25183
1.26069
1.26948
1.27819
1.28679
1.29532
1.30381
1.31218
1.32037
1.32853
1.33672
1.34493
1.35315
1.36118
1.36875
1.37472
1.37907
1.38214
1.3815
1.37427
1.35161
1.30176
1.21458
1.10113
0.993064
0.909769
0.864606
0.860059
0.88083
0.901559
0.926576
0.953356
0.973718
0.990397
1.00674
1.02285
1.03923
1.05661
1.07529
1.09619
1.11701
1.13691
1.15501
1.17274
1.18794
1.20311
1.21677
1.23053
1.2441
1.25799
1.27228
1.28694
1.30162
1.31583
1.33016
1.3433
1.35725
1.36958
1.38278
1.39453
1.40661
1.41695
1.4263
1.43127
1.1307
1.24998
1.3196
1.36996
1.41925
1.46267
1.47703
1.47592
1.46531
1.44597
1.43166
1.42556
1.42722
1.42974
1.43328
1.4363
1.43805
1.43931
1.44075
1.44271
1.44571
1.44929
1.45324
1.4575
1.46194
1.46655
1.47136
1.4764
1.4817
1.48722
1.49297
1.49893
1.50509
1.51147
1.51803
1.5248
1.53172
1.53881
1.54597
1.5533
1.56058
1.56803
1.5754
1.58291
1.59033
1.59777
1.60514
1.61248
1.61954
1.62629
1.6317
1.63551
1.63786
1.63689
1.63039
1.61042
1.56582
1.49659
1.42859
1.37966
1.34127
1.30145
1.25667
1.21285
1.18293
1.16991
1.17333
1.18767
1.20644
1.23229
1.26052
1.284
1.3029
1.31745
1.32917
1.33815
1.34702
1.3574
1.36981
1.38478
1.4014
1.4185
1.43512
1.45138
1.46626
1.48019
1.4924
1.50358
1.5141
1.52434
1.53467
1.545
1.55526
1.56553
1.57562
1.58569
1.59548
1.60409
1.6118
1.61456
1.13385
1.24338
1.34162
1.43606
1.52514
1.59555
1.63622
1.64392
1.64172
1.6306
1.61485
1.60007
1.59405
1.59168
1.59316
1.59493
1.5977
1.60027
1.60238
1.60446
1.60675
1.60954
1.61262
1.61595
1.61954
1.62335
1.62734
1.6315
1.63584
1.64034
1.64501
1.64984
1.65487
1.66007
1.6655
1.67111
1.67697
1.68297
1.68921
1.69555
1.70206
1.70869
1.71544
1.72234
1.72928
1.73632
1.74336
1.75014
1.75672
1.76152
1.7649
1.76651
1.76482
1.75605
1.73165
1.6788
1.60417
1.54136
1.51446
1.51627
1.52051
1.51996
1.50855
1.485
1.45101
1.41091
1.3728
1.34958
1.34111
1.35155
1.36417
1.38227
1.40731
1.43365
1.4567
1.47573
1.49138
1.50448
1.51481
1.524
1.53424
1.54627
1.55979
1.57408
1.58806
1.60207
1.6153
1.62835
1.64056
1.65227
1.66331
1.67396
1.68426
1.69436
1.70436
1.71406
1.72373
1.73213
1.73977
1.74247
1.14935
1.25597
1.35674
1.44904
1.5321
1.60078
1.65687
1.69753
1.72417
1.73248
1.73275
1.72899
1.71947
1.7113
1.7058
1.70531
1.70624
1.70814
1.71135
1.71465
1.71759
1.72029
1.72286
1.72568
1.72872
1.732
1.73557
1.73943
1.74347
1.74765
1.752
1.75655
1.76133
1.76638
1.77171
1.77733
1.78323
1.7894
1.79579
1.80239
1.80912
1.81601
1.82287
1.83001
1.83674
1.84394
1.85025
1.85659
1.8604
1.86291
1.86347
1.86002
1.84622
1.81261
1.74586
1.66151
1.59802
1.57837
1.59071
1.60902
1.62742
1.64455
1.65441
1.65488
1.64631
1.6267
1.59738
1.56247
1.52159
1.48858
1.46596
1.45814
1.46943
1.48293
1.50163
1.527
1.55277
1.57715
1.59722
1.61462
1.62764
1.6385
1.64817
1.65783
1.66834
1.68006
1.69249
1.70531
1.71801
1.73071
1.74295
1.75519
1.76664
1.77846
1.789
1.80018
1.81013
1.81979
1.8279
1.83156
1.15228
1.25756
1.35361
1.44105
1.52256
1.5946
1.65998
1.7151
1.76006
1.79034
1.80595
1.8087
1.80823
1.80453
1.79744
1.79199
1.78838
1.7875
1.78837
1.78966
1.79221
1.79528
1.79835
1.80131
1.80424
1.80727
1.81048
1.8139
1.81752
1.82137
1.82548
1.82985
1.83453
1.83945
1.84464
1.85006
1.85566
1.86148
1.86743
1.87361
1.87982
1.88635
1.89274
1.8995
1.90597
1.91246
1.91826
1.92173
1.92365
1.92339
1.91776
1.89937
1.85628
1.77902
1.68734
1.62626
1.61301
1.62733
1.64605
1.66908
1.69127
1.71446
1.73175
1.74524
1.75218
1.75324
1.74736
1.73198
1.70857
1.67875
1.64074
1.60474
1.57106
1.54994
1.54231
1.55481
1.56943
1.58822
1.61257
1.63869
1.66242
1.6833
1.70037
1.71463
1.72684
1.73736
1.74723
1.75716
1.76714
1.77807
1.78953
1.80172
1.8134
1.82572
1.83769
1.84942
1.86161
1.87178
1.88223
1.88655
1.15034
1.2506
1.34361
1.42823
1.50692
1.57884
1.6439
1.70106
1.75107
1.79192
1.82556
1.84757
1.86051
1.86337
1.86321
1.86093
1.85541
1.85164
1.84788
1.84823
1.84877
1.85062
1.85363
1.85765
1.86171
1.86555
1.86905
1.87248
1.8759
1.87959
1.8835
1.88774
1.89219
1.89689
1.90177
1.90684
1.91207
1.91748
1.92305
1.92882
1.93475
1.94077
1.94704
1.95305
1.95906
1.96424
1.96675
1.96793
1.96664
1.95793
1.93383
1.8799
1.79079
1.69616
1.64447
1.6371
1.65114
1.67005
1.68983
1.71371
1.73628
1.75877
1.7786
1.79666
1.81052
1.82239
1.8287
1.83155
1.8297
1.82091
1.80407
1.78181
1.75107
1.71898
1.68125
1.65123
1.62784
1.62079
1.63392
1.64881
1.66663
1.69036
1.71507
1.73776
1.75787
1.77359
1.78839
1.80059
1.81138
1.82158
1.83102
1.84117
1.85186
1.86309
1.87549
1.88705
1.9004
1.9107
1.92261
1.92745
1.14696
1.2393
1.32814
1.41057
1.48699
1.55743
1.62282
1.68176
1.73579
1.7827
1.82387
1.85767
1.88458
1.90146
1.91018
1.91195
1.91182
1.91035
1.9066
1.90443
1.90219
1.90305
1.90393
1.90576
1.90866
1.91258
1.91636
1.92021
1.92363
1.92736
1.93098
1.93493
1.939
1.94332
1.94787
1.95258
1.95752
1.96262
1.96793
1.97341
1.97896
1.9848
1.99042
1.99577
2.00029
2.00219
2.00254
1.99957
1.98733
1.95608
1.89025
1.78933
1.69333
1.65497
1.65232
1.66585
1.68421
1.70444
1.72577
1.74865
1.77019
1.79207
1.8119
1.83122
1.84848
1.86405
1.87741
1.88852
1.89725
1.90179
1.90355
1.90113
1.89242
1.87641
1.85413
1.82861
1.79255
1.76002
1.72508
1.70041
1.69072
1.70336
1.71699
1.73363
1.75547
1.77793
1.80146
1.81977
1.83816
1.85188
1.86607
1.87767
1.88957
1.89995
1.91143
1.92136
1.93322
1.9431
1.95474
1.95979
1.14617
1.23019
1.31253
1.39069
1.46477
1.53364
1.59827
1.65777
1.71278
1.76273
1.80754
1.84605
1.87922
1.90596
1.92765
1.94107
1.94921
1.95129
1.95145
1.95075
1.94838
1.94644
1.94455
1.9454
1.94624
1.94808
1.95121
1.95561
1.96043
1.96498
1.96923
1.97322
1.97715
1.98124
1.98553
1.99004
1.99474
1.99966
2.00479
2.00994
2.01527
2.02057
2.02525
2.02869
2.03009
2.02975
2.02447
2.00803
1.96846
1.88911
1.77954
1.6888
1.66282
1.66321
1.67563
1.69391
1.71275
1.73454
1.75499
1.77672
1.79722
1.81759
1.83642
1.85513
1.87256
1.88968
1.90576
1.92065
1.93488
1.94675
1.95859
1.96639
1.97216
1.97435
1.9727
1.96517
1.95007
1.9314
1.90153
1.87305
1.83304
1.79918
1.76972
1.75695
1.76897
1.7816
1.79746
1.81689
1.84039
1.86121
1.88357
1.8993
1.9169
1.9296
1.94423
1.95515
1.96774
1.97678
1.98667
1.99166
1.14784
1.22363
1.29936
1.37253
1.4428
1.50917
1.57196
1.63061
1.68564
1.73613
1.78322
1.82535
1.86382
1.89669
1.9253
1.94824
1.9662
1.97721
1.98411
1.98612
1.98653
1.98619
1.98549
1.98409
1.9846
1.98506
1.98644
1.9887
1.99208
1.9963
2.00078
2.00523
2.00954
2.01369
2.01778
2.02192
2.02623
2.03068
2.03529
2.03997
2.04462
2.04874
2.05075
2.05132
2.05001
2.04227
2.02077
1.97162
1.87764
1.76276
1.67966
1.66194
1.66778
1.68011
1.69669
1.71692
1.73785
1.75919
1.7792
1.79992
1.81925
1.83894
1.85738
1.876
1.89393
1.91183
1.9293
1.94663
1.9635
1.97984
1.99555
2.00908
2.02295
2.03264
2.04242
2.04711
2.04951
2.04804
2.04169
2.02771
2.0066
1.98399
1.94722
1.91504
1.87249
1.84282
1.82538
1.8347
1.84745
1.86264
1.881
1.90114
1.92462
1.94323
1.96427
1.97759
1.99388
2.00455
2.01703
2.02191
1.15215
1.2204
1.28979
1.35804
1.42423
1.48759
1.54802
1.60509
1.65907
1.70948
1.75668
1.80026
1.84048
1.87681
1.9097
1.93794
1.96224
1.98164
1.99679
2.0064
2.01242
2.01471
2.01545
2.01549
2.01529
2.01459
2.01497
2.01547
2.01703
2.01951
2.02311
2.02737
2.03189
2.03636
2.04065
2.04497
2.04907
2.05326
2.05744
2.06134
2.06447
2.06593
2.06577
2.06305
2.05258
2.02555
1.96562
1.8584
1.74029
1.67269
1.6612
1.66987
1.683
1.69968
1.71869
1.74023
1.76118
1.78221
1.80234
1.82246
1.84187
1.86122
1.87967
1.89843
1.91643
1.93475
1.95296
1.9707
1.98878
2.00584
2.02297
2.03948
2.05545
2.06988
2.08493
2.09555
2.10803
2.11577
2.12182
2.12454
2.12406
2.11871
2.10573
2.08901
2.06134
2.03574
1.99352
1.95803
1.9193
1.90118
1.90296
1.91478
1.93067
1.94581
1.96507
1.9841
2.00644
2.02096
2.03943
2.0438
1.15998
1.2203
1.2834
1.34648
1.40833
1.4682
1.5258
1.58078
1.63323
1.6828
1.72974
1.77362
1.81487
1.85284
1.88808
1.91966
1.94839
1.97292
1.99414
2.01087
2.02389
2.03237
2.03779
2.04052
2.04162
2.04203
2.0424
2.04247
2.04313
2.04366
2.04542
2.04813
2.05186
2.05598
2.06051
2.06488
2.06917
2.07334
2.07714
2.07937
2.08032
2.07964
2.07518
2.06154
2.02804
1.95628
1.83557
1.7171
1.66592
1.6576
1.66868
1.68432
1.70073
1.7207
1.74158
1.76354
1.78459
1.80546
1.82535
1.84523
1.86453
1.88367
1.90246
1.92108
1.93938
1.95775
1.97546
1.9934
2.01105
2.0283
2.04624
2.06259
2.08004
2.09607
2.11231
2.12758
2.14304
2.15545
2.16946
2.17853
2.18899
2.19452
2.19783
2.19821
2.19449
2.18395
2.16673
2.14695
2.11398
2.08488
2.03732
2.00455
1.97536
1.97042
1.98237
1.9947
2.00952
2.02407
2.04257
2.04967
1.16933
1.22338
1.27993
1.33766
1.39523
1.45164
1.50644
1.55915
1.60982
1.65819
1.70431
1.74806
1.78945
1.82829
1.86469
1.89829
1.92928
1.9572
1.98227
2.00388
2.02234
2.03701
2.04844
2.05596
2.06101
2.06344
2.06466
2.06521
2.06546
2.06577
2.06627
2.06736
2.06949
2.07253
2.0765
2.08063
2.08482
2.08876
2.09072
2.0912
2.09015
2.08405
2.06744
2.02735
1.94335
1.81253
1.69854
1.66098
1.65608
1.66784
1.68392
1.70232
1.72282
1.74431
1.76555
1.78717
1.80791
1.82856
1.84859
1.86833
1.88762
1.90663
1.92533
1.9438
1.96211
1.98007
1.99814
2.01581
2.03347
2.0508
2.06811
2.08511
2.10269
2.11899
2.13673
2.15245
2.16939
2.18485
2.2007
2.21459
2.22956
2.24026
2.25296
2.26068
2.26884
2.27233
2.27389
2.27126
2.26436
2.25016
2.22876
2.2065
2.16842
2.13436
2.08504
2.06175
2.0373
2.04628
2.05525
2.06017
1.18235
1.22989
1.28014
1.33258
1.38566
1.43836
1.49013
1.54044
1.58913
1.636
1.68103
1.72403
1.76509
1.80399
1.84084
1.87545
1.90785
1.93786
1.96549
1.99041
2.01272
2.03194
2.0483
2.06131
2.07139
2.07841
2.083
2.08568
2.08718
2.08813
2.08855
2.08936
2.09011
2.09178
2.09418
2.09714
2.10021
2.10191
2.10207
2.10054
2.09295
2.07317
2.02632
1.92948
1.79076
1.6824
1.65427
1.65444
1.6661
1.68282
1.70243
1.7244
1.74631
1.76812
1.7894
1.81076
1.8314
1.85188
1.87165
1.89125
1.91053
1.92943
1.94823
1.96654
1.98491
2.00285
2.02074
2.03821
2.05591
2.07304
2.09075
2.10754
2.12508
2.14166
2.15919
2.17541
2.19314
2.20867
2.22603
2.24121
2.25748
2.27203
2.28733
2.29986
2.31412
2.32336
2.33487
2.34164
2.34714
2.34967
2.34938
2.34448
2.33262
2.31735
2.29134
2.265
2.22202
2.18212
2.12645
2.12933
1.19665
1.23853
1.28378
1.33123
1.37978
1.42873
1.47734
1.52517
1.57181
1.61707
1.66082
1.70291
1.7433
1.7819
1.81868
1.85355
1.88658
1.91757
1.94665
1.97351
1.99825
2.02055
2.04039
2.05761
2.07211
2.08378
2.09295
2.09951
2.10402
2.10692
2.1085
2.10955
2.11027
2.11108
2.1119
2.11285
2.11328
2.11237
2.10954
2.10026
2.07672
2.0234
1.91458
1.77079
1.66976
1.6487
1.6535
1.66578
1.68256
1.70262
1.72522
1.74805
1.77033
1.79203
1.81318
1.83407
1.85455
1.87478
1.89473
1.91421
1.93351
1.95228
1.97111
1.98938
2.0078
2.02557
2.04363
2.06107
2.07876
2.09588
2.11334
2.13026
2.14791
2.16456
2.18232
2.19861
2.21623
2.23218
2.24974
2.26504
2.2825
2.2972
2.31399
2.32833
2.3441
2.35743
2.37236
2.38347
2.3969
2.40508
2.41517
2.42061
2.42457
2.42596
2.42339
2.41646
2.40017
2.38255
2.34264
2.33619
1.21229
1.25059
1.29102
1.33335
1.37779
1.42291
1.46819
1.51317
1.55747
1.60077
1.64295
1.68376
1.72322
1.76115
1.79766
1.83252
1.86587
1.8975
1.92745
1.95563
1.98197
2.00635
2.02876
2.04893
2.06694
2.08248
2.09567
2.10638
2.11476
2.12075
2.12522
2.12781
2.12915
2.12967
2.12974
2.12854
2.1269
2.1217
2.10891
2.0802
2.01826
1.89793
1.75228
1.66027
1.64281
1.6509
1.66512
1.68229
1.70304
1.72588
1.7491
1.77178
1.79389
1.81535
1.83634
1.85708
1.87753
1.89772
1.9176
1.93709
1.95649
1.97533
1.99431
2.01256
2.03112
2.04891
2.06704
2.08439
2.10226
2.11935
2.13715
2.15403
2.17167
2.18834
2.20596
2.22234
2.24004
2.25604
2.27359
2.28924
2.30656
2.32173
2.33892
2.35349
2.37037
2.38443
2.40064
2.41411
2.42948
2.44162
2.45618
2.46612
2.47862
2.48595
2.49481
2.4987
2.50107
2.49987
2.49074
2.49256
1.22839
1.26365
1.30052
1.33953
1.37956
1.42118
1.46331
1.5054
1.54718
1.58832
1.62859
1.66791
1.70608
1.74312
1.77881
1.81332
1.84631
1.87811
1.90832
1.93717
1.96447
1.99016
2.01424
2.03651
2.05692
2.07546
2.09179
2.10594
2.11816
2.12769
2.13549
2.14115
2.14406
2.14487
2.14429
2.14226
2.13582
2.12036
2.08617
2.01575
1.88467
1.73798
1.65534
1.63916
1.64954
1.66441
1.68248
1.70385
1.72739
1.75064
1.77348
1.79544
1.81717
1.83833
1.85933
1.8799
1.90046
1.92061
1.94075
1.96033
1.97993
1.99884
2.01798
2.03631
2.05507
2.07292
2.09129
2.10875
2.12675
2.14389
2.16166
2.17854
2.19632
2.21295
2.23072
2.24703
2.26469
2.28058
2.29818
2.31366
2.33114
2.3463
2.36355
2.37835
2.39532
2.40964
2.42633
2.44012
2.4564
2.46966
2.48536
2.49785
2.51287
2.52398
2.538
2.54702
2.55845
2.56476
2.57026
2.57471
1.24599
1.27937
1.31267
1.3475
1.3843
1.42243
1.46146
1.50076
1.54008
1.57901
1.61744
1.65506
1.69185
1.72774
1.76252
1.79633
1.82897
1.8604
1.8907
1.91969
1.94736
1.97377
1.99871
2.02225
2.04414
2.06468
2.08328
2.10002
2.11564
2.12787
2.13957
2.1482
2.15302
2.15377
2.15238
2.14642
2.13022
2.09281
2.01593
1.87733
1.73074
1.65386
1.63913
1.65012
1.66611
1.68448
1.70633
1.72984
1.75376
1.77659
1.79857
1.81983
1.841
1.86193
1.88286
1.90357
1.92421
1.94448
1.96468
1.98436
2.00406
2.02313
2.04242
2.06094
2.07979
2.09773
2.11615
2.1336
2.15173
2.16887
2.18677
2.20366
2.22134
2.23794
2.25549
2.27173
2.28925
2.30516
2.32264
2.3382
2.35558
2.37073
2.38798
2.40272
2.41978
2.43415
2.45095
2.46493
2.48141
2.49494
2.51107
2.52409
2.53977
2.55216
2.56732
2.57876
2.59319
2.60311
2.61534
2.62095
1.26354
1.29476
1.32638
1.35871
1.39228
1.42733
1.46296
1.49961
1.53641
1.57313
1.60935
1.64525
1.6804
1.71489
1.74867
1.78139
1.8134
1.84441
1.87426
1.90334
1.93113
1.9578
1.98335
2.00784
2.03057
2.05247
2.07311
2.09107
2.10938
2.12431
2.13751
2.14974
2.1532
2.15285
2.14824
2.13329
2.09546
2.01541
1.87169
1.72583
1.65446
1.6421
1.65385
1.66982
1.68973
1.71235
1.73595
1.75914
1.78181
1.80364
1.82496
1.8457
1.86648
1.88707
1.90786
1.92841
1.94902
1.96918
1.9894
2.00899
2.02878
2.0478
2.06714
2.08556
2.1045
2.12246
2.14101
2.15854
2.17665
2.19376
2.21158
2.22834
2.24598
2.26247
2.28
2.29621
2.31368
2.32952
2.3469
2.36236
2.37965
2.39479
2.41199
2.42678
2.44381
2.45819
2.475
2.48896
2.50552
2.5191
2.53537
2.54853
2.56447
2.57716
2.59272
2.60483
2.61997
2.63119
2.64516
2.65214
1.2841
1.3089
1.34022
1.37053
1.40136
1.43362
1.46706
1.50102
1.53552
1.57006
1.60455
1.63849
1.67214
1.70509
1.73754
1.76935
1.80033
1.83065
1.86015
1.88868
1.9164
1.94331
1.96885
1.99363
2.01771
2.03943
2.0616
2.08153
2.09951
2.11795
2.13168
2.14234
2.14363
2.14012
2.12614
2.08902
2.00502
1.86347
1.72102
1.65319
1.64386
1.65735
1.67508
1.69582
1.72061
1.74509
1.76818
1.78979
1.81084
1.83175
1.85258
1.87312
1.89352
1.91369
1.93399
1.95415
1.97444
1.99436
2.0144
2.0338
2.05341
2.07231
2.09159
2.11009
2.12902
2.14696
2.16545
2.18289
2.20104
2.21812
2.236
2.25275
2.27042
2.28688
2.30441
2.32053
2.33794
2.35372
2.37108
2.38654
2.40385
2.41896
2.43613
2.45086
2.46784
2.48218
2.49897
2.51293
2.52949
2.54303
2.55929
2.57239
2.58833
2.60096
2.61659
2.62872
2.64406
2.65547
2.66988
2.67716
1.30803
1.32678
1.35486
1.3847
1.41387
1.44316
1.4738
1.50514
1.53718
1.56961
1.60206
1.6344
1.66649
1.69809
1.72929
1.75998
1.79001
1.81956
1.84831
1.87622
1.90378
1.92983
1.95582
1.9806
2.00394
2.02793
2.04872
2.07021
2.09
2.10654
2.12208
2.12493
2.12206
2.10948
2.07352
1.98953
1.84519
1.70856
1.64833
1.6411
1.65648
1.67825
1.70123
1.7273
1.75318
1.77736
1.79972
1.82031
1.84074
1.86095
1.88136
1.90134
1.92138
1.94101
1.96092
1.98058
2.00059
2.02011
2.03994
2.05898
2.07859
2.09721
2.11651
2.1347
2.15364
2.17146
2.19006
2.20748
2.22568
2.24267
2.26059
2.27725
2.295
2.31137
2.32895
2.34502
2.36249
2.37824
2.39563
2.41101
2.42829
2.4433
2.46047
2.47513
2.49216
2.50647
2.52329
2.53718
2.55373
2.56719
2.58344
2.59647
2.61241
2.62499
2.64066
2.65276
2.66819
2.6796
2.69416
2.70147
1.3357
1.3451
1.36751
1.39686
1.42554
1.45375
1.48241
1.51171
1.54145
1.57171
1.60197
1.63259
1.66299
1.69327
1.72308
1.75257
1.78158
1.81011
1.83793
1.86568
1.89188
1.91853
1.94366
1.968
1.99296
2.01463
2.03817
2.05864
2.07778
2.09538
2.10011
2.0979
2.08598
2.05075
1.96615
1.81645
1.68471
1.63639
1.63467
1.6505
1.67453
1.70248
1.72947
1.75506
1.78072
1.80508
1.82814
1.84956
1.87035
1.89019
1.91024
1.92992
1.94992
1.96941
1.98921
2.00851
2.0282
2.04726
2.06681
2.08552
2.10485
2.12313
2.1423
2.16026
2.17918
2.19673
2.21524
2.23239
2.25057
2.26744
2.2854
2.30197
2.31973
2.33599
2.35358
2.36954
2.38698
2.4026
2.41995
2.43523
2.45251
2.46748
2.48465
2.49925
2.51623
2.53043
2.54719
2.56098
2.57748
2.59086
2.60708
2.62001
2.63593
2.64843
2.66409
2.67613
2.69157
2.70293
2.71756
2.72485
1.37355
1.37186
1.38565
1.4097
1.43814
1.46476
1.49138
1.51856
1.54635
1.57474
1.60361
1.63236
1.66128
1.69014
1.71874
1.747
1.77516
1.80236
1.83002
1.85598
1.88269
1.90815
1.93283
1.95836
1.98077
2.00523
2.0265
2.0472
2.06575
2.07197
2.06966
2.05743
2.02208
1.93406
1.7824
1.65346
1.61428
1.62146
1.64047
1.66367
1.69645
1.72643
1.7538
1.77895
1.80372
1.82801
1.85187
1.87461
1.89665
1.91752
1.93825
1.95821
1.97847
1.99811
2.01802
2.03715
2.05663
2.07526
2.09448
2.11269
2.13181
2.14969
2.16866
2.18614
2.20482
2.222
2.24042
2.25736
2.27547
2.2921
2.30994
2.3263
2.34397
2.36008
2.37761
2.39346
2.41086
2.42641
2.4437
2.45893
2.47612
2.49098
2.50804
2.52252
2.53943
2.55355
2.57026
2.58399
2.60045
2.61376
2.62994
2.64284
2.65875
2.67125
2.68693
2.699
2.71449
2.72589
2.74057
2.74791
1.41565
1.40033
1.40683
1.42552
1.45163
1.47834
1.50336
1.52809
1.55349
1.57964
1.60665
1.63403
1.66151
1.68908
1.71648
1.74404
1.77047
1.79766
1.82341
1.84965
1.87532
1.8997
1.92552
1.94818
1.97289
1.9947
2.01591
2.03494
2.04173
2.03904
2.02598
1.98888
1.89524
1.74313
1.61779
1.58718
1.59965
1.62425
1.65038
1.68327
1.7172
1.74763
1.77505
1.8
1.82445
1.84854
1.87266
1.89599
1.91887
1.9407
1.9625
1.98341
2.00443
2.02457
2.04481
2.06415
2.08362
2.10223
2.12126
2.13937
2.15822
2.17588
2.19461
2.21189
2.23047
2.2474
2.26565
2.28225
2.30019
2.31658
2.33432
2.35053
2.36811
2.38407
2.4015
2.4172
2.43449
2.4499
2.46707
2.48218
2.49926
2.51404
2.53102
2.54545
2.5623
2.57634
2.593
2.60663
2.62306
2.63629
2.65247
2.66531
2.68125
2.6937
2.7094
2.72141
2.73693
2.74825
2.76297
2.77024
1.50192
1.44468
1.4353
1.44331
1.46264
1.48838
1.51373
1.53833
1.56281
1.58753
1.61259
1.63812
1.66393
1.68991
1.7162
1.74206
1.7684
1.79394
1.81924
1.84495
1.86891
1.89451
1.91741
1.94178
1.96398
1.98508
2.00424
2.01063
2.00706
1.99247
1.95213
1.85267
1.69924
1.58062
1.55836
1.57348
1.60299
1.63381
1.66732
1.70147
1.73459
1.76501
1.79285
1.81851
1.84319
1.86749
1.89165
1.91519
1.93837
1.96085
1.98336
2.00511
2.027
2.04795
2.06886
2.08875
2.10876
2.12776
2.14712
2.16543
2.18443
2.20221
2.221
2.23826
2.25675
2.27351
2.2917
2.30813
2.32602
2.34219
2.3598
2.37573
2.39316
2.40887
2.42618
2.44165
2.45883
2.47403
2.49112
2.50602
2.52303
2.53762
2.55454
2.5688
2.5856
2.59951
2.61616
2.62969
2.64616
2.65929
2.67555
2.68829
2.70431
2.71666
2.73244
2.74435
2.75991
2.77114
2.78592
2.79311
1.66762
1.4998
1.46872
1.46702
1.47774
1.49811
1.52286
1.54703
1.57072
1.59442
1.61863
1.6432
1.66798
1.69284
1.71761
1.74226
1.7673
1.79169
1.81704
1.84059
1.86539
1.88859
1.91215
1.93478
1.95536
1.9742
1.97984
1.975
1.95829
1.9142
1.80939
1.6522
1.54306
1.52807
1.54542
1.57629
1.61414
1.64978
1.68344
1.71608
1.74838
1.77906
1.80764
1.83414
1.85945
1.88425
1.90875
1.93304
1.95691
1.98006
2.00289
2.02515
2.04749
2.06914
2.09081
2.11159
2.13223
2.15189
2.17178
2.19062
2.21001
2.22813
2.24715
2.26456
2.28322
2.29997
2.31821
2.3344
2.35222
2.36806
2.3856
2.40122
2.41854
2.43393
2.45108
2.4662
2.48324
2.49811
2.51507
2.52968
2.54659
2.56092
2.57778
2.59182
2.60861
2.62235
2.63904
2.65245
2.66899
2.68202
2.69838
2.71103
2.72716
2.73941
2.7553
2.76712
2.78279
2.79397
2.80885
2.81603
1.95587
1.60643
1.50901
1.49262
1.49625
1.51051
1.53282
1.55771
1.58106
1.60366
1.62597
1.64886
1.67226
1.6962
1.71995
1.74426
1.76775
1.79165
1.81498
1.8387
1.86193
1.88444
1.90709
1.92696
1.94512
1.94982
1.9435
1.92397
1.87527
1.76476
1.60339
1.50696
1.49757
1.51858
1.5486
1.59047
1.63048
1.66537
1.69766
1.72889
1.76026
1.79079
1.82006
1.84757
1.87378
1.89909
1.92411
1.94885
1.97344
1.99741
2.0211
2.0438
2.06646
2.08835
2.11048
2.13171
2.15311
2.17342
2.19394
2.21326
2.23314
2.25166
2.27103
2.28869
2.30754
2.32434
2.34271
2.35884
2.37681
2.39247
2.41008
2.4254
2.44271
2.45775
2.47486
2.48966
2.50663
2.52118
2.53806
2.55237
2.56917
2.58326
2.60002
2.6139
2.63063
2.64425
2.66091
2.67424
2.69078
2.70377
2.72014
2.73275
2.74891
2.76114
2.77707
2.7889
2.80464
2.81587
2.83082
2.83811
2.35078
1.83199
1.59466
1.53484
1.52259
1.52781
1.54359
1.56636
1.59029
1.61303
1.63496
1.65659
1.67812
1.70046
1.72312
1.74623
1.76908
1.79239
1.81482
1.83763
1.85936
1.88163
1.90066
1.91739
1.92062
1.91257
1.88929
1.83404
1.71684
1.54955
1.47029
1.46865
1.49271
1.52336
1.5652
1.60732
1.64559
1.67933
1.71074
1.74099
1.77153
1.80172
1.8312
1.85946
1.88644
1.91257
1.93812
1.96333
1.98838
2.01295
2.03729
2.06069
2.08382
2.10589
2.128
2.14939
2.17115
2.19201
2.21321
2.23319
2.25367
2.27271
2.29257
2.31064
2.32992
2.34709
2.36587
2.38225
2.40052
2.41625
2.43408
2.44935
2.46681
2.48172
2.49886
2.51346
2.53036
2.54468
2.56141
2.57551
2.59215
2.60607
2.62267
2.6364
2.65297
2.66646
2.68298
2.69617
2.71259
2.72544
2.7417
2.75418
2.77026
2.78237
2.79827
2.80998
2.82573
2.83684
2.85185
2.85902
2.65474
2.23513
1.7702
1.59341
1.55781
1.55201
1.55975
1.57648
1.59849
1.62091
1.64297
1.66447
1.68607
1.70682
1.72796
1.74935
1.7713
1.79334
1.81552
1.83703
1.8581
1.87697
1.89143
1.89308
1.88253
1.85449
1.78997
1.66478
1.49445
1.43043
1.43839
1.46729
1.50135
1.54198
1.58296
1.62229
1.65912
1.69242
1.72349
1.75317
1.78291
1.81245
1.84186
1.87042
1.89812
1.92491
1.95106
1.9767
2.00217
2.02702
2.05177
2.07559
2.09933
2.12199
2.14469
2.16631
2.18828
2.20942
2.23107
2.25161
2.27266
2.2922
2.31253
2.33109
2.35082
2.36841
2.38753
2.40424
2.42281
2.43882
2.45693
2.47239
2.49007
2.50507
2.52237
2.537
2.55399
2.5683
2.58507
2.5991
2.61573
2.62952
2.64608
2.65962
2.67611
2.68937
2.70579
2.71874
2.73508
2.74768
2.7639
2.77614
2.79223
2.80411
2.82007
2.83155
2.8474
2.85825
2.87336
2.88026
2.81324
2.5587
2.08185
1.71338
1.60018
1.57826
1.57866
1.5882
1.6062
1.62846
1.64998
1.6711
1.69215
1.71329
1.73435
1.75474
1.77532
1.79562
1.81641
1.83657
1.85504
1.86666
1.86667
1.8533
1.8194
1.74106
1.60995
1.44569
1.39552
1.40643
1.43967
1.48045
1.52191
1.56098
1.59893
1.63604
1.67171
1.70482
1.73594
1.7655
1.79472
1.82372
1.85267
1.88121
1.90918
1.93647
1.96318
1.98925
2.01498
2.04002
2.06495
2.08904
2.11312
2.13623
2.15944
2.18161
2.20396
2.22522
2.24697
2.26777
2.28913
2.30916
2.32982
2.34882
2.36886
2.3869
2.40636
2.42354
2.44248
2.45894
2.47741
2.49325
2.51129
2.52657
2.5442
2.55896
2.57621
2.59051
2.60745
2.62137
2.6381
2.65168
2.66827
2.68154
2.69805
2.71102
2.72748
2.74016
2.75656
2.76893
2.78524
2.79732
2.8135
2.82526
2.8413
2.85266
2.86855
2.87928
2.89441
2.9012
2.90517
2.76602
2.45404
1.97172
1.69594
1.61786
1.60256
1.60502
1.61669
1.63612
1.65829
1.67928
1.69901
1.71905
1.7392
1.75953
1.77991
1.79959
1.81795
1.83478
1.84324
1.84048
1.8238
1.78397
1.69178
1.5497
1.4002
1.36502
1.37977
1.41174
1.45721
1.50243
1.54251
1.57885
1.61439
1.64933
1.68375
1.71651
1.74792
1.77781
1.80707
1.83572
1.8642
1.89237
1.92025
1.94771
1.97471
2.00111
2.02707
2.05227
2.07728
2.10147
2.12572
2.1491
2.17265
2.19522
2.21801
2.23971
2.26169
2.28253
2.30399
2.32431
2.34533
2.3648
2.38518
2.40369
2.42351
2.44116
2.46048
2.47739
2.49625
2.51247
2.5309
2.54645
2.56446
2.57938
2.59699
2.61136
2.62863
2.64256
2.65954
2.67309
2.68984
2.70306
2.71963
2.73252
2.74895
2.7615
2.77782
2.79001
2.80619
2.81805
2.83405
2.84557
2.8614
2.87256
2.88825
2.89883
2.91385
2.92056
2.9503
2.8847
2.7213
2.3662
1.90796
1.69653
1.64196
1.62889
1.6319
1.64424
1.66433
1.68601
1.70673
1.72621
1.74542
1.76417
1.78331
1.80096
1.81673
1.82148
1.81494
1.79446
1.74743
1.64473
1.48526
1.35401
1.33477
1.35745
1.38895
1.43463
1.48103
1.5234
1.56119
1.59586
1.62964
1.66291
1.69611
1.72829
1.75973
1.78995
1.81951
1.84826
1.87657
1.90443
1.93195
1.95917
1.98607
2.0125
2.03855
2.06389
2.08895
2.11323
2.13748
2.16097
2.18459
2.20738
2.23038
2.25238
2.27469
2.29586
2.31747
2.33789
2.35912
2.37891
2.39963
2.4185
2.43869
2.45675
2.47649
2.49382
2.51311
2.52977
2.5486
2.56459
2.58299
2.59832
2.6163
2.63102
2.64861
2.6628
2.68003
2.69375
2.71065
2.72396
2.74055
2.75347
2.76984
2.78235
2.79856
2.81066
2.82673
2.83844
2.85437
2.8657
2.88151
2.89245
2.90815
2.91853
2.93355
2.94003
2.97604
2.94308
2.86316
2.67742
2.29126
1.86879
1.69912
1.66272
1.65424
1.65857
1.67142
1.6915
1.71266
1.73287
1.75142
1.76979
1.78577
1.79925
1.80123
1.7906
1.76536
1.70801
1.5952
1.4217
1.30873
1.30309
1.33235
1.37009
1.41677
1.4607
1.50297
1.54204
1.57825
1.61214
1.64509
1.67719
1.70913
1.74034
1.77135
1.80162
1.83154
1.86065
1.88912
1.91684
1.944
1.97078
1.99726
2.02347
2.04945
2.07485
2.10001
2.12441
2.14871
2.17224
2.19585
2.21866
2.24169
2.26379
2.28626
2.30765
2.32957
2.35016
2.37151
2.39144
2.41247
2.43168
2.4522
2.4706
2.49065
2.50835
2.52795
2.545
2.56415
2.58056
2.59924
2.615
2.63323
2.64836
2.66619
2.68071
2.69819
2.71216
2.72933
2.7428
2.75968
2.77271
2.7893
2.80193
2.81825
2.83046
2.84655
2.85833
2.87422
2.88557
2.90127
2.91215
2.92771
2.93796
2.95287
2.959
2.98872
2.9702
2.93396
2.83414
2.61647
2.19357
1.82924
1.70637
1.6809
1.67691
1.68325
1.69723
1.71699
1.73714
1.75563
1.77202
1.78283
1.78217
1.76677
1.73335
1.66113
1.53437
1.36102
1.2703
1.27539
1.30596
1.35051
1.39954
1.44397
1.4844
1.52255
1.55891
1.59399
1.62763
1.66043
1.69214
1.72331
1.7536
1.78371
1.81334
1.84296
1.87208
1.90072
1.92859
1.95574
1.98229
2.00842
2.03423
2.05994
2.08521
2.11041
2.13488
2.15928
2.18282
2.20643
2.22915
2.25216
2.27422
2.29676
2.31823
2.34034
2.36117
2.38279
2.40284
2.42398
2.44341
2.46416
2.48281
2.50313
2.52113
2.54107
2.55844
2.57795
2.59467
2.61371
2.62979
2.64838
2.66384
2.68201
2.69692
2.71471
2.7291
2.74653
2.7604
2.77749
2.79083
2.80758
2.82038
2.83683
2.8491
2.86526
2.87702
2.89289
2.90416
2.91976
2.93053
2.94592
2.95606
2.97083
2.97679
2.99407
2.98604
2.96645
2.91922
2.80827
2.54678
2.11671
1.81383
1.7198
1.70043
1.69883
1.70621
1.72077
1.73904
1.75607
1.76648
1.76264
1.74331
1.69985
1.60943
1.4629
1.30059
1.23655
1.25091
1.28284
1.32992
1.38107
1.42671
1.46762
1.50477
1.54017
1.57457
1.6086
1.64193
1.67484
1.70669
1.73785
1.76783
1.7973
1.82608
1.85482
1.88328
1.91159
1.93942
1.96666
1.99322
2.01924
2.04474
2.07011
2.09502
2.12004
2.14439
2.16884
2.19241
2.21608
2.23881
2.26182
2.28388
2.30643
2.32797
2.35015
2.37114
2.39288
2.41315
2.43437
2.45388
2.47476
2.49361
2.51414
2.53236
2.55254
2.57017
2.58995
2.60696
2.62629
2.64268
2.66159
2.67738
2.6959
2.71112
2.72929
2.74397
2.76176
2.77591
2.79331
2.80693
2.82394
2.837
2.85364
2.86612
2.88241
2.89432
2.91027
2.92162
2.93726
2.94802
2.96342
2.9735
2.98825
2.99394
2.99706
2.99352
2.98306
2.9626
2.90524
2.782
2.487
2.06237
1.80996
1.73605
1.72086
1.71992
1.72648
1.73856
1.74841
1.74248
1.71842
1.6637
1.55518
1.38855
1.24241
1.20587
1.22884
1.26367
1.31239
1.36141
1.40705
1.44896
1.48718
1.52253
1.55643
1.58956
1.62267
1.65549
1.68817
1.71999
1.75122
1.78127
1.81071
1.83921
1.86738
1.89505
1.92256
1.94979
1.97672
2.00326
2.02933
2.05483
2.08004
2.10465
2.12932
2.15336
2.17761
2.20109
2.22476
2.24753
2.2706
2.29272
2.31535
2.33695
2.35925
2.3803
2.40218
2.42254
2.44392
2.46349
2.48441
2.50338
2.52404
2.54243
2.56279
2.5806
2.60061
2.61781
2.63742
2.65403
2.67322
2.68928
2.70808
2.72362
2.74206
2.75708
2.77515
2.78962
2.80731
2.8212
2.8385
2.85179
2.86869
2.88135
2.89786
2.9099
2.926
2.93743
2.95315
2.96395
2.97937
2.98943
3.00418
3.00974
2.99872
2.99661
2.99273
2.98075
2.95781
2.89375
2.75576
2.43992
2.02826
1.81353
1.75436
1.73962
1.73558
1.73421
1.72304
1.6924
1.62199
1.49017
1.31129
1.19064
1.17811
1.2049
1.24729
1.29863
1.34518
1.38799
1.42863
1.46722
1.50386
1.53856
1.57209
1.6047
1.63709
1.66903
1.70085
1.73191
1.76261
1.7924
1.82184
1.85046
1.8787
1.90623
1.93335
1.96004
1.98647
2.01267
2.03862
2.06416
2.08942
2.11401
2.13852
2.16228
2.18623
2.20938
2.23286
2.25545
2.27849
2.30057
2.32327
2.3449
2.3673
2.38839
2.41038
2.43076
2.45226
2.4719
2.49296
2.51198
2.53276
2.55127
2.57174
2.58971
2.60983
2.62724
2.64699
2.66385
2.68323
2.69956
2.71861
2.7344
2.75311
2.76835
2.7867
2.80139
2.81934
2.83346
2.85101
2.86454
2.88168
2.89458
2.91132
2.92356
2.93989
2.95148
2.96741
2.97832
2.99391
3.00404
3.01892
3.0244
2.99938
2.99849
2.99639
2.99153
2.97929
2.95242
2.88393
2.73185
2.40357
2.00974
1.82128
1.76671
1.74302
1.71902
1.66907
1.57404
1.41499
1.23639
1.15061
1.15502
1.18304
1.2298
1.28314
1.33011
1.37177
1.41037
1.44752
1.48365
1.51885
1.55289
1.58621
1.61875
1.65086
1.68222
1.71314
1.74321
1.77301
1.80217
1.83126
1.85977
1.88803
1.91559
1.94272
1.96927
1.99546
2.02126
2.04685
2.07206
2.09718
2.12174
2.14629
2.17004
2.1939
2.21682
2.24006
2.26235
2.28522
2.30709
2.32976
2.3513
2.37375
2.39482
2.4169
2.43733
2.45897
2.47872
2.49996
2.51911
2.54004
2.5587
2.57936
2.59757
2.6179
2.63561
2.65557
2.67275
2.69231
2.70894
2.72811
2.74416
2.76299
2.77844
2.79695
2.81181
2.82999
2.84428
2.86209
2.87581
2.89322
2.90634
2.92334
2.93581
2.95237
2.96417
2.9803
2.99136
3.00711
3.0173
3.03232
3.03772
2.99969
2.99934
2.99824
2.9962
2.99023
2.97825
2.94615
2.87655
2.70649
2.37208
1.98873
1.814
1.74252
1.66962
1.53141
1.32685
1.14853
1.09315
1.11261
1.14962
1.20194
1.25566
1.3041
1.34664
1.38549
1.42237
1.4583
1.49353
1.5283
1.56234
1.59574
1.62818
1.66
1.69086
1.72126
1.75095
1.78055
1.8096
1.83856
1.86687
1.89489
1.92224
1.9492
1.97567
2.00176
2.02746
2.05284
2.07785
2.10273
2.12714
2.15166
2.17552
2.19957
2.22271
2.24615
2.26855
2.2915
2.31335
2.33602
2.35749
2.37996
2.40097
2.42314
2.44355
2.46536
2.48519
2.5067
2.52603
2.5473
2.56615
2.58713
2.60549
2.62608
2.64386
2.66399
2.68118
2.70088
2.71753
2.73685
2.75298
2.77195
2.78754
2.80618
2.8212
2.83954
2.85399
2.872
2.88588
2.90352
2.9168
2.93402
2.94666
2.96344
2.97537
2.99169
3.00286
3.01877
3.02906
3.04422
3.04965
2.99987
2.99965
2.99923
2.99798
2.99568
2.98872
2.97551
2.93843
2.86121
2.67135
2.31612
1.92352
1.71243
1.52133
1.2432
1.0799
1.05102
1.07331
1.11288
1.16672
1.21958
1.26762
1.31142
1.35203
1.39042
1.42735
1.46336
1.49857
1.53313
1.56681
1.59977
1.63174
1.6631
1.69362
1.72381
1.75338
1.78288
1.81181
1.84062
1.86877
1.89668
1.92403
1.95115
1.97779
2.00409
2.02986
2.05527
2.08015
2.10493
2.12923
2.15376
2.1777
2.20196
2.22538
2.24911
2.27175
2.29489
2.31687
2.33966
2.36118
2.38374
2.4048
2.42709
2.44761
2.46961
2.4896
2.51137
2.5309
2.55244
2.57149
2.59271
2.6112
2.63201
2.64988
2.67026
2.68753
2.70751
2.72422
2.74382
2.76001
2.77924
2.79489
2.81374
2.82883
2.84731
2.86183
2.87993
2.89389
2.91161
2.92496
2.94228
2.95498
2.97188
2.98389
3.00038
3.01166
3.02776
3.03817
3.05352
3.05903
2.99992
2.99979
2.99955
2.99879
2.99741
2.99326
2.98525
2.963
2.91601
2.79993
2.54974
2.11779
1.62951
1.19772
0.957841
0.946704
0.97974
1.0353
1.09714
1.15065
1.19875
1.24446
1.2889
1.33196
1.37322
1.41267
1.45071
1.48753
1.52338
1.55801
1.59165
1.6241
1.65584
1.68676
1.71746
1.74764
1.77779
1.80736
1.83676
1.86546
1.89388
1.92168
1.9492
1.9762
2.00282
2.02886
2.05451
2.07958
2.10456
2.12904
2.15378
2.17792
2.20241
2.22603
2.24999
2.27286
2.29623
2.31843
2.3414
2.36309
2.3858
2.40702
2.42944
2.4501
2.47223
2.49236
2.51425
2.5339
2.55556
2.57474
2.59607
2.61468
2.6356
2.65358
2.67407
2.69145
2.71156
2.72838
2.74813
2.76444
2.78384
2.79962
2.81865
2.83389
2.85256
2.86726
2.88556
2.89969
2.91761
2.93113
2.94865
2.96151
2.97862
2.99077
3.00745
3.01884
3.03511
3.04561
3.0611
3.06669
)
;

boundaryField
{
    inlet
    {
        type            calculated;
        value           uniform 3.00001;
    }
    outlet
    {
        type            calculated;
        value           nonuniform List<scalar> 
40
(
1.43127
1.61456
1.74247
1.83156
1.88655
1.92745
1.95979
1.99166
2.02191
2.0438
2.04967
2.06017
2.12933
2.33619
2.49256
2.57471
2.62095
2.65214
2.67716
2.70147
2.72485
2.74791
2.77024
2.79311
2.81603
2.83811
2.85902
2.88026
2.9012
2.92056
2.94003
2.959
2.97679
2.99394
3.00974
3.0244
3.03772
3.04965
3.05903
3.06669
)
;
    }
    bottom
    {
        type            symmetryPlane;
    }
    top
    {
        type            symmetryPlane;
    }
    obstacle
    {
        type            calculated;
        value           uniform 0;
    }
    defaultFaces
    {
        type            empty;
    }
}


// ************************************************************************* //
