/*--------------------------------*- C++ -*----------------------------------*\
  =========                 |
  \\      /  F ield         | OpenFOAM: The Open Source CFD Toolbox
   \\    /   O peration     | Website:  https://openfoam.org
    \\  /    A nd           | Version:  10
     \\/     M anipulation  |
\*---------------------------------------------------------------------------*/
FoamFile
{
    format      ascii;
    class       volScalarField;
    location    "3";
    object      Ma;
}
// * * * * * * * * * * * * * * * * * * * * * * * * * * * * * * * * * * * * * //

dimensions      [0 0 0 0 0 0 0];

internalField   nonuniform List<scalar> 
5250
(
3
2.99997
2.99991
2.99976
2.99939
2.99849
2.99619
2.99093
2.97653
2.94442
2.8577
2.65098
2.16806
1.28092
0.53172
0.270923
0.324264
0.338443
0.30456
0.248973
0.197495
0.156261
0.115047
0.0699783
0.0373305
3
2.99997
2.9999
2.99978
2.99936
2.9986
2.99607
2.99136
2.97654
2.94571
2.85952
2.65688
2.1793
1.29827
0.540839
0.27178
0.326477
0.341509
0.307909
0.253238
0.203109
0.163399
0.124558
0.0845594
0.0597903
3
2.99997
2.99992
2.99976
2.99945
2.9985
2.99653
2.99104
2.97843
2.9459
2.86653
2.66634
2.20563
1.33763
0.562044
0.276453
0.333503
0.350517
0.317904
0.265466
0.21818
0.181671
0.147383
0.114846
0.0966145
3
2.99998
2.99991
2.9998
2.99941
2.99872
2.99639
2.99211
2.97847
2.95044
2.87132
2.68624
2.24265
1.39997
0.595099
0.285495
0.345537
0.365528
0.334477
0.285034
0.24114
0.208333
0.178821
0.152113
0.137146
3
2.99997
2.99993
2.99978
2.99952
2.99864
2.99705
2.9918
2.98164
2.95126
2.88427
2.70515
2.29547
1.48527
0.639561
0.302117
0.363857
0.386966
0.357637
0.311492
0.270792
0.241484
0.216061
0.193702
0.180803
3
2.99998
2.99993
2.99982
2.99951
2.9989
2.99695
2.99332
2.98159
2.95835
2.89083
2.73572
2.35358
1.59385
0.697277
0.331807
0.391457
0.416239
0.388449
0.345457
0.307446
0.281325
0.259743
0.24133
0.230694
3
2.99998
2.99994
2.99983
2.99958
2.99895
2.99736
2.99372
2.9838
2.96187
2.90216
2.76196
2.41613
1.71067
0.762683
0.369795
0.425486
0.449864
0.424445
0.385548
0.350732
0.327928
0.310494
0.29686
0.290541
3
2.99998
2.99995
2.99985
2.99963
2.99901
2.99774
2.9939
2.98633
2.96317
2.91464
2.77987
2.46834
1.80109
0.829735
0.405655
0.452698
0.474424
0.456866
0.426047
0.397621
0.380275
0.368989
0.362999
0.366662
3
2.99999
2.99995
2.99986
2.99967
2.99911
2.99791
2.99466
2.98708
2.96791
2.92078
2.80274
2.51487
1.89329
0.923983
0.464979
0.473737
0.488769
0.48521
0.46514
0.445878
0.43691
0.435031
0.443344
0.470409
3
2.99999
2.99996
2.99988
2.99968
2.99926
2.99799
2.99555
2.98775
2.9725
2.92726
2.82581
2.56198
1.99252
1.04327
0.536292
0.488951
0.504752
0.511957
0.502762
0.494744
0.495816
0.510507
0.548719
0.647845
3
2.99999
2.99996
2.9999
2.99972
2.99935
2.99825
2.99605
2.9893
2.97581
2.93592
2.8474
2.61354
2.09897
1.18854
0.620265
0.506304
0.523689
0.538721
0.539576
0.542297
0.55666
0.59432
0.675989
0.842563
3
2.99999
2.99997
2.99992
2.99976
2.99946
2.99847
2.99667
2.99076
2.97932
2.94521
2.86955
2.66882
2.21677
1.36721
0.719143
0.531143
0.548158
0.567641
0.576635
0.588641
0.616464
0.673134
0.778977
0.959771
3
3
2.99998
2.99993
2.99981
2.9995
2.99885
2.99692
2.99308
2.98128
2.95736
2.88854
2.73058
2.34317
1.58423
0.83549
0.574127
0.586007
0.603325
0.617099
0.635313
0.671925
0.737526
0.844563
1.00343
3
3
2.99998
2.99994
2.99984
2.99963
2.99899
2.99773
2.99384
2.98631
2.9633
2.9149
2.78215
2.47742
1.83162
0.967935
0.637623
0.635226
0.647463
0.663432
0.683504
0.722071
0.787332
0.884952
1.02014
3.00001
3
2.99999
2.99995
2.99989
2.99966
2.99927
2.99796
2.99544
2.9879
2.97182
2.92794
2.82525
2.56588
2.00688
1.10939
0.70553
0.674583
0.688467
0.706262
0.72877
0.766431
0.827436
0.913721
1.02935
3.00001
3
2.99999
2.99997
2.99989
2.99976
2.99933
2.99852
2.996
2.99086
2.97623
2.94349
2.85692
2.64954
2.17149
1.32145
0.810406
0.706055
0.718555
0.738912
0.767242
0.804698
0.860914
0.937484
1.03679
3.00001
3
3
2.99997
2.99993
2.99979
2.99953
2.99873
2.99708
2.99245
2.98202
2.95486
2.88963
2.72464
2.33994
1.58373
0.94146
0.747647
0.749675
0.769033
0.800575
0.838141
0.889659
0.957971
1.04411
3.00001
3
3
2.99998
2.99995
2.99984
2.99965
2.99903
2.99783
2.99425
2.98675
2.966
2.91887
2.7966
2.51097
1.90224
1.10386
0.814166
0.793006
0.80694
0.835132
0.871568
0.917595
0.97761
1.05236
3.00001
3
3
2.99999
2.99996
2.99988
2.99974
2.99927
2.99835
2.99563
2.98989
2.97415
2.93806
2.84492
2.62166
2.12039
1.28802
0.889963
0.829962
0.841881
0.867073
0.902647
0.944673
0.997243
1.06215
3.00001
3.00001
3
2.99999
2.99997
2.99992
2.9998
2.99945
2.99879
2.99663
2.9927
2.98004
2.95465
2.88236
2.71634
2.31667
1.56034
1.01757
0.873141
0.874555
0.895063
0.929174
0.969534
1.0168
1.07336
3.00001
3.00001
3
3
2.99998
2.99994
2.99986
2.99961
2.99913
2.99759
2.99478
2.98567
2.9681
2.91648
2.80199
2.51455
1.91859
1.18844
0.938536
0.914759
0.927889
0.956845
0.994904
1.03723
1.08669
3.00001
3.00001
3
3
2.99999
2.99996
2.99989
2.99973
2.99935
2.99832
2.99613
2.98982
2.97692
2.93954
2.85797
2.64412
2.17919
1.39497
1.01892
0.952229
0.961049
0.985053
1.01933
1.05769
1.10155
3.00001
3.00001
3.00001
3
2.99999
2.99997
2.99993
2.99981
2.99954
2.9988
2.99727
2.99274
2.9837
2.9568
2.89978
2.74518
2.39776
1.70183
1.15526
1.00251
0.995642
1.01076
1.04051
1.07745
1.1176
3.00001
3.00001
3.00001
3
3
2.99998
2.99996
2.99986
2.9997
2.99917
2.99814
2.9951
2.98877
2.97128
2.93203
2.8304
2.59373
2.07035
1.35113
1.07891
1.03529
1.0421
1.06457
1.0976
1.13446
3.00001
3.00001
3.00001
3
3
2.99999
2.99997
2.99991
2.99979
2.99943
2.99876
2.99656
2.99256
2.97982
2.95441
2.88252
2.7197
2.33123
1.62313
1.19086
1.07969
1.07409
1.08738
1.11555
1.15116
3.00001
3.00001
3.00001
3.00001
3
3
2.99998
2.99995
2.99986
2.99964
2.99915
2.99781
2.99501
2.98691
2.97042
2.92343
2.82029
2.5612
2.01705
1.36808
1.14317
1.1102
1.11577
1.13744
1.16777
3.00001
3.00001
3.00001
3.00001
3
3
2.99999
2.99997
2.99991
2.99978
2.99939
2.99867
2.99634
2.99214
2.97859
2.95217
2.87613
2.70726
2.30492
1.61107
1.23552
1.14923
1.14489
1.15784
1.1837
3.00001
3.00001
3.00001
3.00001
3.00001
3
3
2.99998
2.99994
2.99986
2.99962
2.99911
2.99776
2.99462
2.98696
2.96793
2.923
2.8108
2.54832
1.99194
1.40259
1.2064
1.17781
1.18318
1.20357
3.00001
3.00001
3.00001
3.00001
3.00001
3
3
2.99999
2.99996
2.99991
2.99976
2.99942
2.99857
2.99652
2.99171
2.97923
2.95129
2.87767
2.70871
2.31275
1.64759
1.30053
1.21842
1.21183
1.22257
3.00001
3.00001
3.00001
3.00001
3.00001
3.00001
3
3
2.99998
2.99994
2.99986
2.99962
2.99916
2.99775
2.99496
2.98697
2.96992
2.92448
2.82049
2.56694
2.03635
1.46994
1.27623
1.24444
1.24701
3.00001
3.00001
3.00001
3.00001
3.00001
3.00001
3
3
2.99999
2.99997
2.99991
2.99977
2.99947
2.99858
2.99693
2.99167
2.98174
2.95213
2.88945
2.72484
2.3618
1.72522
1.37549
1.28517
1.27472
3.00001
3.00001
3.00001
3.00001
3.00001
3.00001
3.00001
3
3
2.99998
2.99995
2.99987
2.99966
2.99921
2.99801
2.99529
2.98861
2.97222
2.93381
2.83839
2.61699
2.13475
1.55946
1.34694
1.30876
3.00001
3.00001
3.00001
3.00001
3.00001
3.00001
3.00001
3
3
2.99999
2.99997
2.99992
2.99979
2.99953
2.99874
2.99727
2.9926
2.98393
2.95761
2.90311
2.75799
2.43773
1.83651
1.45125
1.34698
3.00001
3.00001
3.00001
3.00001
3.00001
3.00001
3.00001
3.00001
3
3
2.99999
2.99995
2.99989
2.9997
2.99932
2.99826
2.9959
2.99007
2.97589
2.94252
2.85988
2.66706
2.23586
1.65741
1.42019
3.00001
3.00001
3.00001
3.00001
3.00001
3.00001
3.00001
3.00001
3.00001
3
2.99999
2.99998
2.99994
2.99983
2.9996
2.99894
2.99769
2.99378
2.98659
2.96437
2.91986
2.79841
2.532
1.99149
1.55445
3.00001
3.00001
3.00001
3.00001
3.00001
3.00001
3.00001
3.00001
3.00001
3
3
2.99999
2.99996
2.99991
2.99975
2.99945
2.99852
2.99674
2.99155
2.98079
2.95176
2.88683
2.72509
2.36353
1.79628
3.00001
3.00001
3.00001
3.00001
3.00001
3.00001
3.00001
3.00001
3.00001
3.00001
3
3
2.99998
2.99995
2.99988
2.99966
2.99924
2.99804
2.99549
2.98895
2.97372
2.93695
2.84902
2.64241
2.20231
3.00001
3.00001
3.00001
3.00001
3.00001
3.00001
3.00001
3.00001
3.00001
3.00001
3.00001
3
2.99999
2.99997
2.99993
2.99981
2.99957
2.99887
2.99744
2.99363
2.98494
2.96385
2.91254
2.79189
2.50936
3.00001
3.00001
3.00001
3.00001
3.00001
3.00001
3.00001
3.00001
3.00001
3.00001
3.00001
3
3
2.99999
2.99996
2.99991
2.99974
2.99942
2.99851
2.99654
2.99158
2.97992
2.95194
2.88434
2.72517
3.00001
3.00001
3.00001
3.00001
3.00001
3.00001
3.00001
3.00001
3.00001
3.00001
3.00001
3.00001
3
3
2.99998
2.99995
2.99987
2.99966
2.99924
2.99804
2.99557
2.98902
2.97436
2.93812
2.85356
3.00001
3.00001
3.00001
3.00001
3.00001
3.00001
3.00001
3.00001
3.00001
3.00001
3.00001
3.00001
3.00001
3
2.99999
2.99998
2.99993
2.99982
2.99957
2.99893
2.99757
2.99378
2.98631
2.96436
2.92067
3.00001
3.00001
3.00001
3.00001
3.00001
3.00001
3.00001
3.00001
3.00001
3.00001
3.00001
3.00001
3.00001
3
3
2.99999
2.99997
2.99991
2.99977
2.99942
2.9987
2.99663
2.99265
2.98076
2.9577
3.00001
3.00001
3.00001
3.00001
3.00001
3.00001
3.00001
3.00001
3.00001
3.00001
3.00001
3.00001
3.00001
3.00001
3
3
2.99998
2.99996
2.99988
2.99972
2.99925
2.99839
2.99572
2.99085
2.97613
3.00001
3.00001
3.00001
3.00001
3.00001
3.00001
3.00001
3.00001
3.00001
3.00001
3.00001
3.00001
3.00001
3.00001
3.00001
3
3
2.99998
2.99994
2.99984
2.99964
2.99905
2.99797
2.99462
2.98839
3.00001
3.00001
3.00001
3.00001
3.00001
3.00001
3.00001
3.00001
3.00001
3.00001
3.00001
3.00001
3.00001
3.00001
3.00001
3
3
2.99999
2.99997
2.99993
2.9998
2.99954
2.99884
2.99732
2.99357
3.00001
3.00001
3.00001
3.00001
3.00001
3.00001
3.00001
3.00001
3.00001
3.00001
3.00001
3.00001
3.00001
3.00001
3.00001
3.00001
3
3
2.99999
2.99996
2.99991
2.99974
2.99943
2.99851
2.99668
3.00001
3.00001
3.00001
3.00001
3.00001
3.00001
3.00001
3.00001
3.00001
3.00001
3.00001
3.00001
3.00001
3.00001
3.00001
3.00001
3.00001
3
3
2.99998
2.99994
2.99987
2.99965
2.99923
2.99795
3.00001
3.00001
3.00001
3.00001
3.00001
3.00001
3.00001
3.00001
3.00001
3.00001
3.00001
3.00001
3.00001
3.00001
3.00001
3.00001
3.00001
3
3
2.99999
2.99997
2.99991
2.99977
2.99943
2.99865
3.00001
3.00001
3.00001
3.00001
3.00001
3.00001
3.00001
3.00001
3.00001
3.00001
3.00001
3.00001
3.00001
3.00001
3.00001
3.00001
3.00001
3.00001
3
2.99999
2.99998
2.99992
2.99982
2.9995
2.9989
3.00001
3.00001
3.00001
3.00001
3.00001
3.00001
3.00001
3.00001
3.00001
3.00001
3.00001
3.00001
3.00001
3.00001
3.00001
3.00001
3.00001
3.00001
3
2.99999
2.99998
2.99993
2.99982
2.99955
2.99888
1.11818
1.32323
1.3884
1.35256
1.28182
1.19577
1.11545
1.07514
1.06829
1.07073
1.07358
1.07391
1.07205
1.06873
1.06438
1.06081
1.05924
1.05853
1.05788
1.05704
1.05568
1.05314
1.04815
1.03777
1.01569
0.968288
0.86701
0.656867
0.344803
0.130464
0.10258
0.168659
0.258977
0.33231
0.37308
0.38418
0.370723
0.345373
0.306157
0.251303
0.191725
0.132346
0.0776286
0.0390843
0.0515092
0.0898928
0.130551
0.167978
0.201709
0.232076
0.262534
0.292884
0.321781
0.348743
0.374977
0.399802
0.424349
0.447677
0.470936
0.493113
0.515351
0.536613
0.558019
0.578488
0.599187
0.618947
0.639
0.658121
0.677585
0.696166
0.71515
0.7333
0.751898
0.769681
0.787921
0.805344
0.823225
0.840265
0.857806
0.874441
0.89166
0.90788
0.924789
0.940585
0.957191
0.97255
0.988865
1.00379
1.01983
1.03435
1.0501
1.06424
1.07962
1.09341
1.10821
1.12146
1.13522
1.1468
1.15693
1.16336
1.13325
1.25216
1.31909
1.36447
1.4104
1.44655
1.45678
1.45252
1.4366
1.41376
1.39592
1.39005
1.39018
1.39161
1.39232
1.39211
1.39129
1.38962
1.38762
1.38619
1.38505
1.38324
1.37964
1.37164
1.35373
1.31406
1.22825
1.04557
0.738896
0.483926
0.358916
0.276956
0.202312
0.126956
0.0610758
0.0477289
0.0817428
0.0731559
0.0598742
0.0797863
0.118794
0.160788
0.202746
0.240902
0.276187
0.309838
0.343373
0.374669
0.40451
0.43108
0.45762
0.484122
0.510572
0.534865
0.558774
0.581346
0.603969
0.625513
0.647152
0.667838
0.688633
0.708571
0.72863
0.747894
0.767305
0.785975
0.804828
0.82298
0.841366
0.859053
0.877056
0.894306
0.911997
0.928824
0.946263
0.962675
0.979891
0.995892
1.01288
1.02847
1.04522
1.06039
1.07689
1.09168
1.10789
1.12237
1.13822
1.15247
1.16795
1.18198
1.19715
1.21097
1.22586
1.23946
1.25398
1.26708
1.28069
1.29227
1.30251
1.30899
1.13389
1.24215
1.33993
1.43343
1.51988
1.58827
1.62172
1.62507
1.62025
1.60596
1.58627
1.57042
1.56113
1.558
1.55792
1.5583
1.55852
1.55843
1.5581
1.55727
1.55623
1.55465
1.55186
1.54599
1.53331
1.50534
1.44423
1.31184
1.0613
0.780249
0.641693
0.562299
0.486726
0.411007
0.336729
0.27576
0.245149
0.249496
0.2866
0.32773
0.366316
0.399199
0.429591
0.456916
0.483107
0.507871
0.533016
0.55702
0.580864
0.602383
0.623678
0.645096
0.667851
0.689014
0.710016
0.729789
0.749925
0.769113
0.788741
0.807419
0.826545
0.844679
0.863325
0.880918
0.899125
0.916201
0.934012
0.950604
0.968095
0.984281
1.00152
1.01737
1.03434
1.04988
1.06651
1.08177
1.09801
1.11305
1.12892
1.14375
1.15931
1.17389
1.1892
1.2035
1.21858
1.23259
1.24746
1.26123
1.27594
1.2895
1.30399
1.31733
1.33148
1.3446
1.35832
1.37109
1.38399
1.39554
1.40549
1.41213
1.14259
1.25037
1.34999
1.44134
1.52265
1.59042
1.64326
1.68183
1.70289
1.70843
1.7067
1.69925
1.68743
1.67604
1.6693
1.66688
1.66727
1.668
1.66922
1.66972
1.66958
1.66895
1.66727
1.66347
1.65513
1.63673
1.59627
1.50908
1.31888
1.04777
0.87119
0.775531
0.701117
0.629569
0.556198
0.4969
0.47049
0.480902
0.513238
0.550703
0.584108
0.608124
0.626602
0.642866
0.659366
0.675474
0.692939
0.710172
0.728573
0.745605
0.762744
0.779408
0.798262
0.8167
0.835413
0.85275
0.87087
0.887965
0.906017
0.92293
0.940745
0.957285
0.974725
0.990879
1.00798
1.02387
1.04068
1.05634
1.07282
1.0882
1.10431
1.1194
1.13517
1.15
1.16548
1.18007
1.19526
1.2096
1.22457
1.23866
1.25345
1.26725
1.28182
1.29529
1.3097
1.32293
1.33715
1.35012
1.36407
1.3768
1.39054
1.40306
1.41661
1.42884
1.44217
1.45389
1.46665
1.47712
1.48725
1.49285
1.14448
1.24952
1.34554
1.43325
1.5131
1.58477
1.64779
1.70123
1.74281
1.77018
1.78077
1.78095
1.77867
1.772
1.76232
1.75445
1.74881
1.74641
1.74568
1.74587
1.74594
1.74575
1.74497
1.74284
1.73773
1.72618
1.70032
1.64395
1.51732
1.3021
1.05651
0.935575
0.864012
0.785632
0.706288
0.647442
0.627724
0.640745
0.675634
0.715772
0.749166
0.772472
0.785453
0.793214
0.801117
0.81007
0.821067
0.832729
0.846402
0.859957
0.874345
0.887998
0.90374
0.919878
0.937054
0.952946
0.969507
0.985182
1.0017
1.01739
1.03388
1.04948
1.06583
1.08115
1.09716
1.11203
1.12766
1.14214
1.15751
1.17175
1.18693
1.20099
1.21601
1.22989
1.24467
1.25831
1.27276
1.28605
1.30016
1.31312
1.32704
1.33984
1.35377
1.36645
1.38026
1.39268
1.40633
1.41846
1.4319
1.44374
1.45692
1.46851
1.48141
1.49279
1.5054
1.51649
1.52855
1.53879
1.54859
1.55434
1.14186
1.24129
1.3332
1.41783
1.49559
1.56678
1.6308
1.68734
1.73528
1.77458
1.8047
1.8242
1.83192
1.83218
1.83043
1.82521
1.81718
1.81005
1.80453
1.8023
1.80174
1.80208
1.8022
1.80171
1.79973
1.79403
1.77972
1.74633
1.6726
1.51248
1.26469
1.08264
0.978251
0.884953
0.796465
0.737755
0.726362
0.744418
0.78394
0.830496
0.86714
0.889902
0.904516
0.911335
0.914323
0.918102
0.924335
0.932318
0.943087
0.95441
0.967183
0.979276
0.993023
1.00754
1.0237
1.03881
1.05425
1.06893
1.08428
1.09897
1.11417
1.12854
1.14343
1.15752
1.17225
1.18614
1.20072
1.21429
1.22855
1.24172
1.2557
1.26859
1.28244
1.29517
1.30891
1.3214
1.33497
1.34715
1.36056
1.37256
1.38589
1.39767
1.4108
1.42239
1.43532
1.44673
1.45945
1.47074
1.48326
1.49446
1.50678
1.51787
1.53
1.54089
1.55283
1.56338
1.57491
1.5846
1.59419
1.59955
1.13817
1.23059
1.31767
1.39889
1.4742
1.54395
1.60792
1.66626
1.71847
1.76464
1.80351
1.8351
1.85791
1.87131
1.87578
1.87561
1.87375
1.86903
1.86279
1.85763
1.85399
1.85204
1.85108
1.85033
1.84872
1.84504
1.83651
1.81685
1.77255
1.67549
1.47693
1.22731
1.07028
0.941422
0.831014
0.781323
0.779462
0.803123
0.851395
0.905475
0.946191
0.971688
0.987599
0.998575
1.00639
1.01032
1.01387
1.01911
1.02737
1.03692
1.0485
1.05961
1.07171
1.08412
1.0985
1.11265
1.12698
1.1402
1.15385
1.16679
1.18046
1.19338
1.207
1.21964
1.23298
1.24525
1.2584
1.27054
1.28371
1.2958
1.30889
1.32074
1.33355
1.34506
1.35763
1.36896
1.38155
1.39296
1.40564
1.41695
1.42954
1.44066
1.45308
1.46397
1.47616
1.48686
1.49885
1.50941
1.52123
1.53171
1.54338
1.5538
1.56533
1.57566
1.58705
1.59719
1.60824
1.61773
1.62711
1.6325
1.13591
1.2207
1.3025
1.37986
1.45239
1.52013
1.58308
1.64126
1.69451
1.7427
1.78536
1.82245
1.85321
1.87777
1.89497
1.905
1.90842
1.90819
1.90647
1.90224
1.89656
1.89152
1.88769
1.88568
1.88451
1.88239
1.87749
1.86597
1.83921
1.77892
1.64807
1.40729
1.15365
0.95701
0.817519
0.783395
0.792972
0.832212
0.890229
0.947044
0.992257
1.02579
1.04896
1.06555
1.08001
1.09095
1.09721
1.1015
1.10729
1.11426
1.12352
1.13278
1.14294
1.15251
1.16397
1.17573
1.18861
1.2005
1.21294
1.2243
1.23629
1.24728
1.25914
1.27014
1.28221
1.29337
1.30559
1.31668
1.32877
1.3396
1.3515
1.36219
1.3741
1.38482
1.39685
1.40765
1.41968
1.4303
1.44218
1.45264
1.4644
1.47476
1.4864
1.49667
1.50819
1.51839
1.52979
1.53995
1.55127
1.56141
1.57262
1.58273
1.59384
1.60386
1.61486
1.62468
1.63542
1.64461
1.65387
1.65905
1.13568
1.21261
1.28864
1.36183
1.43118
1.49663
1.5579
1.61523
1.66831
1.71741
1.76204
1.80246
1.83802
1.86883
1.89414
1.9141
1.92746
1.93479
1.93702
1.93674
1.93527
1.93187
1.92769
1.92399
1.92068
1.91771
1.91344
1.90461
1.88562
1.84396
1.75395
1.57046
1.25726
0.941635
0.771848
0.757768
0.779492
0.833865
0.903762
0.968296
1.02253
1.067
1.10211
1.12827
1.14819
1.16403
1.17546
1.18213
1.18544
1.18852
1.19313
1.19893
1.20647
1.21343
1.22141
1.22965
1.23986
1.24958
1.26043
1.27038
1.28139
1.29136
1.30237
1.31226
1.32324
1.33307
1.34406
1.35393
1.36504
1.37501
1.38625
1.3963
1.40759
1.41771
1.42903
1.43906
1.45031
1.46031
1.47155
1.48157
1.49282
1.50285
1.51405
1.52404
1.53516
1.54508
1.55613
1.566
1.577
1.58686
1.59781
1.60767
1.61854
1.62834
1.6391
1.64874
1.65925
1.6683
1.67749
1.68264
1.1381
1.20718
1.27712
1.34568
1.4116
1.47436
1.53369
1.5896
1.64195
1.69087
1.73616
1.77794
1.81587
1.85002
1.87991
1.90545
1.9262
1.94255
1.95336
1.95926
1.96097
1.96062
1.95917
1.95583
1.95124
1.94632
1.94108
1.93295
1.91627
1.88086
1.80528
1.64943
1.33963
0.947712
0.741137
0.737981
0.774017
0.844443
0.928957
1.00312
1.06491
1.11589
1.15811
1.1904
1.21388
1.23016
1.24209
1.25019
1.25467
1.25565
1.2556
1.25697
1.26008
1.26445
1.26999
1.27539
1.28279
1.29069
1.3003
1.30904
1.31879
1.32739
1.33716
1.34592
1.35602
1.3651
1.37551
1.38484
1.39544
1.40494
1.41565
1.42529
1.43614
1.44581
1.45666
1.46631
1.47717
1.48684
1.49771
1.50743
1.51831
1.5281
1.53899
1.54879
1.55968
1.56942
1.58027
1.58996
1.60075
1.6104
1.62111
1.63072
1.64136
1.65089
1.66145
1.67085
1.6812
1.6901
1.69922
1.70435
1.14335
1.20502
1.26866
1.3322
1.39418
1.45399
1.51098
1.56525
1.61641
1.66476
1.70995
1.75228
1.7914
1.82751
1.86024
1.88965
1.91533
1.93715
1.95472
1.96837
1.9772
1.98169
1.98255
1.98195
1.98006
1.97593
1.96918
1.9592
1.94106
1.9046
1.83043
1.68499
1.41505
1.06085
0.83145
0.819942
0.858723
0.918341
0.990845
1.05777
1.11455
1.16144
1.20051
1.23281
1.25773
1.27612
1.28865
1.29857
1.30435
1.30831
1.30903
1.30836
1.30788
1.30923
1.31217
1.31595
1.32065
1.32603
1.33376
1.34159
1.35088
1.35916
1.36869
1.3771
1.38673
1.39523
1.40505
1.41381
1.42391
1.43294
1.44329
1.45255
1.46293
1.47224
1.48264
1.49201
1.50249
1.51193
1.52247
1.53197
1.54255
1.55207
1.56265
1.57219
1.58276
1.5923
1.60284
1.61235
1.62287
1.6323
1.64279
1.65213
1.66258
1.67184
1.68222
1.69138
1.70159
1.7103
1.71936
1.72442
1.15158
1.20632
1.26369
1.32198
1.37961
1.43596
1.4903
1.54242
1.59217
1.63936
1.68416
1.72626
1.76599
1.80293
1.8374
1.8689
1.8977
1.92317
1.94559
1.96406
1.97915
1.99011
1.99702
1.99895
1.99817
1.9955
1.98931
1.97655
1.95192
1.90317
1.80953
1.63637
1.41648
1.19971
1.00367
0.92875
0.936373
0.964701
1.00993
1.06833
1.12365
1.17128
1.21257
1.24791
1.27735
1.30095
1.31875
1.33193
1.34172
1.34856
1.35279
1.35461
1.35458
1.35376
1.35413
1.35596
1.35907
1.36266
1.36774
1.37384
1.38222
1.38999
1.39911
1.40711
1.41631
1.42439
1.43375
1.44207
1.4517
1.46039
1.47029
1.47912
1.48909
1.498
1.50803
1.51705
1.5272
1.53638
1.54663
1.5559
1.56619
1.57546
1.58579
1.59502
1.60537
1.61457
1.62489
1.63407
1.6443
1.65348
1.66363
1.67279
1.68296
1.69205
1.70229
1.71125
1.72141
1.72994
1.73899
1.74397
1.16209
1.21068
1.26211
1.3152
1.3685
1.42112
1.47262
1.52237
1.57037
1.61629
1.66014
1.70191
1.74141
1.77888
1.81391
1.84691
1.8772
1.90534
1.93043
1.95303
1.97221
1.98817
2.00042
2.00695
2.00712
2.00461
1.99735
1.98053
1.94489
1.87272
1.73362
1.54504
1.3962
1.29798
1.1805
1.06638
1.01408
1.01431
1.0367
1.07226
1.12067
1.16806
1.21273
1.25217
1.28636
1.31476
1.33838
1.35697
1.37072
1.38158
1.38994
1.3945
1.39775
1.39852
1.39821
1.39769
1.3987
1.40095
1.40442
1.40824
1.41393
1.4204
1.42895
1.43669
1.44569
1.45347
1.46245
1.47035
1.47962
1.48788
1.49734
1.50578
1.51536
1.52392
1.53363
1.54231
1.55214
1.56096
1.5709
1.57984
1.58985
1.59881
1.60885
1.61779
1.62784
1.63676
1.64681
1.65572
1.66578
1.6747
1.68478
1.69371
1.70379
1.7127
1.72275
1.73157
1.74148
1.74983
1.75873
1.76351
1.17394
1.21699
1.26314
1.31111
1.36028
1.40928
1.45767
1.5051
1.55099
1.59552
1.63814
1.67922
1.71826
1.7557
1.79088
1.82457
1.85571
1.88539
1.91218
1.93733
1.95923
1.97879
1.99459
2.00459
2.00531
2.00197
1.99156
1.96647
1.91211
1.80214
1.62327
1.47039
1.39487
1.35331
1.30826
1.2356
1.1534
1.10049
1.0903
1.10533
1.12956
1.16544
1.20681
1.2485
1.28648
1.32006
1.34889
1.3731
1.39284
1.40815
1.41998
1.42921
1.43582
1.43912
1.44115
1.44145
1.44098
1.44111
1.44263
1.44519
1.4485
1.45264
1.45916
1.46613
1.47482
1.48243
1.49125
1.49896
1.50786
1.51569
1.52469
1.53269
1.54187
1.55003
1.5594
1.56772
1.57724
1.58568
1.5953
1.60385
1.61357
1.6222
1.63204
1.64071
1.65061
1.65932
1.66923
1.67797
1.68783
1.69653
1.70635
1.71498
1.72478
1.73333
1.74311
1.75158
1.76127
1.76943
1.7782
1.78308
1.18682
1.22512
1.26655
1.31032
1.35511
1.40093
1.44617
1.49109
1.53494
1.57767
1.61896
1.65904
1.69714
1.73435
1.76908
1.8031
1.83438
1.86492
1.89264
1.91916
1.94301
1.96429
1.98271
1.99251
1.9922
1.9865
1.96973
1.9293
1.84157
1.68422
1.52442
1.43645
1.40383
1.3939
1.38254
1.35645
1.30967
1.24694
1.1895
1.16455
1.167
1.18261
1.20852
1.24421
1.281
1.31808
1.35152
1.38116
1.4062
1.4271
1.44397
1.45675
1.46747
1.47506
1.47954
1.48246
1.48349
1.4835
1.483
1.4839
1.48589
1.48854
1.49215
1.49683
1.50391
1.51102
1.51973
1.52722
1.53574
1.5431
1.55167
1.55924
1.56808
1.57588
1.58495
1.59292
1.60215
1.61028
1.61965
1.62792
1.63741
1.64576
1.65533
1.66371
1.67331
1.68171
1.69131
1.69973
1.70933
1.71773
1.72731
1.73571
1.74532
1.75374
1.76338
1.77179
1.78133
1.78941
1.79803
1.80281
1.20085
1.23552
1.27265
1.31234
1.35365
1.39552
1.43831
1.48033
1.52206
1.56312
1.60261
1.64178
1.67869
1.71522
1.74954
1.78305
1.8147
1.84488
1.8737
1.90026
1.92555
1.94728
1.96578
1.97242
1.96914
1.95815
1.929
1.86175
1.7271
1.56327
1.46261
1.42776
1.42119
1.42509
1.43027
1.42909
1.41644
1.38723
1.33864
1.28307
1.24258
1.22909
1.23873
1.25508
1.28104
1.31495
1.34822
1.38155
1.41136
1.43752
1.45967
1.47793
1.49256
1.50379
1.51303
1.51949
1.52253
1.52456
1.52514
1.52504
1.52482
1.52609
1.52826
1.53084
1.53472
1.54002
1.54782
1.55492
1.56326
1.57046
1.5788
1.58601
1.59445
1.60182
1.61051
1.61815
1.62705
1.63492
1.64397
1.65196
1.66108
1.66909
1.67827
1.68631
1.69556
1.70365
1.71294
1.7211
1.73044
1.73869
1.74806
1.75632
1.76569
1.77392
1.78332
1.79152
1.80089
1.8088
1.81735
1.82208
1.21595
1.24863
1.28211
1.31772
1.35531
1.39419
1.43319
1.47349
1.51209
1.55171
1.58931
1.62691
1.66313
1.69809
1.73247
1.7646
1.79674
1.82606
1.85544
1.88176
1.90728
1.9287
1.94317
1.94404
1.9367
1.91587
1.86465
1.75409
1.58989
1.47628
1.43587
1.43086
1.43885
1.45077
1.46442
1.47558
1.47863
1.47439
1.45727
1.42367
1.37679
1.32976
1.30216
1.29588
1.30678
1.32367
1.34902
1.37965
1.41008
1.44005
1.46699
1.49045
1.51057
1.52689
1.5396
1.54986
1.55726
1.56225
1.56457
1.56581
1.56604
1.56569
1.56632
1.56772
1.56981
1.5726
1.57727
1.583
1.59087
1.59795
1.60614
1.61313
1.62127
1.62827
1.63651
1.64372
1.65213
1.65958
1.66817
1.67581
1.68457
1.69231
1.70121
1.70901
1.71801
1.72588
1.73491
1.74284
1.75184
1.75982
1.76888
1.77694
1.7861
1.79419
1.80338
1.81139
1.82051
1.82814
1.83651
1.841
1.23209
1.26191
1.29343
1.32572
1.35989
1.39566
1.43177
1.46889
1.50611
1.5425
1.57951
1.61453
1.65018
1.68367
1.71713
1.74903
1.77976
1.8098
1.83765
1.86482
1.88834
1.90812
1.91387
1.9087
1.89305
1.85421
1.76419
1.60751
1.48108
1.43235
1.42708
1.43719
1.4521
1.47144
1.49153
1.50806
1.51924
1.52576
1.52627
1.51862
1.49878
1.46536
1.42376
1.3857
1.36543
1.36225
1.37275
1.38881
1.41267
1.44042
1.46801
1.49522
1.52015
1.54142
1.55951
1.57394
1.58485
1.5942
1.60057
1.60393
1.60598
1.60673
1.60673
1.60633
1.60725
1.60884
1.61078
1.61379
1.6191
1.6251
1.6328
1.63963
1.64767
1.65454
1.6625
1.66936
1.67737
1.68439
1.69258
1.69982
1.70824
1.71565
1.72424
1.73176
1.74043
1.74808
1.75689
1.7647
1.77362
1.78144
1.79036
1.79808
1.80697
1.81466
1.82356
1.83122
1.84012
1.84753
1.85573
1.86021
1.24619
1.27668
1.30577
1.33624
1.36669
1.39976
1.4332
1.46741
1.50213
1.53693
1.57115
1.60567
1.63863
1.67209
1.70346
1.73525
1.76489
1.79428
1.82178
1.84717
1.86956
1.88021
1.87768
1.86569
1.83418
1.75993
1.6154
1.47967
1.42008
1.4129
1.42442
1.44189
1.46512
1.49001
1.51215
1.53045
1.54644
1.55902
1.56844
1.57322
1.57309
1.56458
1.54528
1.51538
1.47925
1.44708
1.42979
1.4267
1.43616
1.45043
1.47196
1.49747
1.52269
1.54748
1.57068
1.59031
1.6065
1.61944
1.62944
1.63748
1.64285
1.64511
1.64622
1.6465
1.64625
1.64584
1.64662
1.648
1.65024
1.65389
1.65994
1.66609
1.67384
1.68051
1.68833
1.69498
1.70274
1.70941
1.71726
1.72407
1.73212
1.73913
1.74742
1.75464
1.76305
1.77035
1.77878
1.78613
1.79466
1.80214
1.81081
1.8184
1.82717
1.83479
1.84363
1.85121
1.86002
1.86729
1.87537
1.87972
1.26454
1.29085
1.31891
1.34714
1.37613
1.40574
1.43709
1.46872
1.50097
1.53359
1.56624
1.59842
1.63065
1.66174
1.69305
1.7225
1.75244
1.77977
1.80686
1.82968
1.84517
1.84583
1.8358
1.80905
1.74836
1.61765
1.4731
1.40258
1.39266
1.40472
1.42389
1.4499
1.47881
1.50498
1.52788
1.54817
1.56579
1.5817
1.59619
1.60862
1.61803
1.62269
1.6226
1.61467
1.5965
1.56938
1.5376
1.50917
1.49297
1.48906
1.49741
1.50966
1.52833
1.55204
1.5755
1.59835
1.61968
1.63755
1.65201
1.6635
1.67285
1.67929
1.68309
1.68442
1.68505
1.68496
1.68419
1.68461
1.68559
1.68708
1.68983
1.69408
1.70068
1.70682
1.71436
1.72079
1.72829
1.73464
1.74208
1.7484
1.75591
1.76235
1.77007
1.77678
1.78483
1.79186
1.80016
1.80742
1.81581
1.82321
1.83164
1.83912
1.84763
1.8551
1.86368
1.87108
1.87966
1.8867
1.89463
1.89877
1.28273
1.30385
1.33172
1.35909
1.38605
1.414
1.44236
1.4722
1.50221
1.53263
1.56329
1.59407
1.62423
1.65453
1.68382
1.71311
1.74063
1.76782
1.79148
1.80997
1.81332
1.80501
1.78264
1.73007
1.61592
1.46395
1.38078
1.36744
1.37971
1.40009
1.42839
1.46021
1.48911
1.51502
1.53869
1.56073
1.58118
1.59992
1.61693
1.63294
1.64786
1.66017
1.66947
1.67397
1.67411
1.66732
1.65119
1.62682
1.59892
1.57288
1.55636
1.55014
1.55698
1.56659
1.58171
1.6032
1.62549
1.6468
1.66621
1.68275
1.69609
1.70665
1.71471
1.71985
1.7221
1.72305
1.72333
1.72301
1.72246
1.72307
1.72412
1.72591
1.72927
1.73375
1.74015
1.74598
1.75302
1.7591
1.76627
1.77246
1.77977
1.78608
1.79363
1.80011
1.80794
1.81465
1.8227
1.82965
1.83777
1.84487
1.85301
1.86019
1.86834
1.87554
1.88368
1.89081
1.89897
1.90575
1.91341
1.91742
1.30742
1.32101
1.34417
1.37155
1.3976
1.42338
1.45011
1.47713
1.50546
1.53387
1.56257
1.59145
1.62033
1.64872
1.67698
1.70439
1.73119
1.75492
1.77539
1.78105
1.77391
1.7548
1.70834
1.61196
1.45485
1.35839
1.34029
1.35178
1.37263
1.40279
1.43667
1.46791
1.49589
1.52196
1.54639
1.5699
1.59212
1.61355
1.63343
1.65186
1.66888
1.68522
1.70007
1.71252
1.72182
1.72675
1.7273
1.72203
1.70837
1.68629
1.66121
1.63632
1.61828
1.60964
1.61364
1.62131
1.63345
1.65219
1.67353
1.69351
1.71117
1.72663
1.73918
1.74848
1.75509
1.75866
1.75999
1.76041
1.7603
1.7597
1.75948
1.76009
1.76112
1.76315
1.76722
1.77207
1.77865
1.78446
1.79139
1.79727
1.8042
1.8101
1.81725
1.82334
1.83076
1.8371
1.84474
1.85135
1.85917
1.86597
1.87386
1.88076
1.88866
1.89561
1.90356
1.91044
1.91845
1.92501
1.9325
1.93645
1.33283
1.33931
1.35804
1.38325
1.40867
1.43335
1.4584
1.48397
1.51005
1.53689
1.56384
1.591
1.6181
1.64548
1.67179
1.69782
1.72167
1.74232
1.75013
1.74419
1.72742
1.68673
1.60128
1.44195
1.33277
1.31028
1.32158
1.34303
1.37468
1.41043
1.44343
1.47325
1.50102
1.52733
1.55273
1.57721
1.60095
1.62373
1.64574
1.66667
1.68634
1.70449
1.72192
1.73831
1.75299
1.76542
1.77483
1.78036
1.78134
1.77764
1.76639
1.74634
1.72303
1.69862
1.67876
1.66811
1.66719
1.67366
1.68359
1.69917
1.71834
1.7375
1.75523
1.76987
1.78101
1.78947
1.79457
1.79733
1.79785
1.7979
1.79701
1.79632
1.79598
1.79654
1.79774
1.80015
1.8046
1.80944
1.81583
1.82139
1.82812
1.83376
1.84065
1.84646
1.85358
1.85959
1.86688
1.87309
1.88054
1.88699
1.89452
1.90113
1.90867
1.91531
1.92293
1.92957
1.93727
1.94368
1.95091
1.95481
1.37051
1.36514
1.37416
1.39408
1.41955
1.44389
1.46761
1.49148
1.51595
1.54077
1.56628
1.59196
1.61757
1.64307
1.66827
1.69142
1.71203
1.72124
1.71671
1.70068
1.66265
1.58184
1.43194
1.3142
1.28532
1.29399
1.31475
1.34679
1.3837
1.41777
1.44873
1.4776
1.50526
1.53206
1.55811
1.58333
1.60796
1.63193
1.65539
1.678
1.69986
1.72036
1.73956
1.7574
1.77481
1.79106
1.80597
1.81846
1.82809
1.83393
1.83521
1.83289
1.82371
1.80581
1.78388
1.76004
1.73887
1.72539
1.71975
1.72488
1.73216
1.7439
1.76051
1.77897
1.79589
1.80989
1.82069
1.82824
1.8324
1.83391
1.83389
1.83345
1.83198
1.83115
1.83112
1.83169
1.83313
1.83598
1.84084
1.8456
1.85194
1.8573
1.86393
1.86947
1.8763
1.88207
1.88905
1.89499
1.90204
1.90819
1.91533
1.92165
1.92889
1.93524
1.94256
1.94889
1.95631
1.96244
1.96947
1.97318
1.41606
1.39224
1.39378
1.40757
1.42944
1.45404
1.47727
1.49996
1.52279
1.54612
1.56977
1.59393
1.61807
1.64195
1.6644
1.68429
1.69434
1.69073
1.67501
1.63838
1.55991
1.4184
1.29289
1.25833
1.26535
1.28582
1.31867
1.35675
1.39176
1.42353
1.4533
1.48191
1.50974
1.5368
1.56326
1.58917
1.61466
1.6396
1.66403
1.6877
1.71063
1.7326
1.75361
1.77345
1.79219
1.81028
1.82763
1.84388
1.85858
1.87098
1.88041
1.88665
1.88827
1.88715
1.88
1.86454
1.84381
1.81995
1.79735
1.78055
1.77113
1.77251
1.7783
1.78839
1.80383
1.82045
1.83504
1.84734
1.85698
1.86362
1.86709
1.86791
1.86771
1.867
1.86558
1.86475
1.86486
1.8656
1.86736
1.87053
1.87567
1.88048
1.88684
1.89216
1.8988
1.90429
1.91098
1.91662
1.92334
1.92912
1.93591
1.94186
1.94879
1.95488
1.9619
1.96799
1.97509
1.98096
1.98772
1.99131
1.50988
1.43266
1.41972
1.42444
1.44058
1.46328
1.48628
1.50828
1.53013
1.55207
1.57453
1.59708
1.61947
1.6409
1.65989
1.66996
1.66666
1.65089
1.61499
1.53824
1.40151
1.26888
1.22964
1.23569
1.25654
1.29057
1.33004
1.36607
1.39863
1.42903
1.45826
1.48672
1.51454
1.54191
1.5688
1.59532
1.62135
1.64696
1.67192
1.6963
1.71985
1.74278
1.76485
1.78634
1.80682
1.82638
1.84477
1.8627
1.87968
1.89558
1.90999
1.92241
1.93204
1.93898
1.94087
1.94042
1.93496
1.92208
1.90219
1.87845
1.85513
1.83455
1.82143
1.81807
1.82348
1.83191
1.84525
1.85943
1.87231
1.88319
1.8916
1.89715
1.89991
1.90035
1.89994
1.89907
1.89804
1.89741
1.89745
1.8984
1.90074
1.90427
1.9097
1.91465
1.92102
1.92629
1.93268
1.93802
1.94443
1.94993
1.95638
1.96203
1.96854
1.97433
1.98099
1.98679
1.99359
1.99915
2.00563
2.009
1.69081
1.49242
1.45283
1.44782
1.45502
1.47228
1.49479
1.51663
1.53781
1.55876
1.57974
1.60079
1.62085
1.63879
1.64839
1.64487
1.62867
1.59265
1.51617
1.37995
1.24691
1.20514
1.2103
1.23064
1.26487
1.30504
1.34158
1.37444
1.40505
1.43458
1.46344
1.49186
1.51991
1.54757
1.57489
1.60183
1.62833
1.65433
1.67968
1.70439
1.72845
1.75195
1.77485
1.79718
1.81879
1.83961
1.85946
1.87832
1.89638
1.91404
1.93088
1.9467
1.96101
1.97336
1.98304
1.99021
1.99229
1.99221
1.98814
1.97722
1.95845
1.93515
1.91039
1.88619
1.86889
1.86214
1.86656
1.87339
1.88448
1.89668
1.90788
1.91746
1.92438
1.92869
1.9309
1.93116
1.93067
1.92962
1.92909
1.9283
1.92872
1.93019
1.93345
1.93739
1.94293
1.94773
1.95382
1.9589
1.96502
1.97026
1.97639
1.98177
1.98796
1.99342
1.99978
2.00526
2.01181
2.01708
2.02331
2.02647
1.98344
1.60354
1.49071
1.47087
1.47149
1.48273
1.50208
1.52464
1.54597
1.56624
1.58596
1.60454
1.62109
1.62961
1.62537
1.60835
1.57145
1.49393
1.35632
1.22479
1.18165
1.18638
1.20616
1.24035
1.28097
1.31779
1.35073
1.38143
1.41111
1.4403
1.46915
1.49773
1.526
1.55399
1.58162
1.60884
1.63555
1.66168
1.68723
1.71222
1.73669
1.76062
1.78405
1.80687
1.82913
1.8507
1.87168
1.89182
1.91121
1.92963
1.94758
1.96487
1.98129
1.99663
2.01051
2.02259
2.03235
2.03953
2.04194
2.04223
2.03911
2.02993
2.01236
1.98947
1.96312
1.93487
1.91432
1.90461
1.90781
1.91296
1.9214
1.93268
1.942
1.94967
1.9553
1.95884
1.96056
1.96067
1.96003
1.9594
1.95852
1.95835
1.95939
1.96162
1.96552
1.96937
1.97469
1.97933
1.98507
1.99004
1.99589
2.001
2.00695
2.0121
2.01817
2.02329
2.02951
2.03447
2.04041
2.04338
2.36514
1.83355
1.57759
1.50916
1.49586
1.49871
1.51211
1.53219
1.5536
1.57331
1.59121
1.60671
1.61382
1.60843
1.59014
1.55151
1.47147
1.33005
1.2
1.15753
1.16328
1.18282
1.21737
1.25807
1.29503
1.32793
1.3586
1.38833
1.41776
1.447
1.47607
1.50487
1.53339
1.56151
1.58925
1.61647
1.6432
1.66939
1.6951
1.7203
1.74503
1.76925
1.79301
1.81621
1.83892
1.86105
1.88261
1.90351
1.9237
1.94309
1.96159
1.97941
1.9968
2.01355
2.0295
2.04448
2.05805
2.06996
2.07994
2.08708
2.09019
2.09064
2.08834
2.08041
2.06394
2.04105
2.01261
1.98108
1.95699
1.94538
1.94555
1.94971
1.95655
1.96617
1.97351
1.9796
1.98443
1.98737
1.98851
1.9885
1.98796
1.98722
1.98695
1.98771
1.98962
1.9922
1.99614
1.99992
2.00503
2.00959
2.01514
2.01994
2.02569
2.03052
2.03635
2.0411
2.04702
2.05153
2.05712
2.05979
2.6533
2.23317
1.75504
1.5662
1.52708
1.52027
1.5259
1.5408
1.56028
1.57864
1.59388
1.60038
1.59367
1.57385
1.53271
1.44889
1.30288
1.17382
1.1335
1.14126
1.1615
1.19633
1.2368
1.2736
1.30655
1.33707
1.36672
1.3961
1.4255
1.45482
1.48397
1.51286
1.5414
1.56957
1.59728
1.62453
1.6513
1.67762
1.70344
1.72884
1.75373
1.77817
1.80209
1.82553
1.84842
1.87078
1.89254
1.91376
1.93433
1.95432
1.97362
1.99223
2.01013
2.0276
2.04462
2.06099
2.07655
2.09109
2.10439
2.11603
2.12608
2.13308
2.13656
2.13705
2.13529
2.12802
2.11215
2.08858
2.05779
2.02438
1.99625
1.98296
1.98087
1.98444
1.98969
1.99686
2.00278
2.00827
2.01239
2.01455
2.01541
2.0154
2.01511
2.01475
2.01533
2.01653
2.01874
2.02141
2.0254
2.0291
2.0341
2.03839
2.04378
2.04825
2.05382
2.05818
2.06374
2.06776
2.07272
2.0749
2.80165
2.54523
2.0508
1.68117
1.56524
1.54297
1.5416
1.54941
1.56412
1.58094
1.58817
1.58044
1.55845
1.51358
1.42458
1.27308
1.14592
1.11084
1.12121
1.14424
1.17985
1.21859
1.25431
1.28637
1.31659
1.34594
1.37532
1.40477
1.43432
1.46379
1.49303
1.52197
1.5505
1.5786
1.60624
1.63345
1.66019
1.6865
1.71235
1.73774
1.76267
1.7871
1.81103
1.83447
1.8574
1.87985
1.90175
1.92317
1.94401
1.96435
1.9841
2.00326
2.02182
2.03967
2.05704
2.07404
2.09048
2.10628
2.12122
2.13526
2.1481
2.15947
2.16931
2.17607
2.17975
2.18023
2.17872
2.17167
2.15625
2.13225
2.09912
2.06354
2.0333
2.0182
2.01421
2.01675
2.02029
2.02497
2.0306
2.03525
2.03829
2.04006
2.04099
2.0412
2.04123
2.04153
2.04233
2.04384
2.0463
2.04906
2.05304
2.05656
2.06134
2.0652
2.07035
2.07416
2.07914
2.08239
2.08601
2.0873
2.89282
2.75386
2.42385
1.92418
1.65588
1.57906
1.56337
1.56205
1.56827
1.57456
1.5685
1.54373
1.49265
1.39409
1.2406
1.11972
1.08951
1.10137
1.12798
1.16528
1.20309
1.23705
1.26817
1.29751
1.32661
1.35566
1.38514
1.41473
1.44445
1.47399
1.50328
1.53216
1.56062
1.58862
1.61618
1.64329
1.66996
1.69615
1.72188
1.74712
1.77187
1.79613
1.81992
1.84323
1.8661
1.88848
1.91042
1.93186
1.95285
1.9733
1.9933
2.01272
2.03166
2.04999
2.06773
2.08493
2.10176
2.11808
2.13379
2.14879
2.16308
2.17649
2.18879
2.19982
2.2095
2.21607
2.22011
2.22057
2.2191
2.21203
2.19662
2.17188
2.13752
2.09876
2.06704
2.051
2.04496
2.04574
2.04778
2.0511
2.05597
2.05924
2.06179
2.06358
2.06463
2.06503
2.06538
2.06603
2.06725
2.06897
2.07165
2.0743
2.07808
2.0812
2.08541
2.08847
2.09192
2.09398
2.09539
2.09627
2.94709
2.86833
2.69782
2.31614
1.8498
1.64556
1.59359
1.57898
1.57128
1.55937
1.52978
1.4669
1.35451
1.20151
1.09589
1.07262
1.08506
1.11417
1.15378
1.19071
1.22306
1.25219
1.28044
1.30863
1.33758
1.36691
1.39675
1.42654
1.45629
1.48566
1.51469
1.54328
1.57146
1.59922
1.62654
1.65341
1.67979
1.70568
1.73108
1.75598
1.78043
1.80441
1.82797
1.85108
1.87375
1.896
1.91777
1.93913
1.96002
1.98045
2.00043
2.01992
2.03894
2.05747
2.07545
2.09291
2.10981
2.12636
2.14244
2.15798
2.17298
2.18742
2.20113
2.21419
2.22616
2.23691
2.24649
2.25295
2.25687
2.25724
2.25566
2.24832
2.23262
2.20591
2.17011
2.13026
2.09717
2.07876
2.07214
2.07052
2.07214
2.07438
2.07752
2.08026
2.08305
2.0847
2.08585
2.08646
2.08727
2.0882
2.08973
2.09139
2.09379
2.0959
2.09822
2.0999
2.10064
2.10101
2.10054
2.10017
2.97013
2.933
2.83515
2.62101
2.18681
1.78682
1.63588
1.59407
1.56704
1.52385
1.44161
1.30461
1.15563
1.07241
1.05905
1.07191
1.10325
1.14483
1.18118
1.21159
1.23902
1.2656
1.293
1.32115
1.35021
1.37953
1.40921
1.43868
1.46808
1.49708
1.5258
1.55408
1.58194
1.60933
1.63622
1.66259
1.68847
1.71383
1.73871
1.76315
1.78717
1.8108
1.83403
1.85688
1.87932
1.90139
1.92302
1.94424
1.96504
1.98539
2.00532
2.02477
2.04378
2.06231
2.08033
2.0979
2.11491
2.13148
2.14772
2.16345
2.17883
2.1937
2.20809
2.22203
2.23523
2.24781
2.25951
2.26975
2.2791
2.28544
2.2887
2.28891
2.28707
2.27935
2.26222
2.23444
2.19572
2.15536
2.12231
2.10185
2.0946
2.09154
2.09252
2.09379
2.09584
2.09885
2.10172
2.10305
2.10451
2.10534
2.10625
2.10679
2.10737
2.10756
2.10719
2.10601
2.10459
2.10144
2.09688
2.09365
2.98467
2.96414
2.91267
2.79754
2.52576
2.06074
1.73358
1.61299
1.5431
1.42799
1.25186
1.09506
1.03185
1.03326
1.05216
1.0904
1.13502
1.17075
1.19969
1.22505
1.2503
1.27652
1.30433
1.33295
1.36235
1.3917
1.42115
1.45016
1.47903
1.5074
1.53551
1.56312
1.59036
1.6171
1.64338
1.66916
1.69446
1.7193
1.74373
1.76775
1.79137
1.8146
1.83746
1.85993
1.88201
1.90371
1.92501
1.94593
1.96646
1.98657
2.00629
2.02556
2.04441
2.06281
2.08075
2.09827
2.11532
2.13193
2.14818
2.16402
2.17955
2.19465
2.20937
2.22374
2.23755
2.25097
2.26375
2.27577
2.2872
2.29695
2.30595
2.31223
2.31464
2.31468
2.31237
2.3043
2.28522
2.25516
2.21547
2.17474
2.14054
2.11975
2.11213
2.10837
2.10852
2.10959
2.11133
2.1142
2.11624
2.11756
2.11815
2.11739
2.11589
2.11298
2.10996
2.10493
2.0989
2.08846
2.07481
2.06538
2.99172
2.98099
2.95391
2.89213
2.74411
2.42319
1.93914
1.65685
1.46943
1.21073
1.02682
0.976963
0.991403
1.02284
1.06772
1.11028
1.14578
1.17458
1.20004
1.22511
1.25161
1.27922
1.30801
1.33712
1.36664
1.39587
1.42509
1.45378
1.48231
1.51027
1.53798
1.56513
1.59191
1.61814
1.64391
1.66915
1.69395
1.71827
1.7422
1.76572
1.7889
1.81172
1.8342
1.85634
1.87812
1.89955
1.92062
1.94132
1.96165
1.98155
2.00106
2.02012
2.03875
2.05695
2.0747
2.09207
2.10902
2.12562
2.14188
2.15782
2.17347
2.18883
2.2038
2.21857
2.23281
2.2468
2.26028
2.27323
2.2857
2.29727
2.30832
2.31765
2.32581
2.3319
2.33341
2.33282
2.32993
2.32081
2.30012
2.26768
2.22619
2.1864
2.1522
2.13138
2.12322
2.1195
2.11883
2.12002
2.12089
2.1214
2.12055
2.11859
2.11506
2.10906
2.10127
2.08809
2.07308
2.049
2.01959
2.00182
2.99562
2.98849
2.97481
2.93625
2.85495
2.65319
2.25403
1.72283
1.23992
0.911464
0.860509
0.898027
0.95492
1.01539
1.06204
1.09901
1.13009
1.15788
1.1853
1.21302
1.24165
1.27048
1.29961
1.32869
1.35813
1.38727
1.41645
1.44498
1.47332
1.50091
1.52822
1.55482
1.58105
1.6066
1.63172
1.65626
1.68043
1.70416
1.72761
1.75075
1.77364
1.79626
1.81862
1.84069
1.86245
1.88388
1.90494
1.9256
1.94584
1.96561
1.98491
2.00375
2.02212
2.0401
2.05766
2.07493
2.09189
2.10858
2.12507
2.14128
2.15728
2.17301
2.18841
2.20357
2.21832
2.23272
2.24676
2.26022
2.27342
2.28585
2.29783
2.30897
2.3194
2.32847
2.33565
2.3411
2.34224
2.34128
2.33737
2.32651
2.30373
2.26976
2.2274
2.18779
2.1546
2.13433
2.1254
2.12106
2.11883
2.11654
2.11299
2.10672
2.09809
2.08334
2.06649
2.03852
2.01016
1.96898
1.92404
1.90224
2.99655
2.99221
2.97967
2.95407
2.88245
2.72389
2.35057
1.68453
0.89611
0.558693
0.616013
0.701166
0.796654
0.867433
0.921684
0.966706
1.00777
1.04696
1.08515
1.12206
1.15818
1.19371
1.22933
1.26406
1.29814
1.33105
1.36314
1.39388
1.42388
1.45266
1.48089
1.5081
1.53487
1.5608
1.5864
1.61136
1.63611
1.66045
1.68463
1.70853
1.73225
1.75572
1.77891
1.8018
1.82431
1.84642
1.86804
1.88914
1.90971
1.92972
1.94922
1.96824
1.98685
2.00513
2.02313
2.04091
2.05852
2.07591
2.09313
2.11009
2.12678
2.1432
2.15921
2.1749
2.19018
2.20499
2.21948
2.23336
2.24695
2.25997
2.27245
2.28457
2.2959
2.30662
2.31647
2.3254
2.33195
2.33655
2.33751
2.33696
2.33209
2.31952
2.29367
2.2592
2.21617
2.17493
2.14146
2.11997
2.10646
2.09434
2.08343
2.06603
2.04739
2.01792
1.98597
1.94521
1.90129
1.86354
1.82968
1.81838
2.99693
2.99337
2.9817
2.95881
2.89209
2.74033
2.36684
1.63417
0.694768
0.290897
0.391554
0.503177
0.584259
0.649747
0.708791
0.764268
0.817286
0.867726
0.915976
0.961765
1.00562
1.04754
1.08802
1.12731
1.16569
1.20248
1.23809
1.27214
1.30527
1.33705
1.3682
1.39821
1.42787
1.4566
1.48515
1.51297
1.54065
1.56771
1.59458
1.62091
1.64696
1.67253
1.69773
1.7225
1.74683
1.77072
1.79416
1.81713
1.8397
1.8618
1.88355
1.90486
1.92583
1.94638
1.96656
1.98628
2.00559
2.02441
2.04275
2.06063
2.07797
2.09492
2.11131
2.12736
2.14291
2.15811
2.17287
2.18731
2.20128
2.21502
2.22822
2.24116
2.25374
2.26561
2.27742
2.28826
2.29832
2.30723
2.31445
2.31768
2.31905
2.31824
2.31183
2.29452
2.26814
2.2247
2.1794
2.12939
2.0881
2.04783
2.01587
1.97977
1.9425
1.90302
1.86391
1.8326
1.80933
1.796
1.79008
1.78968
2.99727
2.99307
2.98354
2.95748
2.89767
2.73986
2.36898
1.6097
0.626124
0.199369
0.321636
0.397383
0.444447
0.491845
0.544043
0.597809
0.651761
0.704845
0.756751
0.80673
0.85495
0.901058
0.945479
0.987889
1.02866
1.06775
1.10566
1.14211
1.17767
1.21196
1.24562
1.27819
1.31037
1.34161
1.37259
1.40274
1.43267
1.46183
1.49073
1.5189
1.54675
1.57394
1.60073
1.62693
1.65271
1.67795
1.70276
1.72709
1.75099
1.77445
1.79747
1.8201
1.84226
1.86406
1.88536
1.9063
1.92676
1.94681
1.96641
1.98556
2.00427
2.02254
2.04037
2.05775
2.07475
2.09129
2.10748
2.12325
2.13862
2.15365
2.16824
2.18242
2.19622
2.20945
2.22225
2.23435
2.24588
2.25629
2.26543
2.27304
2.27616
2.2775
2.27701
2.27153
2.25669
2.22766
2.1815
2.12131
2.05102
1.97381
1.90261
1.84276
1.79506
1.76172
1.7443
1.74042
1.74268
1.74667
1.75296
1.7566
)
;

boundaryField
{
    inlet
    {
        type            calculated;
        value           uniform 3.00001;
    }
    outlet
    {
        type            calculated;
        value           nonuniform List<scalar> 
40
(
1.16336
1.30899
1.41213
1.49285
1.55434
1.59955
1.6325
1.65905
1.68264
1.70435
1.72442
1.74397
1.76351
1.78308
1.80281
1.82208
1.841
1.86021
1.87972
1.89877
1.91742
1.93645
1.95481
1.97318
1.99131
2.009
2.02647
2.04338
2.05979
2.0749
2.0873
2.09627
2.10017
2.09365
2.06538
2.00182
1.90224
1.81838
1.78968
1.7566
)
;
    }
    bottom
    {
        type            symmetryPlane;
    }
    top
    {
        type            symmetryPlane;
    }
    obstacle
    {
        type            calculated;
        value           uniform 0;
    }
    defaultFaces
    {
        type            empty;
    }
}


// ************************************************************************* //
