/*--------------------------------*- C++ -*----------------------------------*\
  =========                 |
  \\      /  F ield         | OpenFOAM: The Open Source CFD Toolbox
   \\    /   O peration     | Website:  https://openfoam.org
    \\  /    A nd           | Version:  10
     \\/     M anipulation  |
\*---------------------------------------------------------------------------*/
FoamFile
{
    format      ascii;
    class       volScalarField;
    location    "3";
    object      rho;
}
// * * * * * * * * * * * * * * * * * * * * * * * * * * * * * * * * * * * * * //

dimensions      [1 -3 0 0 0 0 0];

internalField   nonuniform List<scalar> 
5250
(
1.40001
1.40002
1.40007
1.40014
1.40041
1.40087
1.40246
1.40536
1.41456
1.43266
1.48233
1.58253
1.80779
2.29011
4.27051
5.90869
5.75159
5.63948
5.657
5.73364
5.82016
5.87006
5.89955
5.93482
5.96602
1.40001
1.40002
1.40006
1.40016
1.40036
1.40096
1.40219
1.40586
1.41314
1.43438
1.47788
1.58345
1.79934
2.27723
4.21709
5.91605
5.75309
5.63684
5.65483
5.73216
5.8188
5.86903
5.89928
5.9352
5.96712
1.40001
1.40002
1.40006
1.40014
1.40039
1.40082
1.40238
1.40498
1.41416
1.43048
1.4794
1.57346
1.79145
2.24548
4.09884
5.93284
5.75616
5.6284
5.64577
5.72255
5.80823
5.85821
5.8874
5.92294
5.95539
1.40001
1.40002
1.40005
1.40014
1.40034
1.40088
1.402
1.40539
1.41198
1.43171
1.47139
1.56982
1.77019
2.20383
3.91398
5.95947
5.76275
5.61455
5.63025
5.70274
5.78724
5.83437
5.86483
5.90186
5.93534
1.40001
1.40002
1.40005
1.40013
1.40033
1.40076
1.40203
1.40455
1.41223
1.4274
1.46971
1.55567
1.75021
2.14792
3.66922
5.99152
5.77397
5.59857
5.61048
5.67864
5.76129
5.80726
5.83258
5.86631
5.90282
1.40001
1.40002
1.40005
1.40012
1.4003
1.40073
1.40175
1.40449
1.41041
1.4266
1.46166
1.54552
1.72193
2.08892
3.37405
6.01018
5.78885
5.5814
5.58582
5.64536
5.72228
5.7677
5.79095
5.82024
5.85752
1.40001
1.40002
1.40005
1.4001
1.40029
1.40061
1.40171
1.40375
1.4101
1.42275
1.45807
1.52999
1.69705
2.03008
3.07951
5.97465
5.78657
5.56021
5.55808
5.60466
5.67343
5.71132
5.72766
5.75061
5.78958
1.40001
1.40002
1.40004
1.40011
1.40023
1.40062
1.40142
1.40365
1.40871
1.42154
1.4515
1.52113
1.67089
1.98197
2.87982
5.78997
5.71661
5.52331
5.51868
5.54709
5.61
5.63743
5.64168
5.65376
5.68757
1.40001
1.40001
1.40004
1.40008
1.40024
1.4005
1.40143
1.403
1.40854
1.41826
1.44889
1.50753
1.65109
1.93463
2.70271
5.48056
5.58407
5.49823
5.46904
5.47862
5.52096
5.5392
5.52468
5.50799
5.52079
1.40001
1.40001
1.40003
1.40008
1.4002
1.40048
1.40119
1.40293
1.40705
1.41764
1.44177
1.49975
1.62528
1.88978
2.53869
5.09068
5.5135
5.46253
5.40203
5.40362
5.41754
5.41057
5.37739
5.30137
5.25207
1.40001
1.40001
1.40003
1.40007
1.40018
1.40041
1.40107
1.4025
1.40635
1.41521
1.43739
1.48771
1.6017
1.83905
2.38546
4.62528
5.47234
5.43184
5.33188
5.31479
5.30288
5.26732
5.1716
4.94412
4.29074
1.40001
1.40001
1.40003
1.40006
1.40015
1.40037
1.40087
1.40228
1.40515
1.41371
1.43094
1.47764
1.57351
1.78648
2.23791
4.07889
5.45505
5.40687
5.27813
5.22502
5.18949
5.11619
4.95878
4.63407
3.92367
1.40001
1.40001
1.40002
1.40006
1.40012
1.40032
1.40072
1.40186
1.40443
1.41101
1.42655
1.464
1.54711
1.7284
2.09885
3.46945
5.44688
5.39403
5.24369
5.14472
5.08018
4.97077
4.76874
4.42144
3.8511
1.40001
1.40001
1.40002
1.40004
1.40011
1.40024
1.40062
1.40146
1.40362
1.40892
1.42132
1.45199
1.52035
1.67061
1.97463
2.84919
5.35864
5.3468
5.23714
5.0812
4.98154
4.84923
4.63588
4.30432
3.85166
1.40001
1.40001
1.40002
1.40004
1.40009
1.4002
1.40052
1.40113
1.40318
1.40668
1.41873
1.44044
1.50249
1.62329
1.89136
2.53546
4.96197
5.24798
5.1823
5.02356
4.89421
4.74697
4.54229
4.24061
3.86103
1.40001
1.40001
1.40001
1.40003
1.40007
1.40017
1.40038
1.40105
1.40219
1.40629
1.41322
1.43621
1.47904
1.58945
1.8063
2.29883
4.26937
5.13748
5.10292
4.9818
4.82653
4.66449
4.46939
4.20114
3.86983
1.40001
1.40001
1.40001
1.40002
1.40006
1.40012
1.40034
1.40071
1.40201
1.40423
1.41192
1.42563
1.4671
1.54671
1.73388
2.10119
3.52481
5.08783
5.06464
4.96319
4.77941
4.60309
4.41019
4.16918
3.87759
1.40001
1.40001
1.40001
1.40002
1.40004
1.4001
1.40025
1.40055
1.40151
1.40321
1.409
1.41919
1.45111
1.51146
1.65929
1.93577
2.7207
4.94734
5.04823
4.96386
4.76966
4.56765
4.36961
4.14522
3.88406
1.40001
1.40001
1.40001
1.40002
1.40004
1.40007
1.40019
1.40042
1.40115
1.40243
1.40689
1.41459
1.43946
1.48611
1.60471
1.83442
2.37822
4.44121
4.95892
4.90786
4.75884
4.54219
4.34184
4.12786
3.88986
1.40001
1.40001
1.40001
1.40001
1.40003
1.40006
1.40014
1.40033
1.40083
1.4019
1.40503
1.41121
1.42941
1.46605
1.55733
1.74162
2.12682
3.63637
4.86739
4.84534
4.7495
4.53632
4.32607
4.11961
3.89748
1.40001
1.40001
1.40001
1.40001
1.40002
1.40005
1.4001
1.40025
1.40059
1.40139
1.40358
1.40813
1.42106
1.44778
1.51497
1.65375
1.92668
2.70803
4.69798
4.82624
4.75224
4.56421
4.32922
4.12073
3.91131
1.40001
1.40001
1.40001
1.40001
1.40002
1.40004
1.40007
1.40019
1.4004
1.40108
1.4024
1.40626
1.41444
1.43611
1.483
1.59197
1.80986
2.30404
4.16138
4.74933
4.70936
4.58276
4.34892
4.13187
3.9298
1.40001
1.40001
1.40001
1.40001
1.40001
1.40003
1.40005
1.40013
1.40029
1.40076
1.40172
1.40442
1.41039
1.42562
1.46039
1.54041
1.70874
2.04206
3.29356
4.62615
4.63485
4.56906
4.38957
4.16118
3.95383
1.40001
1.40001
1.40001
1.40001
1.40001
1.40002
1.40004
1.40009
1.40022
1.40048
1.4013
1.40276
1.4077
1.41635
1.44352
1.49476
1.62167
1.84976
2.44565
4.31081
4.61454
4.56348
4.42406
4.20072
3.98529
1.40001
1.40001
1.40001
1.40001
1.40001
1.40002
1.40003
1.40006
1.40014
1.40034
1.40086
1.40196
1.40515
1.41143
1.42985
1.46652
1.558
1.73797
2.11127
3.55065
4.53041
4.51438
4.44521
4.26273
4.02981
1.40001
1.40001
1.40001
1.40001
1.40001
1.40001
1.40002
1.40005
1.40009
1.40025
1.40053
1.4014
1.40315
1.40806
1.41863
1.44591
1.50418
1.63599
1.87169
2.54034
4.29604
4.50891
4.45712
4.32797
4.09199
1.40001
1.40001
1.40001
1.40001
1.40001
1.40001
1.40002
1.40003
1.40007
1.40015
1.40037
1.40092
1.40209
1.40548
1.41206
1.43168
1.46984
1.56588
1.74951
2.1454
3.64553
4.4329
4.42058
4.35392
4.18576
1.40001
1.40001
1.40001
1.40001
1.40001
1.40001
1.40001
1.40002
1.40004
1.40011
1.40023
1.40063
1.4013
1.40363
1.40765
1.4209
1.44489
1.51182
1.63872
1.88677
2.6316
4.19934
4.40385
4.36253
4.25126
1.40001
1.40001
1.40001
1.40001
1.40001
1.40001
1.40001
1.40002
1.40003
1.40007
1.40015
1.4004
1.40084
1.40232
1.40499
1.4133
1.42935
1.47371
1.5604
1.74904
2.13388
3.5798
4.32081
4.32362
4.27093
1.40001
1.40001
1.40001
1.40001
1.40001
1.40001
1.40001
1.40001
1.40002
1.40004
1.4001
1.40023
1.4006
1.40129
1.40353
1.40743
1.42029
1.44344
1.5078
1.63011
1.86334
2.5554
4.06498
4.30384
4.27373
1.40001
1.40001
1.40001
1.40001
1.40001
1.40001
1.40001
1.40001
1.40001
1.40003
1.40006
1.40015
1.40036
1.40085
1.4021
1.40484
1.4124
1.42772
1.46906
1.55132
1.72716
2.08098
3.40581
4.20394
4.24018
1.40001
1.40001
1.40001
1.40001
1.40001
1.40001
1.40001
1.40001
1.40001
1.40002
1.40004
1.4001
1.40021
1.40056
1.40116
1.40321
1.40676
1.41826
1.43913
1.49777
1.60673
1.81461
2.35696
3.91037
4.21723
1.40001
1.40001
1.40001
1.40001
1.40001
1.40001
1.40001
1.40001
1.40001
1.40001
1.40003
1.40006
1.40014
1.40032
1.40076
1.40187
1.40431
1.41099
1.4246
1.46135
1.53478
1.69481
1.99888
3.14388
4.06827
1.40001
1.40001
1.40001
1.40001
1.40001
1.40001
1.40001
1.40001
1.40001
1.40001
1.40002
1.40004
1.40009
1.40018
1.40049
1.40102
1.4028
1.4059
1.41594
1.43409
1.48587
1.58222
1.77182
2.22892
3.67423
1.40001
1.40001
1.40001
1.40001
1.40001
1.40001
1.40001
1.40001
1.40001
1.40001
1.40001
1.40003
1.40005
1.40012
1.40027
1.40065
1.40158
1.40365
1.40924
1.42075
1.45164
1.51405
1.65182
1.89756
2.75429
1.40001
1.40001
1.40001
1.40001
1.40001
1.40001
1.40001
1.40001
1.40001
1.40001
1.40001
1.40002
1.40003
1.40007
1.40016
1.4004
1.40086
1.4023
1.40488
1.41321
1.42807
1.47138
1.55259
1.71948
2.07853
1.40001
1.40001
1.40001
1.40001
1.40001
1.40001
1.40001
1.40001
1.40001
1.40001
1.40001
1.40001
1.40002
1.40004
1.4001
1.40021
1.40055
1.40115
1.40314
1.40654
1.41771
1.43722
1.49363
1.59315
1.78423
1.40001
1.40001
1.40001
1.40001
1.40001
1.40001
1.40001
1.40001
1.40001
1.40001
1.40001
1.40001
1.40001
1.40003
1.40006
1.40012
1.40032
1.40066
1.4018
1.40375
1.41024
1.42143
1.45606
1.51783
1.66329
1.40001
1.40001
1.40001
1.40001
1.40001
1.40001
1.40001
1.40001
1.40001
1.40001
1.40001
1.40001
1.40001
1.40002
1.40003
1.40008
1.40016
1.40042
1.40088
1.40241
1.405
1.41356
1.42859
1.4727
1.55338
1.40001
1.40001
1.40001
1.40001
1.40001
1.40001
1.40001
1.40001
1.40001
1.40001
1.40001
1.40001
1.40001
1.40001
1.40002
1.40004
1.4001
1.40021
1.40055
1.40116
1.40312
1.40652
1.41744
1.43679
1.49152
1.40001
1.40001
1.40001
1.40001
1.40001
1.40001
1.40001
1.40001
1.40001
1.40001
1.40001
1.40001
1.40001
1.40001
1.40001
1.40003
1.40005
1.40013
1.40027
1.40071
1.40157
1.40393
1.40909
1.4217
1.45075
1.40001
1.40001
1.40001
1.40001
1.40001
1.40001
1.40001
1.40001
1.40001
1.40001
1.40001
1.40001
1.40001
1.40001
1.40001
1.40002
1.40003
1.40007
1.40015
1.40039
1.40086
1.40211
1.40495
1.41173
1.42783
1.40001
1.40001
1.40001
1.40001
1.40001
1.40001
1.40001
1.40001
1.40001
1.40001
1.40001
1.40001
1.40001
1.40001
1.40001
1.40001
1.40002
1.40004
1.40009
1.4002
1.40047
1.40113
1.40256
1.40647
1.41411
1.40001
1.40001
1.40001
1.40001
1.40001
1.40001
1.40001
1.40001
1.40001
1.40001
1.40001
1.40001
1.40001
1.40001
1.40001
1.40001
1.40001
1.40002
1.40005
1.40011
1.40025
1.40059
1.40144
1.4032
1.40821
1.40001
1.40001
1.40001
1.40001
1.40001
1.40001
1.40001
1.40001
1.40001
1.40001
1.40001
1.40001
1.40001
1.40001
1.40001
1.40001
1.40001
1.40002
1.40003
1.40006
1.40013
1.40034
1.4007
1.40187
1.40391
1.40001
1.40001
1.40001
1.40001
1.40001
1.40001
1.40001
1.40001
1.40001
1.40001
1.40001
1.40001
1.40001
1.40001
1.40001
1.40001
1.40001
1.40001
1.40002
1.40003
1.40008
1.40017
1.40042
1.40089
1.40237
1.40001
1.40001
1.40001
1.40001
1.40001
1.40001
1.40001
1.40001
1.40001
1.40001
1.40001
1.40001
1.40001
1.40001
1.40001
1.40001
1.40001
1.40001
1.40001
1.40002
1.40005
1.4001
1.40023
1.40055
1.40125
1.40001
1.40001
1.40001
1.40001
1.40001
1.40001
1.40001
1.40001
1.40001
1.40001
1.40001
1.40001
1.40001
1.40001
1.40001
1.40001
1.40001
1.40001
1.40001
1.40002
1.40003
1.40007
1.40015
1.4004
1.40086
1.40001
1.40001
1.40001
1.40001
1.40001
1.40001
1.40001
1.40001
1.40001
1.40001
1.40001
1.40001
1.40001
1.40001
1.40001
1.40001
1.40001
1.40001
1.40001
1.40001
1.40003
1.40006
1.40013
1.40031
1.40078
1.40001
1.40001
1.40001
1.40001
1.40001
1.40001
1.40001
1.40001
1.40001
1.40001
1.40001
1.40001
1.40001
1.40001
1.40001
1.40001
1.40001
1.40001
1.40001
1.40001
1.40003
1.40005
1.40013
1.40027
1.40077
1.89877
1.03962
0.722946
0.645207
0.645197
0.677605
0.765875
0.839467
0.863107
0.862495
0.859873
0.857854
0.857964
0.859069
0.862645
0.866705
0.868751
0.868645
0.86816
0.867782
0.867623
0.868001
0.869723
0.874268
0.884891
0.908646
0.960824
1.07517
1.34758
1.65349
1.682
1.67555
1.61463
1.5965
1.60346
1.62217
1.64684
1.68461
1.73274
1.79355
1.8576
1.91436
1.96281
2.00106
2.03737
2.06239
2.07978
2.08916
2.09663
2.09824
2.09984
2.09368
2.09012
2.08072
2.075
2.06333
2.05535
2.04166
2.03174
2.01684
2.00563
1.99003
1.97792
1.96164
1.94881
1.93183
1.91818
1.90052
1.88604
1.86791
1.85294
1.83469
1.81951
1.80129
1.78595
1.76774
1.75226
1.734
1.71854
1.70023
1.68493
1.66662
1.65157
1.63326
1.61849
1.6002
1.58574
1.56746
1.55331
1.53509
1.52121
1.50327
1.48956
1.47214
1.45853
1.44209
1.42912
1.41424
1.4033
1.3951
2.34363
1.53916
1.17866
1.02772
0.964563
0.919225
0.909014
0.913123
0.923121
0.947444
0.972054
0.981912
0.981485
0.980617
0.977809
0.977782
0.978049
0.978907
0.980729
0.981889
0.981983
0.98241
0.983837
0.987429
0.996013
1.01561
1.05908
1.14559
1.36978
1.69482
1.73929
1.70571
1.64744
1.60871
1.59995
1.61131
1.63381
1.66824
1.72817
1.80983
1.90013
1.97338
2.04581
2.09925
2.15178
2.18538
2.21652
2.2321
2.249
2.25543
2.26546
2.26435
2.26448
2.25777
2.25473
2.24547
2.23921
2.22775
2.21901
2.20598
2.19534
2.18102
2.16881
2.15334
2.13988
2.12352
2.10913
2.09209
2.07706
2.05943
2.04398
2.02574
2.01008
1.99123
1.97556
1.95619
1.94065
1.92088
1.90551
1.88545
1.87029
1.85005
1.83509
1.81485
1.79997
1.78003
1.76507
1.74564
1.73055
1.71158
1.69653
1.67809
1.66318
1.64526
1.63055
1.61319
1.59908
1.58319
1.5709
1.562
2.86258
2.13354
1.66247
1.36084
1.16575
1.04457
0.967085
0.95696
0.960633
0.97119
0.997036
1.02244
1.03945
1.04789
1.04842
1.04809
1.04711
1.04704
1.04717
1.04751
1.04855
1.04919
1.05069
1.05393
1.06115
1.07721
1.11293
1.18406
1.35902
1.69244
1.83954
1.80973
1.76633
1.72959
1.70028
1.68799
1.70113
1.74048
1.8051
1.88513
1.96993
2.04714
2.11998
2.17634
2.22744
2.2636
2.29577
2.31528
2.33359
2.34239
2.3539
2.35665
2.35812
2.35287
2.3506
2.34251
2.33725
2.32661
2.31882
2.30605
2.29626
2.28164
2.27027
2.25402
2.24142
2.22379
2.21022
2.19146
2.17731
2.15778
2.14331
2.12327
2.10834
2.08788
2.07221
2.05155
2.03509
2.01453
1.99753
1.97724
1.96007
1.94003
1.92295
1.9031
1.88625
1.86646
1.84979
1.83019
1.81376
1.79439
1.77804
1.75897
1.7427
1.72425
1.70812
1.69049
1.67491
1.65888
1.64501
1.63578
3.1591
2.51839
2.02599
1.67349
1.43327
1.26869
1.16471
1.09872
1.05834
1.04697
1.04888
1.05457
1.06888
1.08656
1.09958
1.10662
1.10664
1.1061
1.10482
1.10264
1.10256
1.1027
1.10351
1.10555
1.11057
1.12188
1.14702
1.2012
1.29911
1.56653
1.93665
1.92089
1.89094
1.86799
1.84293
1.84304
1.8641
1.89668
1.94395
2.00533
2.07485
2.13709
2.20099
2.25793
2.30997
2.34741
2.38024
2.40112
2.42113
2.43041
2.44379
2.44876
2.45383
2.44732
2.44454
2.43563
2.4311
2.42029
2.41376
2.40066
2.3918
2.37636
2.36533
2.34819
2.33565
2.31772
2.3042
2.28581
2.27118
2.25211
2.23629
2.21654
2.19979
2.17957
2.16212
2.14156
2.12361
2.10289
2.08484
2.0641
2.04622
2.02539
2.00753
1.9865
1.96877
1.94771
1.92997
1.9089
1.89122
1.87051
1.8531
1.83279
1.81578
1.7958
1.77936
1.75967
1.74393
1.72517
1.71071
1.69783
3.33205
2.79079
2.32829
1.966
1.69487
1.49383
1.3455
1.23806
1.16146
1.11246
1.08399
1.08404
1.08597
1.09145
1.10435
1.11793
1.12733
1.13379
1.13528
1.13509
1.13454
1.13446
1.13468
1.1358
1.13889
1.14639
1.16343
1.20148
1.26807
1.46318
1.80854
1.99567
2.04168
2.02236
2.01817
2.04186
2.06902
2.09301
2.12358
2.1519
2.18812
2.22822
2.26979
2.31948
2.37169
2.41357
2.44766
2.46891
2.48778
2.4975
2.51043
2.51688
2.52525
2.52192
2.5189
2.50998
2.50478
2.49438
2.48711
2.47475
2.46537
2.45124
2.44017
2.42418
2.41118
2.3931
2.37832
2.35878
2.34301
2.32276
2.30645
2.28581
2.26902
2.24807
2.23062
2.20921
2.19094
2.16889
2.15004
2.12764
2.1087
2.0864
2.06804
2.04601
2.02793
2.00602
1.98821
1.96635
1.94866
1.92693
1.9093
1.88783
1.87029
1.84926
1.83195
1.81158
1.79477
1.77572
1.76007
1.74638
3.44477
2.99059
2.5736
2.22206
1.9389
1.71645
1.54316
1.41062
1.30973
1.23655
1.18309
1.14811
1.12796
1.12757
1.12898
1.13318
1.14307
1.15477
1.16378
1.17031
1.1714
1.17123
1.17048
1.17046
1.17123
1.17445
1.18332
1.2051
1.25362
1.34508
1.57257
2.00519
2.11238
2.17612
2.24047
2.28715
2.31206
2.32054
2.33006
2.31853
2.30087
2.31399
2.33329
2.36044
2.40823
2.45329
2.49309
2.52096
2.54446
2.55645
2.56796
2.57558
2.58675
2.59019
2.58913
2.58114
2.5751
2.56522
2.55779
2.54619
2.53602
2.52128
2.50829
2.4914
2.4771
2.45904
2.44376
2.42424
2.40756
2.38646
2.36861
2.34655
2.32819
2.3057
2.28704
2.26406
2.24505
2.22149
2.20231
2.17867
2.15968
2.13606
2.11709
2.09358
2.07454
2.05131
2.03231
2.00956
1.99067
1.96852
1.94983
1.92822
1.9098
1.88856
1.87052
1.84962
1.83211
1.81207
1.79568
1.77996
3.52249
3.13771
2.76643
2.43578
2.15438
1.92217
1.73294
1.58089
1.45876
1.36265
1.28658
1.231
1.1887
1.16343
1.15034
1.15056
1.15199
1.15564
1.16468
1.17326
1.17984
1.18392
1.18567
1.18618
1.18722
1.18963
1.1954
1.20885
1.23972
1.30578
1.44416
1.76496
2.15266
2.33261
2.49648
2.57718
2.57746
2.57497
2.54868
2.47108
2.41456
2.39065
2.39648
2.40725
2.43355
2.47411
2.51744
2.55409
2.58453
2.60279
2.61703
2.62417
2.63471
2.6402
2.64342
2.63675
2.63018
2.61867
2.60888
2.59518
2.58387
2.56842
2.55529
2.53738
2.52198
2.50183
2.48502
2.46397
2.44683
2.42535
2.40752
2.38488
2.36567
2.34173
2.32162
2.29719
2.27722
2.25339
2.23405
2.21047
2.19134
2.16772
2.1484
2.12461
2.10503
2.08124
2.06157
2.0381
2.01852
1.99557
1.9762
1.95384
1.93477
1.91296
1.89428
1.87302
1.85484
1.83454
1.81753
1.80095
3.57973
3.24878
2.91915
2.61308
2.34157
2.10815
1.911
1.74668
1.6105
1.49893
1.40766
1.33499
1.27749
1.23482
1.20283
1.18421
1.17414
1.17435
1.17565
1.17892
1.18698
1.19498
1.20157
1.20629
1.20737
1.20887
1.21222
1.22016
1.23879
1.28119
1.37021
1.56103
2.00828
2.42088
2.80585
2.88885
2.875
2.83235
2.72601
2.61441
2.53035
2.47844
2.4536
2.45355
2.47004
2.49127
2.52188
2.56417
2.60359
2.63162
2.65324
2.6624
2.67147
2.67562
2.68068
2.67522
2.66915
2.65798
2.64894
2.6346
2.6222
2.60461
2.58983
2.57057
2.555
2.53505
2.51884
2.49768
2.48005
2.45719
2.43804
2.4141
2.39434
2.37017
2.35044
2.32644
2.30675
2.28247
2.26251
2.238
2.21775
2.19324
2.17281
2.14841
2.12792
2.10378
2.0834
2.05973
2.03958
2.01648
1.99661
1.97407
1.95452
1.93244
1.91328
1.89163
1.87297
1.85205
1.83464
1.8168
3.62103
3.33198
3.03871
2.75846
2.50118
2.2729
2.07377
1.9032
1.75765
1.63511
1.53168
1.44581
1.37445
1.31671
1.27078
1.23607
1.21057
1.19623
1.18931
1.18952
1.19064
1.19334
1.19991
1.20534
1.21037
1.21444
1.21776
1.22443
1.23847
1.26886
1.33411
1.47276
1.74976
2.38395
3.11629
3.17154
3.1361
3.03698
2.87288
2.7454
2.64743
2.57772
2.53339
2.51252
2.5154
2.52862
2.54549
2.56906
2.6052
2.63848
2.66651
2.68446
2.69671
2.70056
2.70574
2.70318
2.69693
2.68371
2.67367
2.65882
2.64767
2.63127
2.61822
2.5994
2.58386
2.56271
2.5453
2.52276
2.50434
2.48101
2.46182
2.43775
2.41779
2.39326
2.37293
2.34823
2.32762
2.30286
2.28211
2.25745
2.23667
2.21216
2.19136
2.16699
2.14618
2.12202
2.10134
2.07757
2.05717
2.03394
2.0139
1.99122
1.97151
1.94932
1.92992
1.90814
1.88919
1.86804
1.85037
1.83186
3.65539
3.39715
3.13384
2.8774
2.63653
2.41687
2.22046
2.04782
1.89722
1.76726
1.65526
1.55969
1.47817
1.40962
1.35236
1.30558
1.26886
1.2407
1.21989
1.20829
1.20272
1.20291
1.20395
1.20645
1.21267
1.21907
1.2259
1.23231
1.24514
1.27162
1.32783
1.44655
1.6544
2.27113
3.36772
3.39727
3.34742
3.21558
3.04522
2.90374
2.79058
2.70372
2.64532
2.60449
2.58397
2.5795
2.58042
2.59112
2.60535
2.62741
2.65472
2.68004
2.69841
2.70743
2.71287
2.71394
2.71453
2.70446
2.69488
2.67866
2.66548
2.64692
2.6324
2.61272
2.59715
2.5763
2.5595
2.53751
2.51941
2.4963
2.47693
2.45295
2.43293
2.40865
2.38829
2.36374
2.34308
2.31836
2.29746
2.27282
2.25183
2.22744
2.20652
2.18238
2.16162
2.13767
2.11709
2.09343
2.07305
2.04978
2.02962
2.00678
1.98689
1.96443
1.94487
1.92284
1.90375
1.88236
1.86455
1.84552
3.68732
3.45214
3.21215
2.97625
2.75098
2.54203
2.35095
2.17987
2.02734
1.89334
1.7755
1.67301
1.58365
1.50659
1.44015
1.38367
1.3362
1.29707
1.26631
1.24259
1.22557
1.21562
1.21216
1.21243
1.21375
1.21686
1.22397
1.23399
1.2485
1.27737
1.3353
1.45578
1.67337
2.22854
3.36277
3.60786
3.58717
3.48773
3.30453
3.12846
2.98175
2.86136
2.76907
2.70322
2.656
2.6273
2.61276
2.60781
2.61017
2.61858
2.63087
2.65509
2.67598
2.69365
2.70483
2.70702
2.70964
2.70705
2.70155
2.68652
2.67371
2.65578
2.64223
2.62349
2.60854
2.58812
2.57152
2.54972
2.53172
2.50867
2.48943
2.4658
2.44582
2.42183
2.40134
2.37709
2.35628
2.33191
2.31093
2.28652
2.26543
2.24108
2.21998
2.19584
2.17484
2.15101
2.13018
2.10663
2.08608
2.06276
2.04253
2.01947
1.99954
1.97683
1.95721
1.93494
1.9158
1.89415
1.87632
1.85678
3.71947
3.50156
3.2799
3.06122
2.84984
2.65118
2.46694
2.29879
2.14698
2.01069
1.88961
1.78189
1.68706
1.6032
1.52998
1.46571
1.41041
1.36261
1.32292
1.28949
1.26407
1.24378
1.23025
1.22284
1.22306
1.22466
1.22918
1.23881
1.25852
1.29568
1.36963
1.50943
1.81959
2.28545
3.01973
3.54918
3.62324
3.59794
3.49514
3.32534
3.16006
3.01531
2.897
2.80673
2.73778
2.68649
2.65085
2.63112
2.61985
2.61482
2.62056
2.62798
2.64301
2.66323
2.68022
2.6919
2.69677
2.69796
2.69848
2.69176
2.68144
2.66462
2.65081
2.63162
2.61648
2.59652
2.5804
2.55925
2.54149
2.51903
2.50012
2.47685
2.45704
2.43312
2.41266
2.38845
2.36766
2.3435
2.32255
2.29839
2.27729
2.25303
2.23196
2.2077
2.18681
2.16271
2.14192
2.11812
2.09735
2.07396
2.05334
2.03035
2.01019
1.9875
1.96796
1.94561
1.92668
1.90486
1.88717
1.86718
3.75197
3.54851
3.34203
3.13796
2.93931
2.74978
2.57257
2.40814
2.25792
2.1212
1.99778
1.88696
1.78744
1.69893
1.61969
1.54987
1.48762
1.43353
1.38591
1.3454
1.31117
1.28256
1.26189
1.24318
1.24063
1.24152
1.24576
1.25729
1.28254
1.3344
1.43297
1.65959
2.05669
2.36604
2.66844
3.09171
3.45947
3.55733
3.54719
3.47529
3.332
3.18659
3.04401
2.92982
2.84
2.76672
2.71075
2.66999
2.6426
2.62792
2.61755
2.61546
2.6221
2.63048
2.64717
2.66186
2.67489
2.68186
2.68465
2.68421
2.6819
2.66971
2.65759
2.63857
2.62339
2.6034
2.58738
2.56649
2.54933
2.52768
2.50941
2.48674
2.46728
2.4437
2.42345
2.39939
2.3787
2.35449
2.33358
2.30936
2.28834
2.26409
2.24301
2.21875
2.19776
2.17363
2.15281
2.12895
2.10835
2.08488
2.0646
2.04155
2.02163
1.99898
1.97939
1.95709
1.93797
1.91599
1.89818
1.87755
3.78684
3.59383
3.40081
3.20779
3.02048
2.83956
2.66831
2.50848
2.35987
2.22395
2.09915
1.98634
1.88354
1.79144
1.70761
1.63334
1.5657
1.50652
1.45285
1.40659
1.36566
1.33045
1.30299
1.27662
1.26999
1.27109
1.27687
1.29307
1.32992
1.4036
1.55879
1.92737
2.23825
2.40128
2.53217
2.71945
3.00866
3.31038
3.46136
3.46138
3.42825
3.33017
3.20583
3.08011
2.96718
2.87333
2.79597
2.73392
2.68687
2.65355
2.63346
2.61769
2.60957
2.61275
2.61779
2.62608
2.64138
2.65353
2.66336
2.66538
2.66666
2.66431
2.6593
2.64302
2.6291
2.60928
2.59314
2.5725
2.55583
2.53486
2.51715
2.49503
2.47602
2.45284
2.43294
2.40906
2.38858
2.36432
2.34351
2.31919
2.29832
2.27407
2.25333
2.2292
2.20862
2.18472
2.16421
2.14057
2.12008
2.09663
2.07627
2.053
2.03289
2.00985
1.99008
1.9674
1.94815
1.92607
1.90822
1.88764
3.83032
3.64292
3.45881
3.27667
3.09612
2.9239
2.75758
2.6017
2.45551
2.32018
2.19495
2.08088
1.97525
1.88088
1.79299
1.7155
1.64326
1.58007
1.5216
1.47046
1.42466
1.3836
1.35179
1.31836
1.31469
1.31631
1.32532
1.35121
1.40675
1.52664
1.82672
2.15788
2.3421
2.42728
2.48011
2.55368
2.66991
2.86136
3.12263
3.32631
3.38194
3.374
3.32796
3.22587
3.1199
3.00641
2.90779
2.82623
2.7575
2.70322
2.66328
2.63542
2.61744
2.60271
2.59648
2.60149
2.60637
2.61638
2.6284
2.63904
2.64524
2.6461
2.6459
2.64082
2.63111
2.61315
2.59717
2.57628
2.55923
2.5381
2.52067
2.49917
2.48106
2.45859
2.43944
2.416
2.39601
2.37213
2.35174
2.32775
2.30726
2.28324
2.26275
2.23875
2.21822
2.19433
2.17377
2.15005
2.12954
2.10599
2.08563
2.06236
2.04232
2.0195
1.9999
1.97754
1.9584
1.93645
1.91861
1.8977
3.88582
3.69777
3.51735
3.3417
3.16975
3.00106
2.84193
2.68849
2.54487
2.41132
2.2853
2.17143
2.06366
1.96725
1.87696
1.79587
1.72119
1.65331
1.59229
1.5361
1.48695
1.44186
1.40502
1.37362
1.37316
1.37769
1.39517
1.43909
1.53259
1.76741
2.11645
2.32686
2.41472
2.45013
2.4675
2.48742
2.52472
2.59682
2.71911
2.9249
3.14795
3.29622
3.30557
3.2952
3.2454
3.14056
3.04632
2.94393
2.85566
2.7822
2.7203
2.67236
2.63782
2.61394
2.5951
2.5841
2.58226
2.58585
2.59125
2.60224
2.61173
2.6202
2.62177
2.62184
2.62025
2.61242
2.59865
2.57841
2.56125
2.54007
2.52268
2.50139
2.48372
2.46187
2.44342
2.42082
2.40148
2.37835
2.35839
2.33486
2.31451
2.29069
2.27013
2.24623
2.22565
2.20181
2.18126
2.15765
2.13721
2.11396
2.0937
2.07073
2.05071
2.02799
2.00834
1.986
1.96695
1.94503
1.92739
1.9063
3.95325
3.75889
3.57875
3.40625
3.23883
3.077
2.91869
2.77243
2.62802
2.49777
2.37159
2.25692
2.14956
2.04992
1.95961
1.87414
1.79862
1.72636
1.66328
1.60325
1.551
1.50424
1.4617
1.44556
1.44664
1.45788
1.49166
1.56712
1.74611
2.10944
2.34674
2.44219
2.46653
2.47461
2.47324
2.45996
2.4652
2.48419
2.52715
2.61128
2.75046
2.9555
3.13231
3.23392
3.23572
3.21801
3.1594
3.06462
2.97812
2.88697
2.80592
2.73898
2.6838
2.64112
2.61084
2.58918
2.57092
2.56176
2.56396
2.56667
2.57233
2.58261
2.59133
2.59608
2.59655
2.59519
2.59149
2.57828
2.56373
2.54316
2.52556
2.50404
2.48625
2.46461
2.4464
2.42437
2.4054
2.38282
2.36312
2.34011
2.32005
2.29675
2.27652
2.25301
2.23271
2.20921
2.18878
2.16539
2.14482
2.12163
2.10126
2.07844
2.05851
2.03604
2.01646
1.99422
1.97511
1.95297
1.93534
1.91372
4.02616
3.81922
3.64096
3.46992
3.30629
3.14905
2.99433
2.84891
2.71049
2.57758
2.45618
2.33831
2.23262
2.13087
2.03908
1.95291
1.87333
1.80108
1.73313
1.67279
1.61689
1.56913
1.53216
1.53111
1.53736
1.56362
1.62449
1.76222
2.12665
2.3923
2.50258
2.51914
2.52577
2.51938
2.48705
2.45947
2.44317
2.44307
2.45086
2.47578
2.52794
2.61683
2.75598
2.93633
3.08221
3.15816
3.15889
3.14019
3.08278
2.99544
2.9162
2.8353
2.76032
2.69856
2.64801
2.60881
2.58085
2.56054
2.54576
2.53973
2.54283
2.54613
2.553
2.56105
2.56848
2.56934
2.56916
2.56635
2.56016
2.54236
2.52614
2.50505
2.48722
2.46565
2.44759
2.42597
2.40752
2.38556
2.36652
2.34409
2.32461
2.30179
2.28195
2.25881
2.23866
2.21552
2.19537
2.17247
2.15246
2.12958
2.10956
2.08662
2.06666
2.04388
2.02422
2.00174
1.98266
1.96049
1.94295
1.92134
4.12863
3.90091
3.70474
3.53665
3.37135
3.21857
3.06801
2.92374
2.78699
2.65734
2.53374
2.41975
2.31005
2.21102
2.11532
2.02973
1.94759
1.87353
1.80444
1.74094
1.68722
1.63489
1.62784
1.62993
1.64872
1.70361
1.82344
2.1489
2.45328
2.58558
2.60104
2.60735
2.59568
2.54802
2.50502
2.47307
2.45016
2.43405
2.42337
2.42681
2.4358
2.46196
2.51702
2.60452
2.73237
2.8889
3.01315
3.07769
3.07773
3.06062
3.01061
2.93025
2.85706
2.78503
2.71469
2.6574
2.61091
2.57615
2.55157
2.53218
2.52016
2.5175
2.51908
2.52251
2.52973
2.53571
2.53956
2.53953
2.53814
2.53293
2.52287
2.50449
2.48738
2.46578
2.44773
2.42631
2.40828
2.38687
2.36852
2.34668
2.32783
2.30549
2.28624
2.26358
2.24383
2.2208
2.20061
2.17744
2.15727
2.13437
2.11447
2.09195
2.07239
2.05014
2.03098
2.00891
1.99022
1.96822
1.9509
1.92912
4.18484
3.9844
3.77899
3.60268
3.44185
3.28674
3.14092
2.99858
2.86252
2.73383
2.61205
2.49637
2.38892
2.2864
2.19291
2.1028
2.02239
1.94436
1.87585
1.81202
1.75596
1.73011
1.73046
1.74527
1.79627
1.90581
2.19673
2.538
2.69399
2.70965
2.71536
2.69767
2.63656
2.57894
2.53207
2.49518
2.46629
2.44656
2.42589
2.4116
2.40026
2.4037
2.41241
2.43643
2.48649
2.56872
2.68049
2.81918
2.92857
2.99492
2.99622
2.98347
2.9445
2.87315
2.80351
2.73743
2.67171
2.6174
2.57435
2.54259
2.51956
2.50116
2.49101
2.4917
2.49291
2.49622
2.50257
2.50847
2.50867
2.50796
2.50563
2.49781
2.48432
2.46504
2.44791
2.4268
2.40875
2.38744
2.36918
2.34751
2.32877
2.30652
2.28727
2.26472
2.24531
2.22277
2.20327
2.18083
2.16117
2.13894
2.11928
2.09729
2.07786
2.05599
2.03692
2.01512
1.99655
1.97461
1.95751
1.93543
4.19901
4.08616
3.86727
3.67722
3.51012
3.35766
3.21035
3.07192
2.93766
2.80925
2.68778
2.57346
2.46434
2.36326
2.26695
2.17858
2.09404
2.0181
1.94735
1.88553
1.84413
1.8425
1.85308
1.89566
1.9975
2.25413
2.64004
2.82381
2.84062
2.84577
2.82223
2.74767
2.67866
2.62177
2.57473
2.5347
2.49937
2.4673
2.44184
2.42007
2.39899
2.38211
2.36914
2.36948
2.37655
2.39756
2.44166
2.51859
2.61659
2.74182
2.84154
2.91278
2.91633
2.90804
2.88113
2.81909
2.7512
2.68765
2.62711
2.57634
2.53642
2.50753
2.48557
2.47039
2.46397
2.46514
2.46698
2.47107
2.4753
2.47718
2.47703
2.47529
2.4706
2.45833
2.4439
2.42388
2.40598
2.38488
2.36682
2.34594
2.32798
2.30691
2.28872
2.26707
2.24846
2.22639
2.20738
2.18524
2.1659
2.14387
2.12438
2.10254
2.08307
2.06136
2.04204
2.02036
2.00159
1.97971
1.96263
1.94053
4.19621
4.12879
3.96648
3.76277
3.58622
3.42883
3.28377
3.14337
3.01174
2.88445
2.76306
2.64849
2.5403
2.43753
2.34161
2.25119
2.16816
2.08986
2.02343
1.96735
1.96369
1.97046
2.00635
2.10803
2.33715
2.76012
2.97196
2.99045
2.99412
2.96529
2.87874
2.79913
2.73251
2.6773
2.62828
2.58438
2.54278
2.50481
2.46891
2.43741
2.41154
2.38557
2.36223
2.34356
2.32927
2.32736
2.33311
2.35105
2.38857
2.45812
2.54438
2.65566
2.75026
2.8249
2.84077
2.83542
2.81432
2.76701
2.70033
2.638
2.58204
2.5349
2.49769
2.46951
2.44941
2.4376
2.43516
2.43571
2.43748
2.44099
2.44414
2.44407
2.44309
2.44008
2.43428
2.4188
2.40394
2.38417
2.3665
2.34559
2.32756
2.30657
2.28863
2.26742
2.24916
2.22755
2.20882
2.18708
2.16812
2.14645
2.12734
2.10578
2.08663
2.06522
2.04629
2.02484
2.00647
1.98478
1.968
1.94605
4.16973
4.13772
4.04887
3.84946
3.66511
3.50276
3.35589
3.21739
3.08497
2.95954
2.83911
2.72429
2.61525
2.51368
2.4159
2.32605
2.24159
2.16916
2.1
2.09424
2.09654
2.12527
2.21697
2.41188
2.8862
3.13116
3.15298
3.15549
3.12222
3.02539
2.93546
2.86057
2.79741
2.74114
2.68956
2.64062
2.59419
2.54951
2.50753
2.46819
2.43166
2.40054
2.37237
2.34485
2.31945
2.29929
2.28407
2.27981
2.28418
2.29858
2.32877
2.38717
2.46605
2.56307
2.6571
2.73182
2.76445
2.76227
2.74753
2.7108
2.65093
2.59098
2.53534
2.48876
2.45303
2.42836
2.41186
2.40383
2.40421
2.40529
2.40675
2.41157
2.41272
2.41212
2.41005
2.40504
2.39576
2.37918
2.36319
2.34306
2.32545
2.30468
2.28702
2.26621
2.24842
2.22733
2.20908
2.18772
2.16914
2.14786
2.12904
2.10787
2.08888
2.06772
2.04893
2.0278
2.00959
1.98832
1.97171
1.95004
4.11415
4.11242
4.06979
3.95687
3.75863
3.58344
3.43027
3.28994
3.15828
3.0323
2.91317
2.79941
2.6906
2.58782
2.49191
2.40095
2.32206
2.2481
2.22936
2.23002
2.25638
2.34071
2.53206
3.02705
3.29909
3.3295
3.3304
3.29264
3.18541
3.08512
3.00177
2.93083
2.86793
2.80952
2.7539
2.69985
2.64808
2.59841
2.55165
2.50699
2.46525
2.42554
2.38926
2.35747
2.32642
2.29784
2.27216
2.25057
2.23456
2.22703
2.23002
2.24118
2.26484
2.31126
2.38435
2.47019
2.56447
2.63752
2.69011
2.68965
2.67847
2.65502
2.60828
2.55272
2.4997
2.45413
2.41851
2.3937
2.37907
2.37151
2.37174
2.37288
2.3743
2.37875
2.37835
2.37744
2.37467
2.36832
2.35643
2.33909
2.32281
2.30249
2.28493
2.26426
2.24661
2.22598
2.20813
2.18747
2.16925
2.14863
2.13016
2.10953
2.09097
2.07018
2.05169
2.0308
2.01286
1.99177
1.9755
1.9539
3.88373
4.08356
4.06706
4.00547
3.85716
3.67183
3.50972
3.36586
3.2328
3.10726
2.98731
2.87363
2.76522
2.6632
2.56684
2.48138
2.40238
2.37433
2.37323
2.39774
2.47978
2.67867
3.18555
3.48302
3.51857
3.51808
3.47533
3.35696
3.24594
3.15394
3.07623
3.00704
2.94244
2.88001
2.81953
2.76105
2.70509
2.65138
2.60025
2.55105
2.50412
2.45908
2.41661
2.3765
2.34086
2.30882
2.2768
2.24726
2.22079
2.19772
2.18074
2.1702
2.17219
2.18071
2.19883
2.23507
2.30056
2.37863
2.46808
2.54443
2.60775
2.6181
2.61309
2.5949
2.55475
2.50302
2.45488
2.4145
2.38344
2.36054
2.34675
2.33908
2.3392
2.34001
2.34138
2.34383
2.34305
2.34143
2.33744
2.32887
2.3161
2.29801
2.28161
2.26141
2.24395
2.22342
2.2058
2.18556
2.16785
2.14773
2.1298
2.10966
2.09161
2.07144
2.05338
2.033
2.01535
1.99458
1.97859
1.9573
3.32228
3.97838
4.04493
4.01663
3.94045
3.76736
3.59522
3.44501
3.30989
3.18313
3.06372
2.94966
2.84139
2.73948
2.64792
2.56366
2.52756
2.52477
2.54804
2.63055
2.83884
3.35297
3.6812
3.721
3.71963
3.67039
3.54044
3.41855
3.31796
3.23321
3.15763
3.08658
3.0178
2.95115
2.88631
2.82391
2.76373
2.70615
2.65058
2.59737
2.54579
2.49668
2.44953
2.40535
2.36354
2.32461
2.28952
2.25577
2.22333
2.19268
2.16581
2.14155
2.12453
2.11199
2.11314
2.11894
2.1324
2.16108
2.21771
2.29045
2.37405
2.4565
2.52261
2.55176
2.54856
2.533
2.4992
2.45433
2.41296
2.37766
2.34858
2.32738
2.31491
2.30766
2.30758
2.30797
2.30862
2.30881
2.3075
2.30512
2.30005
2.28852
2.27519
2.2567
2.24015
2.22013
2.20268
2.18273
2.16535
2.14578
2.12836
2.10887
2.09122
2.07166
2.05405
2.0342
2.01702
1.99662
1.98095
1.95994
2.27348
3.6617
4.00662
4.00361
3.96612
3.87162
3.69445
3.53243
3.39048
3.26088
3.13955
3.02577
2.91804
2.82099
2.73176
2.68967
2.68523
2.70774
2.79198
3.00758
3.54434
3.89489
3.93808
3.93387
3.8783
3.73662
3.60363
3.49386
3.40126
3.31888
3.24133
3.16649
3.09354
3.02243
2.95362
2.88725
2.82337
2.76183
2.70231
2.64489
2.58958
2.53672
2.4862
2.43822
2.39242
2.3489
2.30767
2.26924
2.23436
2.19958
2.16721
2.13659
2.10981
2.08517
2.06744
2.05332
2.05219
2.05552
2.06624
2.08997
2.13715
2.20428
2.28286
2.36928
2.44007
2.4857
2.48314
2.47075
2.44542
2.40611
2.37024
2.33915
2.31248
2.29385
2.28302
2.27651
2.27577
2.27462
2.27496
2.27291
2.27137
2.26799
2.26139
2.24686
2.23268
2.21436
2.19798
2.17871
2.16172
2.14261
2.12554
2.10667
2.08957
2.0706
2.05364
2.03437
2.01788
1.99807
1.98292
1.96238
1.91992
2.85449
3.80174
3.97575
3.96523
3.91807
3.8008
3.62923
3.47656
3.34137
3.21839
3.10359
3.00065
2.90603
2.85996
2.85396
2.87652
2.9651
3.19281
3.76608
4.13251
4.16835
4.16057
4.09567
3.94225
3.79872
3.68005
3.58004
3.49085
3.40702
3.32576
3.24639
3.16883
3.0936
3.0208
2.95051
2.8826
2.81692
2.75355
2.69257
2.63409
2.57806
2.52448
2.47306
2.42398
2.3769
2.33221
2.28968
2.24945
2.2123
2.1771
2.14257
2.10999
2.07929
2.0518
2.02705
2.00855
1.99385
1.98949
1.99204
2.00091
2.02072
2.05964
2.12128
2.19749
2.28678
2.36218
2.41835
2.41862
2.41095
2.3945
2.3589
2.32721
2.29945
2.27715
2.26096
2.25068
2.24466
2.24203
2.24139
2.23965
2.23795
2.23544
2.22956
2.21945
2.20446
2.19033
2.17275
2.1567
2.13833
2.12174
2.10339
2.08689
2.06848
2.05217
2.0335
2.01764
1.99853
1.98399
1.9643
1.71688
2.08016
3.29573
3.87323
3.95229
3.92976
3.86917
3.72809
3.56645
3.42458
3.29882
3.18876
3.08765
3.03911
3.0316
3.05517
3.15065
3.39479
4.01961
4.3977
4.41789
4.4016
4.32322
4.15659
4.00336
3.87627
3.76935
3.67366
3.58373
3.49636
3.41076
3.32666
3.24472
3.16497
3.08789
3.01321
2.94121
2.87172
2.80496
2.74082
2.67936
2.62036
2.56389
2.50963
2.45772
2.40788
2.36017
2.31443
2.27067
2.22899
2.18939
2.15273
2.11668
2.08228
2.04975
2.01965
1.99234
1.96815
1.94924
1.93426
1.92781
1.92982
1.93736
1.95409
1.9862
2.04312
2.11886
2.20705
2.28932
2.34869
2.35965
2.35529
2.34054
2.31046
2.28367
2.26062
2.2412
2.22638
2.21653
2.21088
2.20818
2.20654
2.20465
2.20229
2.19787
2.18825
2.17798
2.16348
2.14955
2.13278
2.11731
2.09968
2.08396
2.06609
2.05051
2.03241
2.01729
1.99888
1.98497
1.96655
1.58793
1.7716
2.2466
3.54668
3.89559
3.91992
3.88982
3.81715
3.66217
3.51417
3.38858
3.27787
3.22763
3.21917
3.24528
3.34975
3.61749
4.30413
4.68353
4.6882
4.65537
4.55465
4.38099
4.21922
4.08573
3.97147
3.86882
3.77148
3.67708
3.58437
3.49331
3.40427
3.3176
3.23362
3.15238
3.07403
2.9985
2.92596
2.8562
2.78932
2.72503
2.6634
2.6041
2.54717
2.49238
2.43973
2.389
2.34038
2.29356
2.24883
2.20606
2.16528
2.12716
2.09075
2.05556
2.02193
1.99021
1.96085
1.93397
1.91057
1.89106
1.87613
1.86754
1.86899
1.8753
1.88918
1.91614
1.96958
2.04413
2.12859
2.21938
2.28103
2.30242
2.29933
2.28788
2.26446
2.24286
2.22285
2.20551
2.19213
2.18341
2.17815
2.17528
2.17287
2.17053
2.16581
2.15956
2.14932
2.1388
2.12445
2.11098
2.09463
2.07995
2.0629
2.04816
2.03078
2.01644
1.99913
1.98572
1.96983
1.5152
1.64336
1.88992
2.73284
3.66114
3.88216
3.87873
3.84988
3.76936
3.62306
3.48754
3.42682
3.41698
3.44688
3.56619
3.86398
4.62025
4.9806
4.98279
4.92954
4.79147
4.60907
4.44497
4.30518
4.18561
4.07546
3.97105
3.86886
3.7687
3.67029
3.57398
3.4802
3.3891
3.301
3.21589
3.13397
3.05517
2.9795
2.90683
2.83701
2.76993
2.7054
2.64334
2.58363
2.52616
2.47093
2.41774
2.36668
2.3175
2.27038
2.22514
2.18182
2.14054
2.10123
2.06428
2.02826
1.99373
1.96097
1.93022
1.90186
1.87539
1.85258
1.83251
1.81769
1.80738
1.8085
1.81406
1.82572
1.85002
1.90267
1.97459
2.05786
2.15353
2.21715
2.24549
2.24405
2.23677
2.2226
2.204
2.18552
2.17045
2.15913
2.15131
2.14622
2.14286
2.13953
2.13581
2.12966
2.1227
2.11214
2.10149
2.08739
2.07448
2.05861
2.0451
2.02881
2.01542
2.00017
1.98732
1.97721
1.4642
1.54353
1.6893
2.01502
3.09424
3.7366
3.86215
3.85205
3.82117
3.73433
3.65152
3.63783
3.6699
3.81411
4.17818
4.96494
5.29713
5.28981
5.21912
5.03773
4.84405
4.67618
4.53682
4.4121
4.29655
4.18324
4.07289
3.96382
3.85749
3.75342
3.65225
3.55394
3.45877
3.36682
3.27828
3.19305
3.11116
3.03239
2.95664
2.88375
2.81364
2.74616
2.6813
2.6189
2.55896
2.50131
2.44591
2.3926
2.3414
2.29212
2.24488
2.19941
2.15592
2.11425
2.07438
2.03681
2.00034
1.96516
1.93172
1.89996
1.87014
1.84243
1.81657
1.79434
1.77454
1.75997
1.74933
1.75037
1.75558
1.76633
1.78977
1.8397
1.9094
1.99379
2.09082
2.15731
2.18934
2.19392
2.19005
2.18037
2.16498
2.14902
2.13662
2.12648
2.11912
2.11362
2.10967
2.10537
2.1009
2.09406
2.0868
2.07619
2.06603
2.05258
2.04098
2.02707
2.01509
2.00449
1.99625
1.99
1.43571
1.47688
1.57401
1.72989
2.14119
3.34304
3.77639
3.85907
3.85597
3.84896
3.85199
3.90636
4.10923
4.57825
5.34427
5.62358
5.6067
5.52099
5.3067
5.09185
4.9181
4.77409
4.64763
4.52546
4.40664
4.28762
4.17129
4.05611
3.94403
3.83426
3.72787
3.62475
3.52536
3.42962
3.33753
3.24894
3.16365
3.08155
3.00252
2.92647
2.8534
2.78314
2.71572
2.65096
2.58873
2.52895
2.47139
2.4161
2.36288
2.3117
2.26255
2.21523
2.16984
2.12624
2.08439
2.0443
2.00622
1.96945
1.93402
1.90023
1.86817
1.83781
1.80917
1.78283
1.75812
1.73681
1.71787
1.7038
1.69338
1.69437
1.69942
1.7099
1.73389
1.78124
1.84842
1.93444
2.03013
2.10165
2.13492
2.14639
2.14428
2.13791
2.1278
2.11444
2.10331
2.09377
2.08693
2.08112
2.07688
2.07204
2.06745
2.06069
2.05391
2.0449
2.03645
2.02687
2.02181
2.01517
2.0117
2.01169
1.41764
1.44484
1.49541
1.61104
1.80592
2.42863
3.48252
3.80958
3.90669
3.97985
4.12467
4.436
5.09452
5.79539
5.96188
5.93078
5.82481
5.57104
5.34711
5.16739
5.02297
4.89295
4.76815
4.64091
4.51407
4.38652
4.26234
4.14011
4.02219
3.9074
3.79689
3.69005
3.58706
3.48772
3.39187
3.29945
3.21041
3.12465
3.04223
2.96308
2.88718
2.81442
2.74466
2.67775
2.61352
2.55189
2.49267
2.43578
2.38107
2.32841
2.27781
2.22901
2.1821
2.13691
2.09339
2.05165
2.01146
1.97326
1.93636
1.90094
1.86729
1.8351
1.80458
1.77583
1.74859
1.72358
1.70026
1.67975
1.66185
1.64852
1.63868
1.63962
1.64457
1.65587
1.67889
1.72507
1.79397
1.87977
1.97385
2.05006
2.08345
2.10016
2.10079
2.09859
2.093
2.08154
2.07155
2.06271
2.05682
2.05125
2.04721
2.04326
2.04036
2.03617
2.03557
2.0346
2.03445
2.03496
2.04045
2.05759
1.4104
1.42196
1.456
1.51774
1.65176
1.91046
2.76773
3.60677
3.9262
4.21677
4.69987
5.62804
6.32134
6.34808
6.29466
6.12996
5.84086
5.60618
5.42843
5.27996
5.14662
5.01343
4.88042
4.74429
4.61003
4.47583
4.34571
4.21757
4.09437
3.9743
3.8591
3.74747
3.64025
3.53671
3.43709
3.34111
3.24875
3.16002
3.07494
2.99334
2.91519
2.84027
2.76845
2.69956
2.63344
2.56997
2.509
2.45044
2.39415
2.33999
2.28793
2.23774
2.18944
2.1429
2.09804
2.05494
2.01346
1.97363
1.93572
1.89906
1.86418
1.83074
1.79892
1.76872
1.73993
1.71294
1.68739
1.66379
1.64204
1.62257
1.60583
1.59348
1.58505
1.58607
1.59115
1.6041
1.62717
1.67352
1.74392
1.82969
1.92332
2.00089
2.03741
2.05756
2.06352
2.06217
2.05844
2.05117
2.04329
2.03695
2.03211
2.03221
2.03351
2.03593
2.0432
2.04944
2.0604
2.07667
2.09781
2.1558
1.40496
1.4132
1.42771
1.4698
1.54545
1.706
2.03706
3.10542
3.84359
4.75514
6.10834
6.79719
6.78703
6.65815
6.36497
6.0853
5.86108
5.67852
5.53286
5.39573
5.25848
5.11643
4.97387
4.82897
4.68699
4.54599
4.41008
4.27675
4.14906
4.02476
3.90582
3.79053
3.67991
3.57294
3.47009
3.37088
3.27564
3.18409
3.09642
3.01241
2.93208
2.85518
2.78159
2.71111
2.64355
2.57875
2.51657
2.45681
2.3994
2.34409
2.29087
2.23953
2.19003
2.14232
2.0963
2.05205
2.00949
1.96864
1.92963
1.89223
1.85651
1.82246
1.78985
1.75899
1.72935
1.7014
1.67476
1.64962
1.62596
1.604
1.58377
1.56564
1.55003
1.53879
1.53248
1.53337
1.53864
1.55244
1.57729
1.62598
1.69807
1.7843
1.87924
1.95585
1.99688
2.01954
2.0303
2.031
2.03029
2.02885
2.02962
2.03264
2.03901
2.04824
2.06573
2.08763
2.11914
2.1667
2.21748
2.35617
1.40314
1.40689
1.41771
1.43822
1.49354
1.59625
1.81438
2.30821
3.51758
6.115
7.17916
7.1607
6.96013
6.56518
6.28234
6.07685
5.90785
5.76055
5.61791
5.46929
5.31755
5.16182
5.00887
4.85748
4.71248
4.56989
4.4334
4.29887
4.17012
4.04377
3.92287
3.80477
3.6915
3.5813
3.47555
3.37329
3.27549
3.18162
3.09219
3.00677
2.92545
2.84787
2.77382
2.70309
2.63532
2.57039
2.50796
2.44789
2.38997
2.33403
2.28
2.2278
2.17735
2.12878
2.08196
2.03707
1.99406
1.95287
1.91367
1.87617
1.84046
1.80641
1.77381
1.7428
1.71307
1.68471
1.65773
1.6318
1.60745
1.58419
1.56232
1.54208
1.52349
1.50678
1.49296
1.48221
1.48
1.48107
1.48666
1.50168
1.53118
1.58368
1.65815
1.74542
1.84207
1.92047
1.96547
1.99237
2.00959
2.01913
2.03218
2.04441
2.06411
2.08875
2.12908
2.17958
2.25078
2.3587
2.44836
2.685
1.40223
1.40508
1.41272
1.42954
1.47147
1.56081
1.76065
2.17571
3.40813
6.67052
6.7521
6.66639
6.37864
6.16161
6.01682
5.89238
5.77704
5.64927
5.51173
5.36409
5.21432
5.06439
4.92141
4.78141
4.64628
4.51118
4.3794
4.24749
4.1199
3.99345
3.87227
3.75322
3.63955
3.52871
3.42322
3.32132
3.22472
3.13221
3.04468
2.96121
2.88203
2.80654
2.73447
2.66556
2.59933
2.53563
2.47407
2.41452
2.35683
2.30089
2.24679
2.1945
2.14415
2.09581
2.04952
2.00529
1.96315
1.92289
1.88456
1.84793
1.81291
1.77945
1.74727
1.71647
1.6869
1.65845
1.63136
1.60518
1.58041
1.55672
1.53411
1.51312
1.49314
1.47472
1.4584
1.44362
1.43246
1.42384
1.42454
1.42814
1.43634
1.45377
1.48781
1.54739
1.62694
1.71934
1.82008
1.90512
1.96034
2.00327
2.04427
2.08152
2.13388
2.19263
2.27477
2.39061
2.51698
2.67663
2.78665
2.92696
1.40177
1.4047
1.41046
1.42762
1.46221
1.54987
1.73093
2.11631
3.35486
6.48486
6.23721
5.97752
5.87138
5.79155
5.70309
5.60173
5.49346
5.37499
5.25195
5.12219
4.99142
4.85806
4.72548
4.59188
4.46099
4.32852
4.19875
4.06922
3.94451
3.82152
3.70466
3.59043
3.48291
3.3786
3.2809
3.18657
3.0981
3.01284
2.93237
2.85487
2.78118
2.71029
2.64244
2.57717
2.51442
2.45399
2.39581
2.33967
2.28572
2.23365
2.18369
2.13556
2.08939
2.04493
2.00221
1.96099
1.9213
1.88292
1.84582
1.81
1.77527
1.7419
1.70955
1.6786
1.64876
1.62025
1.59294
1.56697
1.54211
1.51875
1.49638
1.47553
1.45602
1.43751
1.42115
1.40572
1.3926
1.38151
1.37344
1.3717
1.3742
1.3807
1.39354
1.4162
1.46584
1.53167
1.62641
1.7321
1.85891
1.97191
2.07721
2.17548
2.28323
2.4105
2.54152
2.67294
2.77395
2.84758
2.87489
2.88792
1.40163
1.40454
1.41002
1.42672
1.4604
1.54695
1.72334
2.10064
3.36639
6.44655
6.09059
5.83758
5.72973
5.63301
5.52675
5.41782
5.31191
5.19812
5.07753
4.94698
4.81323
4.67433
4.53578
4.3953
4.25729
4.12169
3.99227
3.8662
3.74705
3.6315
3.5232
3.41851
3.32082
3.22643
3.13828
3.05287
2.97264
2.89459
2.82068
2.74862
2.67983
2.6128
2.54845
2.48592
2.42571
2.36743
2.3113
2.25711
2.20498
2.15477
2.10645
2.06006
2.01532
1.97245
1.93107
1.89138
1.85312
1.81632
1.78089
1.7468
1.71399
1.68246
1.65218
1.6231
1.59533
1.56868
1.54334
1.51918
1.49617
1.47447
1.45382
1.43438
1.41616
1.39894
1.38308
1.36819
1.35507
1.34278
1.33321
1.32493
1.32422
1.32632
1.33223
1.344
1.36619
1.41009
1.48066
1.5871
1.73302
1.91658
2.12245
2.33654
2.52619
2.67281
2.76971
2.8119
2.81006
2.80129
2.78453
2.76779
)
;

boundaryField
{
    inlet
    {
        type            calculated;
        value           uniform 1.40001;
    }
    outlet
    {
        type            calculated;
        value           nonuniform List<scalar> 
40
(
1.39172
1.55821
1.63182
1.69372
1.74216
1.77567
1.79662
1.81245
1.82748
1.84112
1.85237
1.86277
1.87314
1.88323
1.89328
1.90188
1.90931
1.91695
1.92473
1.93105
1.93617
1.9417
1.9457
1.94958
1.95299
1.95564
1.95808
1.95999
1.9622
1.96533
1.97231
1.98475
2.00561
2.0493
2.14344
2.33624
2.65977
2.91231
2.88234
2.76375
)
;
    }
    bottom
    {
        type            symmetryPlane;
    }
    top
    {
        type            symmetryPlane;
    }
    obstacle
    {
        type            calculated;
        value           nonuniform List<scalar> 
110
(
5.96602
5.96712
5.95539
5.93534
5.90282
5.85752
5.78958
5.68757
5.52079
5.25207
1.89877
1.03962
0.722946
0.645207
0.645197
0.677605
0.765875
0.839467
0.863107
0.862495
0.859873
0.857854
0.857964
0.859069
0.862645
0.866705
0.868751
0.868645
0.86816
0.867782
0.867623
0.868001
0.869723
0.874268
0.884891
0.908646
0.960824
1.07517
1.34758
1.65349
1.682
1.67555
1.61463
1.5965
1.60346
1.62217
1.64684
1.68461
1.73274
1.79355
1.8576
1.91436
1.96281
2.00106
2.03737
2.06239
2.07978
2.08916
2.09663
2.09824
2.09984
2.09368
2.09012
2.08072
2.075
2.06333
2.05535
2.04166
2.03174
2.01684
2.00563
1.99003
1.97792
1.96164
1.94881
1.93183
1.91818
1.90052
1.88604
1.86791
1.85294
1.83469
1.81951
1.80129
1.78595
1.76774
1.75226
1.734
1.71854
1.70023
1.68493
1.66662
1.65157
1.63326
1.61849
1.6002
1.58574
1.56746
1.55331
1.53509
1.52121
1.50327
1.48956
1.47214
1.45853
1.44209
1.42912
1.41424
1.4033
1.3951
)
;
    }
    defaultFaces
    {
        type            empty;
    }
}


// ************************************************************************* //
