/*--------------------------------*- C++ -*----------------------------------*\
  =========                 |
  \\      /  F ield         | OpenFOAM: The Open Source CFD Toolbox
   \\    /   O peration     | Website:  https://openfoam.org
    \\  /    A nd           | Version:  10
     \\/     M anipulation  |
\*---------------------------------------------------------------------------*/
FoamFile
{
    format      ascii;
    class       volScalarField;
    location    "4.5";
    object      Ma;
}
// * * * * * * * * * * * * * * * * * * * * * * * * * * * * * * * * * * * * * //

dimensions      [0 0 0 0 0 0 0];

internalField   nonuniform List<scalar> 
5250
(
3
2.99997
2.99991
2.99976
2.9994
2.9985
2.99633
2.99071
2.97786
2.94316
2.86247
2.65314
2.17892
1.29549
0.535765
0.266363
0.323357
0.339114
0.305522
0.250332
0.199062
0.158104
0.117594
0.0728348
0.0398605
3
2.99997
2.99992
2.99975
2.99945
2.99843
2.99658
2.99056
2.97856
2.94378
2.86499
2.65815
2.1908
1.31293
0.54475
0.267342
0.325645
0.342221
0.308882
0.254529
0.204474
0.16485
0.12642
0.0866292
0.0625839
3
2.99997
2.99991
2.99979
2.99939
2.99867
2.99624
2.99184
2.97749
2.94863
2.8658
2.67344
2.2138
1.35261
0.566052
0.272199
0.332734
0.351203
0.318757
0.26648
0.219111
0.182559
0.148668
0.116714
0.100175
3
2.99997
2.99992
2.99979
2.99946
2.99864
2.9967
2.9916
2.98009
2.94873
2.8764
2.68746
2.25355
1.41482
0.598862
0.281734
0.344902
0.366186
0.335164
0.285699
0.241554
0.208729
0.179687
0.154084
0.141505
3
2.99998
2.99993
2.9998
2.99949
2.99876
2.99683
2.99253
2.98055
2.95431
2.88243
2.71266
2.3022
1.50018
0.643316
0.299311
0.363548
0.387633
0.358107
0.31174
0.270638
0.241324
0.21666
0.195796
0.185731
3
2.99998
2.99993
2.99983
2.99952
2.9989
2.997
2.99337
2.98184
2.95887
2.89219
2.7391
2.36115
1.60781
0.700845
0.33042
0.391757
0.417011
0.388832
0.345269
0.306866
0.280688
0.25989
0.243362
0.235905
3
2.99998
2.99994
2.99983
2.99959
2.99892
2.99752
2.99336
2.98502
2.95992
2.90657
2.76012
2.42266
1.71762
0.76427
0.366691
0.423858
0.44886
0.423438
0.384446
0.349426
0.326785
0.310307
0.298668
0.295688
3
2.99998
2.99995
2.99984
2.99964
2.999
2.99776
2.99399
2.98614
2.96411
2.91404
2.78231
2.47074
1.80646
0.832974
0.404701
0.450269
0.471851
0.454484
0.423918
0.395648
0.37853
0.368361
0.364309
0.371361
3
2.99999
2.99995
2.99987
2.99964
2.99917
2.99782
2.99485
2.98696
2.96822
2.92099
2.80408
2.51635
1.89775
0.927723
0.464538
0.470665
0.485747
0.482348
0.462497
0.443486
0.43484
0.433999
0.444194
0.474302
3
2.99999
2.99996
2.99988
2.99969
2.99925
2.99804
2.99548
2.98795
2.97246
2.92758
2.82658
2.56358
1.99568
1.04669
0.536208
0.486054
0.50182
0.50917
0.500039
0.492246
0.493602
0.509035
0.549073
0.650612
3
2.99999
2.99996
2.99989
2.99974
2.99929
2.99841
2.99564
2.99036
2.97376
2.93972
2.84343
2.61877
2.09983
1.19216
0.620422
0.503715
0.521061
0.536267
0.537083
0.539926
0.554518
0.592676
0.675721
0.844172
3
2.99999
2.99997
2.99992
2.99975
2.99946
2.99847
2.99668
2.99083
2.97928
2.94557
2.86971
2.67015
2.21886
1.37065
0.71936
0.528965
0.546061
0.565483
0.574401
0.586441
0.614407
0.671511
0.778291
0.960299
3
3
2.99998
2.99993
2.99981
2.99952
2.99881
2.99709
2.99263
2.98257
2.95497
2.8926
2.72768
2.34709
1.58735
0.835575
0.572435
0.584441
0.60156
0.615139
0.633298
0.670182
0.735976
0.844062
1.0033
3
3
2.99998
2.99995
2.99984
2.99964
2.99898
2.99773
2.99394
2.98605
2.96401
2.91406
2.78347
2.47782
1.83324
0.967602
0.636005
0.633661
0.645785
0.661568
0.681693
0.720359
0.785797
0.884255
1.02014
3.00001
3
2.99999
2.99995
2.99988
2.99967
2.99925
2.99796
2.99549
2.98767
2.97239
2.92709
2.82645
2.56543
2.00783
1.10956
0.70426
0.672827
0.686674
0.704559
0.726998
0.765107
0.825896
0.912797
1.02927
3.00001
3
2.99999
2.99997
2.9999
2.99976
2.99934
2.99851
2.99596
2.99104
2.97568
2.94443
2.85586
2.65045
2.17128
1.32153
0.80905
0.704155
0.716632
0.73729
0.765438
0.803445
0.859575
0.936279
1.03627
3.00001
3
3
2.99997
2.99993
2.99979
2.99952
2.99875
2.99702
2.99257
2.98173
2.9553
2.88887
2.72522
2.33918
1.58325
0.939931
0.745666
0.747844
0.767427
0.798949
0.836768
0.888729
0.956641
1.04342
3.00001
3
3
2.99998
2.99994
2.99986
2.99962
2.99909
2.99771
2.99442
2.98646
2.9662
2.91837
2.79697
2.5094
1.90147
1.10209
0.812095
0.791275
0.805352
0.833686
0.870057
0.916577
0.976546
1.05128
3.00001
3
3
2.99999
2.99996
2.99989
2.99971
2.99932
2.99819
2.99598
2.98905
2.97562
2.9354
2.84783
2.61771
2.12033
1.28541
0.887724
0.828365
0.840442
0.865747
0.901298
0.943417
0.99634
1.06112
3.00001
3.00001
3
2.99999
2.99997
2.99992
2.99979
2.99946
2.99875
2.99668
2.99255
2.98001
2.95455
2.88166
2.71562
2.31458
1.55704
1.01503
0.87139
0.873037
0.89376
0.927669
0.968097
1.0154
1.07232
3.00001
3.00001
3
3
2.99998
2.99994
2.99985
2.99963
2.99904
2.9978
2.99417
2.98691
2.96527
2.92006
2.7961
2.51521
1.91229
1.18521
0.936527
0.91307
0.926265
0.955276
0.993198
1.03558
1.08513
3.00001
3.00001
3
3
2.99999
2.99996
2.9999
2.99971
2.99937
2.99825
2.99621
2.98964
2.9768
2.9395
2.85664
2.64285
2.17562
1.39131
1.01696
0.950607
0.959294
0.98315
1.01743
1.05583
1.09973
3.00001
3.00001
3.00001
3
2.99999
2.99998
2.99993
2.99981
2.99953
2.99881
2.99722
2.99274
2.98351
2.95662
2.89904
2.74377
2.39444
1.69667
1.15242
1.00053
0.99369
1.00867
1.03835
1.0754
1.11566
3.00001
3.00001
3.00001
3
3
2.99998
2.99995
2.99987
2.99968
2.99919
2.99805
2.99525
2.98826
2.97195
2.93
2.83128
2.5897
2.06607
1.34707
1.07608
1.0331
1.03993
1.06255
1.0955
1.13249
3.00001
3.00001
3.00001
3
3
2.99999
2.99997
2.99991
2.99979
2.99944
2.99868
2.99672
2.99199
2.98074
2.95187
2.88452
2.71422
2.32809
1.61557
1.18614
1.07679
1.07166
1.08527
1.11387
1.14915
3.00001
3.00001
3.00001
3.00001
3
3
2.99998
2.99994
2.99986
2.99962
2.99917
2.99773
2.99497
2.98682
2.96964
2.9232
2.81676
2.55576
2.00548
1.36138
1.13956
1.10751
1.11353
1.13547
1.1664
3.00001
3.00001
3.00001
3.00001
3
3
2.99999
2.99996
2.99991
2.99975
2.99945
2.99848
2.99672
2.99106
2.98021
2.94826
2.8791
2.69881
2.3008
1.60199
1.23149
1.14668
1.1427
1.15602
1.18231
3.00001
3.00001
3.00001
3.00001
3.00001
3
3
2.99998
2.99994
2.99985
2.99961
2.99909
2.99772
2.99452
2.98678
2.96729
2.92191
2.80733
2.5416
1.97865
1.39607
1.20337
1.17556
1.18149
1.20211
3.00001
3.00001
3.00001
3.00001
3.00001
3
3
2.99999
2.99996
2.99991
2.99974
2.99944
2.99848
2.99661
2.99124
2.97963
2.94914
2.87805
2.70199
2.30582
1.63833
1.2968
1.21649
1.21034
1.22117
3.00001
3.00001
3.00001
3.00001
3.00001
3.00001
3
3
2.99998
2.99994
2.99986
2.99961
2.99914
2.99771
2.99484
2.98676
2.96922
2.92323
2.81676
2.55935
2.02194
1.4631
1.27365
1.24268
1.24542
3.00001
3.00001
3.00001
3.00001
3.00001
3.00001
3
3
2.99999
2.99997
2.99991
2.99976
2.99947
2.99855
2.99687
2.99153
2.98133
2.95142
2.88733
2.72068
2.35229
1.71555
1.3724
1.28377
1.27345
3.00001
3.00001
3.00001
3.00001
3.00001
3.00001
3.00001
3
3
2.99998
2.99994
2.99987
2.99965
2.9992
2.99796
2.99521
2.98837
2.9718
2.93252
2.83591
2.61071
2.12399
1.55328
1.34413
1.30695
3.00001
3.00001
3.00001
3.00001
3.00001
3.00001
3.00001
3.00001
3
2.99999
2.99997
2.99992
2.99979
2.99951
2.99875
2.99707
2.99285
2.98269
2.9586
2.89847
2.75713
2.42627
1.82494
1.44586
1.34453
3.00001
3.00001
3.00001
3.00001
3.00001
3.00001
3.00001
3.00001
3
3
2.99999
2.99996
2.99988
2.99971
2.99925
2.99834
2.99556
2.99042
2.97434
2.94319
2.85518
2.66363
2.22392
1.64872
1.4154
3.00001
3.00001
3.00001
3.00001
3.00001
3.00001
3.00001
3.00001
3.00001
3
3
2.99997
2.99994
2.99982
2.99959
2.99894
2.99752
2.99396
2.98542
2.96531
2.91474
2.79769
2.5183
1.97489
1.54469
3.00001
3.00001
3.00001
3.00001
3.00001
3.00001
3.00001
3.00001
3.00001
3
3
2.99999
2.99996
2.99991
2.99975
2.99941
2.99854
2.9965
2.99166
2.97956
2.95192
2.88195
2.72069
2.34915
1.78156
3.00001
3.00001
3.00001
3.00001
3.00001
3.00001
3.00001
3.00001
3.00001
3.00001
3
3
2.99998
2.99995
2.99986
2.99966
2.99917
2.99806
2.99514
2.98901
2.97191
2.93654
2.84156
2.63334
2.1789
3.00001
3.00001
3.00001
3.00001
3.00001
3.00001
3.00001
3.00001
3.00001
3.00001
3.00001
3
2.99999
2.99997
2.99993
2.9998
2.99956
2.99881
2.99742
2.99323
2.98488
2.96173
2.9112
2.78314
2.49578
3.00001
3.00001
3.00001
3.00001
3.00001
3.00001
3.00001
3.00001
3.00001
3.00001
3.00001
3
3
2.99999
2.99996
2.9999
2.99974
2.99938
2.99849
2.99633
2.99148
2.97874
2.95126
2.87893
2.71823
3.00001
3.00001
3.00001
3.00001
3.00001
3.00001
3.00001
3.00001
3.00001
3.00001
3.00001
3.00001
3
3
2.99998
2.99994
2.99986
2.99966
2.99917
2.99804
2.99516
2.98898
2.97221
2.93704
2.84419
3.00001
3.00001
3.00001
3.00001
3.00001
3.00001
3.00001
3.00001
3.00001
3.00001
3.00001
3.00001
3.00001
3
2.99999
2.99997
2.99993
2.99981
2.99954
2.9989
2.99733
2.99383
2.98454
2.96506
2.91204
3.00001
3.00001
3.00001
3.00001
3.00001
3.00001
3.00001
3.00001
3.00001
3.00001
3.00001
3.00001
3.00001
3
3
2.99999
2.99996
2.9999
2.99976
2.99937
2.99862
2.99636
2.99221
2.97933
2.95486
3.00001
3.00001
3.00001
3.00001
3.00001
3.00001
3.00001
3.00001
3.00001
3.00001
3.00001
3.00001
3.00001
3.00001
3
3
2.99998
2.99995
2.99986
2.99967
2.99916
2.99814
2.99514
2.98954
2.97252
3.00001
3.00001
3.00001
3.00001
3.00001
3.00001
3.00001
3.00001
3.00001
3.00001
3.00001
3.00001
3.00001
3.00001
3
3
2.99999
2.99997
2.99992
2.99979
2.99949
2.99877
2.99699
2.99307
2.98246
3.00001
3.00001
3.00001
3.00001
3.00001
3.00001
3.00001
3.00001
3.00001
3.00001
3.00001
3.00001
3.00001
3.00001
3.00001
3
3
2.99998
2.99994
2.99985
2.99959
2.99909
2.99756
2.99447
2.98579
3.00001
3.00001
3.00001
3.00001
3.00001
3.00001
3.00001
3.00001
3.00001
3.00001
3.00001
3.00001
3.00001
3.00001
3.00001
3
3
2.99998
2.99995
2.99986
2.99967
2.99911
2.99798
2.99456
2.98781
3.00001
3.00001
3.00001
3.00001
3.00001
3.00001
3.00001
3.00001
3.00001
3.00001
3.00001
3.00001
3.00001
3.00001
3.00001
3
3
2.99999
2.99995
2.99988
2.99965
2.99922
2.9979
2.99514
2.98745
3.00001
3.00001
3.00001
3.00001
3.00001
3.00001
3.00001
3.00001
3.00001
3.00001
3.00001
3.00001
3.00001
3.00001
3.00001
3
3
2.99999
2.99995
2.99988
2.99966
2.99925
2.99787
2.99536
2.98721
3.00001
3.00001
3.00001
3.00001
3.00001
3.00001
3.00001
3.00001
3.00001
3.00001
3.00001
3.00001
3.00001
3.00001
3.00001
3
3
2.99999
2.99995
2.99988
2.99967
2.99923
2.99792
2.99533
2.98723
3.00001
3.00001
3.00001
3.00001
3.00001
3.00001
3.00001
3.00001
3.00001
3.00001
3.00001
3.00001
3.00001
3.00001
3.00001
3
3
2.99998
2.99996
2.99987
2.9997
2.99916
2.9981
2.99494
2.98813
1.11954
1.32416
1.38636
1.34628
1.26917
1.17254
1.07081
0.994854
0.921164
0.796823
0.54857
0.288921
0.137797
0.076538
0.13451
0.220037
0.301771
0.372594
0.419912
0.44836
0.471171
0.49451
0.518692
0.542915
0.566084
0.586385
0.600156
0.607388
0.609345
0.601059
0.577877
0.541084
0.493929
0.439854
0.383895
0.328805
0.275942
0.225799
0.17729
0.132002
0.0894029
0.0508511
0.0242846
0.0424815
0.0742811
0.107518
0.139266
0.169063
0.196999
0.224308
0.252715
0.280378
0.307011
0.33227
0.357012
0.380764
0.404192
0.426689
0.448997
0.470374
0.491701
0.512111
0.532565
0.552109
0.571745
0.590492
0.609381
0.627437
0.64568
0.663089
0.68077
0.697583
0.714751
0.731028
0.747717
0.763494
0.779719
0.795021
0.810789
0.825616
0.840933
0.855279
0.870145
0.88401
0.898426
0.911813
0.925781
0.938694
0.952194
0.964612
0.977596
0.989434
1.00179
1.01285
1.0243
1.03415
1.04393
1.05149
1.05749
1.06211
1.13385
1.25203
1.31781
1.36094
1.40255
1.42726
1.42484
1.39641
1.32438
1.16508
0.915865
0.661763
0.498254
0.402381
0.317878
0.241047
0.17479
0.109738
0.0652785
0.10355
0.169119
0.231919
0.283545
0.323795
0.353856
0.377398
0.392201
0.397717
0.396947
0.385351
0.359763
0.320192
0.273264
0.219783
0.168817
0.1213
0.0816263
0.0590843
0.0658051
0.0921414
0.124941
0.15715
0.188136
0.217419
0.246873
0.275867
0.304178
0.331172
0.356667
0.381068
0.406386
0.431546
0.455697
0.478574
0.501052
0.52265
0.544055
0.564619
0.585033
0.604645
0.624181
0.64298
0.661749
0.679813
0.697872
0.715262
0.732685
0.749424
0.766262
0.782409
0.798723
0.814344
0.830186
0.845337
0.860743
0.875456
0.890447
0.904733
0.919325
0.933174
0.947379
0.960784
0.974602
0.987577
1.00099
1.01356
1.02656
1.03872
1.05129
1.06301
1.07511
1.08631
1.09785
1.10834
1.11907
1.12848
1.13773
1.14505
1.15076
1.15532
1.13375
1.24198
1.33875
1.43187
1.51566
1.57629
1.5938
1.5803
1.53702
1.42985
1.21728
0.941181
0.769385
0.680947
0.607617
0.536693
0.474434
0.410881
0.342845
0.275976
0.213287
0.154104
0.102532
0.0660461
0.0667835
0.0978693
0.13696
0.157492
0.163189
0.149632
0.123044
0.0989034
0.0909679
0.0999443
0.122957
0.15467
0.187395
0.219243
0.248819
0.278337
0.307251
0.335192
0.361914
0.387528
0.412656
0.437316
0.461491
0.484833
0.506945
0.527873
0.549311
0.571227
0.592562
0.612756
0.632405
0.651475
0.670283
0.688606
0.706688
0.724306
0.741705
0.758678
0.775462
0.791837
0.808074
0.823891
0.83962
0.854915
0.870181
0.884994
0.89985
0.914231
0.928723
0.942721
0.956876
0.970513
0.984342
0.99761
1.01112
1.024
1.03718
1.04969
1.06252
1.07466
1.08714
1.09892
1.11104
1.12247
1.13423
1.14532
1.15674
1.16739
1.17833
1.18834
1.1985
1.20743
1.21616
1.22311
1.2284
1.23271
1.14215
1.24999
1.34954
1.43989
1.52119
1.58525
1.63037
1.64334
1.63238
1.58882
1.47072
1.22211
0.996603
0.88132
0.815449
0.760545
0.70596
0.648716
0.593194
0.539309
0.483362
0.428001
0.375317
0.323677
0.273055
0.225696
0.181543
0.146002
0.129511
0.128288
0.163249
0.208006
0.253029
0.291145
0.325306
0.356532
0.385185
0.411022
0.435188
0.458212
0.480855
0.502825
0.524221
0.544956
0.565427
0.585502
0.605421
0.62482
0.643406
0.660788
0.678401
0.69674
0.715303
0.73283
0.749931
0.76648
0.782936
0.798973
0.814941
0.830494
0.846021
0.861122
0.876262
0.890943
0.90572
0.919989
0.934411
0.948291
0.962377
0.975915
0.989689
1.00293
1.01641
1.02937
1.04257
1.05524
1.06818
1.08054
1.09322
1.10526
1.11766
1.12939
1.14148
1.15293
1.1647
1.17591
1.18742
1.1984
1.20962
1.22022
1.23101
1.2411
1.25137
1.2608
1.2703
1.2787
1.2868
1.29329
1.29802
1.30216
1.14438
1.2492
1.34505
1.43235
1.51121
1.58206
1.64003
1.68253
1.69281
1.67888
1.62647
1.48369
1.23163
1.06137
0.98078
0.924815
0.878494
0.835975
0.791533
0.743587
0.696824
0.65291
0.607022
0.559685
0.514155
0.469771
0.427782
0.395029
0.375298
0.372947
0.392595
0.427066
0.464326
0.49898
0.527814
0.551463
0.57129
0.588948
0.605468
0.621482
0.637468
0.653353
0.669216
0.684919
0.700626
0.716276
0.731959
0.747564
0.762674
0.776791
0.790824
0.805684
0.821295
0.836302
0.850906
0.865112
0.879224
0.893138
0.907011
0.920685
0.934339
0.947744
0.961162
0.974301
0.987499
1.00038
1.01337
1.02597
1.03873
1.05108
1.06361
1.07578
1.08814
1.10015
1.11235
1.12417
1.1362
1.14778
1.15956
1.17089
1.18238
1.19345
1.2047
1.2156
1.22669
1.23734
1.24816
1.25846
1.26893
1.27881
1.28883
1.29817
1.30765
1.31626
1.32498
1.3325
1.33987
1.34554
1.34957
1.35337
1.14187
1.24096
1.33343
1.41707
1.49494
1.56483
1.62742
1.67811
1.71155
1.71461
1.69518
1.6319
1.47244
1.24697
1.12216
1.06483
1.01971
0.977401
0.942713
0.908902
0.87111
0.830447
0.790176
0.750728
0.708435
0.665245
0.624825
0.589628
0.56107
0.55489
0.573689
0.607078
0.644322
0.677716
0.704992
0.724109
0.736377
0.745454
0.754048
0.762973
0.772732
0.782967
0.793748
0.804704
0.816011
0.827479
0.839308
0.851297
0.863316
0.874549
0.885601
0.897128
0.909809
0.922572
0.935136
0.947286
0.959525
0.971525
0.983705
0.995623
1.00775
1.01959
1.03168
1.04342
1.05544
1.06709
1.07903
1.09063
1.10248
1.11397
1.12572
1.13705
1.1487
1.1599
1.17144
1.18254
1.19395
1.2049
1.21616
1.22688
1.23801
1.24858
1.25954
1.26986
1.2805
1.29058
1.30087
1.31064
1.32061
1.32992
1.33954
1.34823
1.35731
1.36516
1.37329
1.37996
1.38648
1.39116
1.39426
1.39809
1.13766
1.23085
1.31726
1.39928
1.47346
1.54346
1.60601
1.66184
1.70749
1.73193
1.73101
1.70687
1.63339
1.46784
1.27611
1.17709
1.13497
1.10058
1.06551
1.03366
1.00507
0.975449
0.940341
0.901155
0.860386
0.821015
0.777979
0.73163
0.694923
0.688595
0.708336
0.743366
0.783802
0.820313
0.849047
0.868942
0.877703
0.87993
0.880954
0.883078
0.88689
0.892025
0.898391
0.905344
0.912977
0.920932
0.929404
0.938144
0.947273
0.956006
0.964511
0.9732
0.983092
0.993748
1.00444
1.01491
1.02535
1.03575
1.04628
1.05675
1.06738
1.0779
1.0886
1.0992
1.10999
1.12063
1.13149
1.14212
1.15303
1.16369
1.1746
1.18525
1.1961
1.20669
1.21748
1.22798
1.23874
1.24909
1.25983
1.27009
1.28072
1.29075
1.30113
1.31091
1.32101
1.3305
1.34029
1.34939
1.35884
1.36746
1.37647
1.38446
1.39276
1.39986
1.40703
1.41282
1.41823
1.42156
1.42399
1.42784
1.13509
1.21996
1.30232
1.3791
1.45213
1.51901
1.58157
1.63871
1.68789
1.72852
1.74482
1.73866
1.71073
1.6295
1.4673
1.31038
1.23176
1.19494
1.16843
1.14099
1.11267
1.08579
1.05638
1.02287
0.983688
0.940637
0.888307
0.828884
0.786404
0.782487
0.804763
0.842094
0.887614
0.928994
0.95994
0.983302
0.996091
0.997628
0.993098
0.988421
0.985774
0.985551
0.987339
0.990457
0.994665
0.99946
1.00501
1.01095
1.01759
1.02418
1.03064
1.03702
1.04441
1.05286
1.06202
1.07099
1.08013
1.08909
1.09838
1.10758
1.1171
1.1265
1.13621
1.14578
1.15575
1.16553
1.17572
1.18565
1.19593
1.20593
1.21622
1.22624
1.23652
1.24648
1.25674
1.2666
1.2769
1.28678
1.2971
1.30688
1.31708
1.32671
1.33669
1.34604
1.35574
1.3647
1.37406
1.38254
1.39149
1.39948
1.40781
1.41516
1.42254
1.4289
1.43496
1.43971
1.4438
1.44607
1.44786
1.45201
1.1348
1.21153
1.28789
1.36118
1.4305
1.49577
1.55695
1.61285
1.66515
1.70885
1.74337
1.75286
1.744
1.71138
1.62451
1.474
1.34497
1.28185
1.24844
1.22493
1.20245
1.17834
1.14761
1.11542
1.07836
1.03113
0.961655
0.886001
0.84622
0.847459
0.872129
0.913125
0.964469
1.01227
1.04616
1.06849
1.08425
1.0921
1.08989
1.08187
1.0734
1.06723
1.06371
1.06267
1.06341
1.0654
1.06841
1.07205
1.07651
1.08129
1.08621
1.0909
1.09626
1.10267
1.11034
1.11826
1.12639
1.1345
1.14285
1.15121
1.15988
1.16848
1.17742
1.18621
1.1954
1.20447
1.21397
1.22334
1.23306
1.24257
1.2524
1.26194
1.27183
1.28132
1.29122
1.30068
1.31058
1.31997
1.3298
1.33917
1.34893
1.35818
1.36776
1.37668
1.38594
1.39434
1.40313
1.41098
1.4192
1.42644
1.43385
1.44028
1.44659
1.45188
1.45661
1.46031
1.46283
1.46459
1.46615
1.47035
1.13704
1.20625
1.27591
1.34465
1.41034
1.47339
1.53217
1.58824
1.63911
1.68647
1.72592
1.75414
1.75865
1.74749
1.71149
1.62213
1.48167
1.37552
1.32572
1.29487
1.27125
1.25006
1.22377
1.19044
1.14754
1.0867
0.99703
0.913521
0.884313
0.892304
0.919224
0.965785
1.02181
1.07246
1.11024
1.13471
1.1504
1.16099
1.16564
1.16187
1.1525
1.14188
1.13323
1.12727
1.12389
1.12263
1.12301
1.12455
1.12715
1.13043
1.1342
1.1378
1.14175
1.14646
1.15264
1.1596
1.16705
1.17448
1.18228
1.19001
1.19812
1.20614
1.21451
1.22279
1.23142
1.24
1.24898
1.2579
1.26723
1.27639
1.28595
1.29518
1.3048
1.31404
1.32369
1.33284
1.34235
1.35137
1.36081
1.36975
1.37916
1.38796
1.39722
1.40568
1.4145
1.42241
1.43055
1.43784
1.44514
1.45162
1.45781
1.4633
1.46808
1.47226
1.47546
1.47786
1.47974
1.48127
1.48186
1.48609
1.14215
1.2037
1.26776
1.33105
1.39327
1.45269
1.50991
1.56345
1.61444
1.66115
1.70385
1.73902
1.76124
1.76304
1.74967
1.71047
1.62083
1.49058
1.40157
1.36199
1.33255
1.30772
1.28142
1.24671
1.19389
1.10917
1.00006
0.924454
0.908621
0.922089
0.955027
1.00689
1.06471
1.11416
1.15306
1.1817
1.20021
1.21213
1.21928
1.22188
1.21799
1.20853
1.19726
1.18702
1.17941
1.17444
1.17193
1.17134
1.17229
1.17436
1.17735
1.18043
1.18375
1.18737
1.19244
1.19858
1.20558
1.21271
1.22024
1.22775
1.23561
1.24342
1.25154
1.25957
1.26792
1.27617
1.28483
1.29338
1.30244
1.31131
1.32064
1.32961
1.33902
1.34797
1.35726
1.36607
1.3753
1.38398
1.39315
1.40166
1.4107
1.41902
1.4278
1.43578
1.44401
1.45144
1.45885
1.46551
1.47174
1.4773
1.48222
1.48634
1.48981
1.49242
1.49443
1.49626
1.49781
1.49886
1.49847
1.50261
1.15004
1.20491
1.26225
1.32081
1.37854
1.43501
1.4893
1.54149
1.59085
1.63749
1.68059
1.71922
1.75056
1.76693
1.76661
1.7513
1.70951
1.62109
1.50162
1.42328
1.3881
1.35863
1.32648
1.28173
1.21239
1.09639
0.980432
0.927633
0.924945
0.94316
0.983427
1.03882
1.09423
1.1414
1.17984
1.21011
1.23289
1.24844
1.25785
1.26299
1.26525
1.26239
1.25438
1.2438
1.23316
1.22513
1.21933
1.21662
1.21579
1.21676
1.21906
1.2219
1.22515
1.22841
1.2327
1.23806
1.24475
1.25169
1.25911
1.26647
1.27419
1.28181
1.2898
1.29768
1.30594
1.31401
1.32252
1.33081
1.33964
1.34825
1.3574
1.36625
1.37548
1.38416
1.39322
1.40169
1.41064
1.41897
1.42778
1.43591
1.44441
1.45223
1.46022
1.4676
1.4749
1.48175
1.48815
1.49394
1.49903
1.50338
1.50692
1.50968
1.51165
1.51335
1.51493
1.51617
1.51692
1.51795
1.51805
1.52193
1.16022
1.20912
1.26073
1.31397
1.36721
1.42027
1.47136
1.52145
1.56897
1.61476
1.65751
1.69749
1.73231
1.76025
1.77177
1.76896
1.75223
1.70761
1.62176
1.51063
1.4392
1.39973
1.35992
1.29955
1.19627
1.05416
0.951946
0.924654
0.932263
0.95903
1.00672
1.06275
1.1134
1.15682
1.19371
1.22454
1.2498
1.2696
1.28389
1.29277
1.29788
1.30079
1.3006
1.29541
1.28679
1.27766
1.27016
1.26453
1.26183
1.26104
1.26241
1.26501
1.26856
1.27199
1.27604
1.2807
1.28684
1.29343
1.30067
1.30774
1.31533
1.32265
1.33055
1.33815
1.34637
1.35422
1.36269
1.37074
1.37944
1.38773
1.39672
1.40516
1.41416
1.42252
1.43136
1.43952
1.44809
1.45604
1.46427
1.47202
1.47976
1.4871
1.49412
1.50078
1.50704
1.5128
1.51793
1.52238
1.52609
1.52897
1.53103
1.5326
1.53395
1.53508
1.53576
1.53662
1.53772
1.5393
1.54088
1.54465
1.17222
1.2154
1.26181
1.30987
1.3595
1.40821
1.45739
1.50405
1.55059
1.5942
1.63679
1.67609
1.71308
1.74442
1.76858
1.77531
1.77034
1.75166
1.70343
1.61899
1.51248
1.43803
1.37924
1.29258
1.14241
0.993283
0.928253
0.9225
0.936915
0.973563
1.0254
1.07702
1.1225
1.16215
1.19719
1.22798
1.25511
1.27825
1.29748
1.31282
1.32338
1.33069
1.33611
1.33927
1.33846
1.33347
1.32626
1.31951
1.31424
1.31149
1.31082
1.31228
1.31528
1.31875
1.32256
1.32645
1.33159
1.33753
1.34431
1.35106
1.35831
1.36535
1.37292
1.38022
1.38813
1.39567
1.40388
1.41163
1.42009
1.42803
1.43653
1.44445
1.45286
1.46083
1.4691
1.47703
1.48498
1.49264
1.50014
1.50733
1.51422
1.52072
1.52686
1.53259
1.5377
1.54212
1.54577
1.54859
1.55069
1.5521
1.55324
1.55413
1.55452
1.55494
1.5557
1.55716
1.55935
1.56193
1.56486
1.56904
1.18515
1.22367
1.26532
1.30917
1.3543
1.40013
1.4454
1.49064
1.534
1.57702
1.61756
1.65713
1.69364
1.7275
1.75629
1.77554
1.77823
1.77035
1.74744
1.69261
1.60268
1.48998
1.38745
1.25156
1.06258
0.937662
0.908552
0.915679
0.941118
0.985352
1.03589
1.08163
1.12242
1.15923
1.19298
1.22439
1.2536
1.2804
1.30484
1.32603
1.34411
1.35811
1.36908
1.37773
1.38382
1.38723
1.38566
1.38041
1.37422
1.36873
1.36538
1.36413
1.3649
1.36726
1.37062
1.37372
1.37752
1.38198
1.38792
1.39395
1.40073
1.40723
1.41443
1.4212
1.42872
1.43572
1.44348
1.45077
1.45878
1.46631
1.4742
1.48178
1.48951
1.49707
1.50463
1.51206
1.51936
1.52641
1.53316
1.53949
1.54538
1.55081
1.55577
1.56012
1.56365
1.56646
1.56844
1.56967
1.57053
1.57111
1.57103
1.5709
1.57112
1.57203
1.57392
1.57638
1.57952
1.5838
1.58922
1.5938
1.19932
1.23429
1.2716
1.31148
1.35241
1.39528
1.43723
1.47997
1.52117
1.56213
1.60123
1.63984
1.67537
1.71064
1.7398
1.7667
1.77815
1.77663
1.76412
1.73214
1.6629
1.54558
1.39504
1.17968
0.97335
0.896681
0.893303
0.907829
0.943297
0.990889
1.03582
1.07685
1.11501
1.15107
1.18614
1.21994
1.25274
1.28392
1.31313
1.34014
1.36429
1.38524
1.40239
1.4161
1.42683
1.43479
1.43911
1.44003
1.43653
1.43055
1.42475
1.41986
1.4172
1.41626
1.41749
1.41953
1.42218
1.42501
1.42927
1.43422
1.44033
1.44616
1.45279
1.45904
1.46592
1.4725
1.47952
1.48646
1.49362
1.50066
1.50784
1.51495
1.52207
1.52909
1.53601
1.54275
1.54928
1.55549
1.5613
1.56665
1.57153
1.57589
1.57946
1.58221
1.584
1.58509
1.58562
1.58586
1.5853
1.58436
1.58382
1.58403
1.58524
1.58726
1.58994
1.59385
1.59939
1.60615
1.61279
1.6177
1.21485
1.24743
1.28085
1.31693
1.35438
1.3928
1.43281
1.4718
1.51177
1.54992
1.58837
1.62447
1.66062
1.69342
1.72542
1.75169
1.77028
1.77222
1.76347
1.73932
1.68294
1.57578
1.38519
1.10734
0.907878
0.865693
0.873419
0.898261
0.938948
0.983486
1.02694
1.06896
1.10981
1.14974
1.18855
1.22628
1.26249
1.297
1.32963
1.35993
1.38766
1.41239
1.43377
1.4513
1.4651
1.47613
1.48387
1.48845
1.49063
1.48876
1.48329
1.47638
1.46995
1.46538
1.46293
1.46241
1.46372
1.46554
1.46811
1.47133
1.47618
1.48141
1.48728
1.49309
1.49921
1.50535
1.51182
1.51831
1.52488
1.53145
1.53804
1.54458
1.55106
1.55743
1.56361
1.56958
1.57519
1.58039
1.58504
1.58927
1.59284
1.59563
1.59753
1.59853
1.59901
1.59911
1.59839
1.59689
1.59575
1.595
1.59569
1.59734
1.59964
1.60287
1.60775
1.6144
1.62189
1.62966
1.63724
1.6422
1.23084
1.261
1.2923
1.32433
1.35917
1.39412
1.43071
1.4674
1.5044
1.5407
1.57751
1.61171
1.64732
1.67844
1.71049
1.73596
1.7552
1.75661
1.74747
1.72401
1.66966
1.55875
1.35327
1.07494
0.907574
0.883282
0.898877
0.929114
0.971751
1.01632
1.06001
1.10203
1.14206
1.18065
1.21775
1.25369
1.28819
1.3214
1.35277
1.38235
1.40985
1.43509
1.45786
1.47766
1.49436
1.50766
1.51856
1.52705
1.53218
1.53436
1.53387
1.52958
1.52284
1.51605
1.51023
1.50644
1.50457
1.50486
1.50628
1.50795
1.51058
1.51447
1.51953
1.52491
1.53052
1.53627
1.5422
1.54819
1.55426
1.56034
1.56641
1.57242
1.57829
1.58397
1.58935
1.59437
1.59888
1.60283
1.60632
1.60905
1.6109
1.61181
1.61212
1.61183
1.61089
1.60868
1.60679
1.60536
1.60467
1.6059
1.60774
1.61027
1.61418
1.62005
1.62716
1.63503
1.6434
1.65175
1.65958
1.66458
1.24488
1.27524
1.30512
1.3345
1.36571
1.39813
1.4317
1.46545
1.5007
1.53391
1.56957
1.60161
1.63559
1.6659
1.69498
1.71956
1.73152
1.72834
1.71531
1.6844
1.61722
1.49158
1.31242
1.13283
1.00761
0.970294
0.975727
0.99012
1.01913
1.0593
1.09911
1.13687
1.17248
1.20674
1.24
1.27269
1.30462
1.33579
1.3658
1.39466
1.422
1.44781
1.47173
1.49376
1.51332
1.53036
1.54409
1.55547
1.56501
1.5711
1.57401
1.57514
1.57302
1.56778
1.56057
1.55407
1.54883
1.54583
1.54478
1.54538
1.54667
1.54857
1.55176
1.55619
1.56115
1.56641
1.57173
1.57705
1.58235
1.58761
1.59283
1.59795
1.6029
1.60756
1.61184
1.61555
1.61862
1.62121
1.62292
1.6237
1.62388
1.62351
1.62226
1.61981
1.61743
1.61528
1.61403
1.61424
1.61568
1.6178
1.62102
1.62583
1.63263
1.64009
1.6484
1.65705
1.66595
1.67443
1.68234
1.68733
1.26318
1.2891
1.31746
1.34562
1.37408
1.40395
1.43498
1.46619
1.49888
1.53055
1.56314
1.59474
1.6252
1.65475
1.67957
1.69782
1.69923
1.68922
1.66594
1.61441
1.51903
1.38851
1.28725
1.20408
1.11497
1.05455
1.03799
1.04339
1.05518
1.07969
1.1146
1.15109
1.18596
1.21918
1.25157
1.28316
1.31437
1.34455
1.37405
1.40234
1.42973
1.45581
1.48085
1.50425
1.52612
1.54569
1.5631
1.5776
1.58988
1.60047
1.60802
1.61234
1.61378
1.61323
1.60931
1.60292
1.59587
1.58997
1.58554
1.58339
1.58295
1.58383
1.58501
1.58707
1.59066
1.59533
1.60022
1.6051
1.60988
1.61452
1.61897
1.62316
1.62702
1.63039
1.63315
1.63527
1.63675
1.6374
1.63733
1.63675
1.6349
1.63203
1.62899
1.62615
1.62403
1.62292
1.62413
1.6258
1.62825
1.63218
1.63818
1.64522
1.65326
1.66171
1.67057
1.67942
1.6883
1.69657
1.7042
1.70897
1.28134
1.3022
1.32971
1.35726
1.38392
1.41151
1.4402
1.46917
1.49943
1.52921
1.55957
1.58878
1.61728
1.6422
1.66181
1.66579
1.65701
1.63704
1.59314
1.51008
1.39446
1.31798
1.28171
1.25279
1.20808
1.15143
1.11025
1.09598
1.09907
1.10846
1.12835
1.15922
1.1937
1.22723
1.2596
1.29088
1.32145
1.35105
1.38001
1.40797
1.43535
1.46174
1.48736
1.51192
1.53514
1.55698
1.57687
1.59472
1.6102
1.62333
1.63487
1.64403
1.64964
1.65196
1.65247
1.65059
1.64548
1.63879
1.63192
1.62665
1.62277
1.62117
1.62075
1.62147
1.62272
1.62516
1.62873
1.63272
1.63674
1.64051
1.64391
1.64683
1.64915
1.65079
1.65172
1.65209
1.65179
1.65089
1.64853
1.64508
1.64149
1.63789
1.63483
1.63317
1.6328
1.6342
1.63625
1.63948
1.64437
1.65095
1.65859
1.66676
1.67555
1.68437
1.69332
1.70199
1.71057
1.71843
1.72563
1.73013
1.30569
1.31948
1.34194
1.36938
1.39506
1.42065
1.44719
1.47403
1.50195
1.52974
1.55742
1.58422
1.60825
1.62766
1.63217
1.62355
1.60476
1.56371
1.48443
1.37951
1.31124
1.29027
1.28735
1.28492
1.27205
1.24222
1.19932
1.16147
1.14433
1.14426
1.15212
1.16916
1.19726
1.23072
1.26408
1.29627
1.32716
1.357
1.38574
1.41386
1.44103
1.46778
1.49368
1.51903
1.54335
1.56648
1.58816
1.6082
1.62633
1.64257
1.65648
1.66906
1.67934
1.68643
1.68993
1.6909
1.69028
1.68684
1.6805
1.67367
1.6668
1.66194
1.65832
1.65696
1.65646
1.65698
1.658
1.66001
1.66274
1.66529
1.66734
1.66861
1.66913
1.66903
1.66848
1.66684
1.6637
1.65994
1.6556
1.65114
1.64731
1.64437
1.64297
1.64387
1.64535
1.64769
1.65171
1.65754
1.6647
1.67254
1.68112
1.6897
1.69869
1.70742
1.71616
1.72442
1.73247
1.73972
1.74623
1.75032
1.33093
1.33744
1.35589
1.38104
1.40615
1.43049
1.45533
1.48039
1.50596
1.53164
1.55648
1.57894
1.59693
1.60094
1.59176
1.57261
1.53098
1.45294
1.3536
1.28852
1.2747
1.28249
1.29374
1.3061
1.30889
1.30303
1.2816
1.24284
1.20443
1.18585
1.18504
1.19277
1.20846
1.23503
1.26764
1.30078
1.33259
1.36305
1.39214
1.42033
1.44764
1.47441
1.50062
1.52641
1.55139
1.57544
1.59821
1.61969
1.63976
1.65829
1.67515
1.68993
1.70309
1.71428
1.72265
1.7273
1.72897
1.72919
1.72726
1.7223
1.71471
1.70758
1.70065
1.6958
1.69201
1.68993
1.68881
1.68848
1.68856
1.68864
1.68862
1.68813
1.68711
1.68481
1.68123
1.67679
1.67173
1.66639
1.66135
1.65737
1.65506
1.65417
1.65554
1.65743
1.66053
1.66513
1.67185
1.67923
1.68747
1.69588
1.70475
1.71341
1.7221
1.73032
1.73848
1.74606
1.75338
1.75987
1.76556
1.76916
1.36745
1.36271
1.37178
1.39164
1.41698
1.44104
1.46439
1.48778
1.51098
1.53382
1.55449
1.57058
1.57335
1.56303
1.54251
1.49944
1.41918
1.32175
1.25964
1.2486
1.25876
1.27775
1.30453
1.32659
1.33611
1.33729
1.33191
1.31366
1.28061
1.24713
1.23069
1.22973
1.23692
1.25087
1.27487
1.30558
1.33761
1.36888
1.39896
1.42779
1.45544
1.48226
1.50859
1.53438
1.55968
1.584
1.60738
1.62975
1.65102
1.67136
1.69026
1.7076
1.72294
1.73643
1.74836
1.75764
1.76361
1.76629
1.76678
1.76561
1.76161
1.75453
1.74624
1.73813
1.73084
1.72485
1.72034
1.71674
1.71383
1.71101
1.70802
1.70476
1.70085
1.696
1.69017
1.68397
1.67793
1.6727
1.66872
1.66694
1.66713
1.66845
1.67068
1.67446
1.68034
1.68697
1.69493
1.70305
1.71178
1.72019
1.72879
1.73693
1.74508
1.75267
1.76011
1.76689
1.77335
1.77897
1.78369
1.78668
1.41128
1.38884
1.39075
1.40476
1.42658
1.45077
1.47348
1.49505
1.51583
1.53432
1.54836
1.5494
1.53758
1.51487
1.46897
1.38463
1.28689
1.23077
1.2223
1.23345
1.25597
1.28758
1.31786
1.34198
1.35639
1.36237
1.36368
1.35984
1.34569
1.32006
1.29228
1.27756
1.27594
1.28225
1.29394
1.31469
1.34344
1.37434
1.40525
1.43479
1.46302
1.49017
1.51685
1.54297
1.56855
1.59311
1.61688
1.63971
1.66191
1.68319
1.70365
1.72254
1.74013
1.75553
1.76952
1.78183
1.79203
1.79921
1.80258
1.80299
1.8022
1.79887
1.79207
1.78271
1.77272
1.76293
1.75374
1.74579
1.73856
1.73178
1.7252
1.71836
1.71116
1.70385
1.69671
1.69011
1.68495
1.68156
1.68023
1.68134
1.68288
1.68552
1.69002
1.69606
1.70351
1.71124
1.71968
1.72781
1.73628
1.74428
1.75238
1.75992
1.76739
1.77424
1.78088
1.7868
1.79229
1.79685
1.80043
1.80273
1.50242
1.42884
1.41658
1.42139
1.43749
1.4595
1.48135
1.50117
1.51826
1.52978
1.52894
1.51518
1.48967
1.43952
1.34927
1.25137
1.20149
1.19601
1.20772
1.23283
1.26658
1.2996
1.32748
1.35045
1.36875
1.38131
1.38828
1.39099
1.39029
1.38168
1.36242
1.33986
1.32616
1.32336
1.32864
1.33789
1.35511
1.38157
1.41135
1.44136
1.47016
1.49814
1.52542
1.5521
1.57779
1.60254
1.62631
1.64961
1.67223
1.69445
1.71555
1.73577
1.75439
1.77191
1.78751
1.80189
1.81434
1.825
1.83253
1.83634
1.83682
1.83623
1.83313
1.826
1.81504
1.80242
1.7891
1.77575
1.76305
1.75117
1.74006
1.72963
1.72
1.7114
1.70422
1.69891
1.69639
1.69578
1.69693
1.6988
1.70213
1.70713
1.71363
1.72082
1.72886
1.73666
1.74487
1.75262
1.76061
1.768
1.77548
1.7823
1.78905
1.79501
1.80073
1.8055
1.80978
1.81305
1.81538
1.81695
1.67778
1.48624
1.44837
1.44376
1.4507
1.46712
1.4874
1.50473
1.51499
1.51186
1.49585
1.46665
1.41065
1.31315
1.21632
1.17391
1.17114
1.18319
1.20978
1.24632
1.27973
1.30865
1.3335
1.35529
1.37592
1.39323
1.40785
1.41714
1.42254
1.4239
1.4204
1.40781
1.3897
1.37623
1.37183
1.37574
1.38296
1.39702
1.42023
1.44854
1.47749
1.50612
1.53415
1.56121
1.58715
1.61193
1.63604
1.65972
1.68299
1.70556
1.72727
1.74779
1.76752
1.78583
1.8035
1.81906
1.83366
1.84541
1.85591
1.86303
1.86653
1.86692
1.86608
1.86242
1.85382
1.8404
1.82415
1.8063
1.78821
1.77094
1.75516
1.74147
1.73024
1.72194
1.7162
1.71388
1.71402
1.71504
1.71709
1.72074
1.72644
1.73284
1.74005
1.74715
1.75497
1.76235
1.77009
1.77722
1.7846
1.79127
1.79806
1.804
1.80985
1.81472
1.81928
1.82268
1.82563
1.82754
1.82838
1.82919
1.96228
1.594
1.48523
1.46595
1.46554
1.47472
1.48981
1.50217
1.49818
1.47936
1.44424
1.38098
1.27652
1.18197
1.14596
1.14778
1.16089
1.19034
1.22807
1.26185
1.29044
1.31462
1.33804
1.35949
1.38156
1.40223
1.4212
1.43759
1.44897
1.4571
1.46013
1.46017
1.45368
1.44062
1.42757
1.42157
1.42377
1.42953
1.44021
1.45967
1.48636
1.51457
1.54284
1.57014
1.59643
1.62137
1.64615
1.67033
1.69386
1.71682
1.73806
1.75952
1.77905
1.79893
1.81696
1.83403
1.84953
1.86253
1.87438
1.88281
1.88878
1.89001
1.89012
1.88812
1.88204
1.87031
1.85428
1.83524
1.8144
1.7937
1.77479
1.75918
1.74738
1.73937
1.73575
1.73535
1.73647
1.7386
1.74251
1.74775
1.75435
1.761
1.76799
1.77483
1.78194
1.78867
1.79553
1.80186
1.80828
1.81405
1.81975
1.82465
1.82925
1.83291
1.83594
1.83802
1.83943
1.83959
1.83884
1.83974
2.34672
1.81652
1.56803
1.50221
1.48727
1.48536
1.48962
1.48621
1.46482
1.42313
1.34814
1.23908
1.14929
1.11959
1.1243
1.14113
1.17321
1.21193
1.2452
1.2726
1.29687
1.31902
1.34162
1.36432
1.38707
1.41034
1.43186
1.45276
1.46989
1.48397
1.49394
1.49973
1.50114
1.49902
1.49086
1.47876
1.47242
1.47221
1.47685
1.48528
1.50032
1.52401
1.55108
1.57888
1.60562
1.63104
1.65665
1.68108
1.70509
1.72746
1.7489
1.77025
1.79029
1.81056
1.82884
1.84619
1.86208
1.87564
1.8884
1.89778
1.90473
1.90627
1.90645
1.90483
1.89946
1.88854
1.87394
1.8562
1.83668
1.81714
1.79858
1.78342
1.77167
1.76418
1.76111
1.76148
1.76256
1.76505
1.76968
1.77594
1.78245
1.7891
1.79573
1.80233
1.80877
1.8149
1.82082
1.82639
1.83174
1.83654
1.84096
1.84456
1.84761
1.84958
1.85101
1.85127
1.85069
1.84952
1.84731
1.84722
2.64033
2.20317
1.73698
1.5545
1.51165
1.49557
1.48172
1.45319
1.39941
1.30637
1.19688
1.12064
1.09761
1.10421
1.12598
1.16202
1.19994
1.23233
1.25872
1.28133
1.3035
1.32521
1.34798
1.37152
1.39491
1.41924
1.44231
1.46517
1.48617
1.50436
1.52007
1.53158
1.53989
1.5425
1.5429
1.53889
1.53002
1.52332
1.5204
1.52388
1.52978
1.54132
1.56111
1.58563
1.61208
1.63873
1.66539
1.69054
1.71429
1.73696
1.75845
1.78012
1.80023
1.8199
1.83812
1.85476
1.87069
1.88408
1.89652
1.9056
1.91168
1.91306
1.91326
1.91177
1.90643
1.89667
1.88479
1.87085
1.8558
1.84103
1.82649
1.81413
1.80355
1.79605
1.7918
1.79117
1.79153
1.79307
1.79678
1.80229
1.8082
1.81435
1.8204
1.82639
1.83224
1.83773
1.84302
1.84778
1.85223
1.85599
1.85923
1.86156
1.86308
1.86365
1.86333
1.86218
1.86047
1.85726
1.85241
1.85035
2.79828
2.51903
2.02279
1.66019
1.53997
1.4971
1.45102
1.37596
1.2618
1.14758
1.08617
1.07342
1.08363
1.11221
1.15198
1.18891
1.21968
1.24458
1.26686
1.28795
1.30959
1.33188
1.35469
1.37878
1.40248
1.42693
1.45106
1.47433
1.49765
1.51822
1.5379
1.55365
1.56722
1.57714
1.58185
1.58303
1.58205
1.57691
1.56942
1.56585
1.56763
1.57204
1.58062
1.59664
1.61884
1.64329
1.66921
1.69428
1.71854
1.74228
1.76457
1.78656
1.80668
1.82561
1.84351
1.85921
1.87442
1.88686
1.89761
1.90547
1.90873
1.90963
1.90953
1.90746
1.90179
1.89457
1.8869
1.87846
1.87
1.86171
1.85402
1.84577
1.83806
1.83095
1.82577
1.82287
1.82234
1.82241
1.82356
1.82671
1.83116
1.83634
1.84164
1.84702
1.85209
1.85694
1.8613
1.8652
1.86845
1.87108
1.87275
1.87365
1.8735
1.87266
1.8712
1.86835
1.86425
1.85882
1.85243
1.84952
2.88565
2.73762
2.39024
1.88232
1.60493
1.48788
1.3722
1.21629
1.09042
1.04219
1.04238
1.05941
1.09543
1.13891
1.17612
1.2061
1.22988
1.25064
1.27097
1.29187
1.31383
1.33663
1.36003
1.38417
1.40835
1.43271
1.45717
1.48096
1.5047
1.52717
1.54847
1.56789
1.58431
1.59915
1.60985
1.61671
1.61865
1.61868
1.61619
1.6102
1.60662
1.60522
1.60866
1.61526
1.62736
1.64667
1.66942
1.69328
1.7169
1.74056
1.7635
1.78488
1.8055
1.82393
1.84106
1.85672
1.86958
1.88098
1.88872
1.89341
1.89484
1.89516
1.89445
1.89142
1.88799
1.8842
1.88152
1.87885
1.87725
1.87599
1.87382
1.87082
1.86614
1.86117
1.85586
1.8514
1.84807
1.84647
1.84626
1.84666
1.84813
1.85137
1.85558
1.86012
1.86455
1.86884
1.8725
1.87555
1.87772
1.87886
1.8791
1.87855
1.87737
1.87485
1.87117
1.86562
1.85975
1.85355
1.84677
1.84384
2.93975
2.84899
2.65546
2.23529
1.73383
1.43638
1.19506
1.02608
0.983507
0.995157
1.0256
1.07062
1.11537
1.15321
1.18353
1.20732
1.22781
1.24775
1.26847
1.29026
1.31325
1.33677
1.36058
1.38485
1.40905
1.43326
1.45756
1.48129
1.50497
1.52784
1.54978
1.57071
1.58932
1.60631
1.62072
1.6325
1.6405
1.64359
1.64414
1.64352
1.64003
1.63594
1.63318
1.63577
1.64068
1.65011
1.66566
1.68579
1.70769
1.73041
1.75272
1.77385
1.79314
1.81123
1.82731
1.84101
1.85303
1.86088
1.86607
1.86772
1.86826
1.86779
1.86695
1.86553
1.86578
1.86674
1.86868
1.87185
1.87579
1.87983
1.88242
1.88335
1.88209
1.88021
1.87709
1.87302
1.86802
1.86418
1.86123
1.85965
1.85951
1.86034
1.86183
1.86456
1.86802
1.87147
1.87427
1.87626
1.87709
1.87713
1.87639
1.87439
1.87117
1.86606
1.86055
1.85389
1.84748
1.84145
1.83542
1.83314
2.96034
2.89966
2.76894
2.45615
1.89568
1.28427
0.921689
0.844271
0.88037
0.933342
0.997569
1.05287
1.09711
1.13186
1.15924
1.18283
1.20538
1.22822
1.25177
1.27591
1.30059
1.32547
1.34996
1.37427
1.39841
1.42215
1.44594
1.46922
1.49217
1.51487
1.53643
1.55762
1.57722
1.59532
1.6118
1.62601
1.63827
1.64669
1.65127
1.65258
1.6521
1.65092
1.64746
1.64459
1.64659
1.65075
1.65782
1.66952
1.68746
1.70778
1.72841
1.74775
1.7662
1.78277
1.79744
1.80949
1.81787
1.82359
1.82569
1.82657
1.82703
1.82771
1.82843
1.83046
1.83411
1.84007
1.84748
1.85543
1.86296
1.87027
1.8761
1.88081
1.88314
1.88364
1.8822
1.8803
1.87713
1.87273
1.86802
1.86404
1.86123
1.8597
1.85936
1.85992
1.86139
1.86298
1.86429
1.86527
1.8652
1.86389
1.86142
1.85717
1.85227
1.84571
1.83946
1.83267
1.82683
1.82183
1.81728
1.81604
2.96658
2.91647
2.79812
2.51123
1.92053
1.08558
0.637556
0.614253
0.692685
0.78763
0.875332
0.942181
0.993003
1.03323
1.06784
1.09975
1.13018
1.15966
1.18844
1.21662
1.24442
1.27189
1.299
1.32543
1.35098
1.37614
1.40072
1.42485
1.44838
1.47149
1.49373
1.51534
1.53609
1.5554
1.57374
1.59008
1.6051
1.61778
1.62732
1.63403
1.63639
1.63703
1.63701
1.63578
1.63408
1.63493
1.63842
1.64447
1.65431
1.66864
1.68594
1.70317
1.71961
1.73442
1.74613
1.75533
1.76148
1.76527
1.767
1.76831
1.77005
1.77297
1.77794
1.78487
1.79381
1.80334
1.81464
1.82494
1.83571
1.84506
1.85417
1.8613
1.86739
1.87081
1.87208
1.87122
1.86998
1.86766
1.86354
1.8582
1.85316
1.84902
1.84605
1.8441
1.843
1.84233
1.84158
1.84047
1.83872
1.83562
1.83127
1.82561
1.81946
1.81291
1.80669
1.80118
1.79652
1.79349
1.79045
1.7906
2.96741
2.92425
2.8056
2.52916
1.92168
0.987239
0.452457
0.41853
0.509799
0.617453
0.706466
0.775563
0.831964
0.881131
0.925749
0.967323
1.0062
1.0431
1.07806
1.11156
1.14363
1.17466
1.20465
1.23425
1.26273
1.29038
1.31742
1.3436
1.36932
1.39423
1.41851
1.44194
1.46469
1.48623
1.50692
1.52606
1.5438
1.56018
1.57401
1.58565
1.5938
1.59841
1.60039
1.6016
1.60174
1.60137
1.60077
1.60366
1.60908
1.61664
1.62627
1.6383
1.65124
1.66281
1.6718
1.67852
1.68337
1.68687
1.69002
1.69407
1.70009
1.7075
1.71753
1.72852
1.7413
1.75411
1.76757
1.78037
1.79301
1.80484
1.81564
1.82546
1.8334
1.84015
1.84409
1.84593
1.84557
1.84476
1.84266
1.83862
1.83261
1.82688
1.82119
1.81669
1.81237
1.80907
1.80522
1.80172
1.79711
1.79227
1.78605
1.77997
1.77328
1.76764
1.76224
1.75857
1.75548
1.75431
1.75272
1.75398
2.96979
2.92401
2.81225
2.53398
1.93244
0.966791
0.418781
0.369098
0.433062
0.513452
0.579764
0.636817
0.689536
0.7397
0.787524
0.833071
0.876191
0.91712
0.955937
0.993009
1.02834
1.06253
1.09531
1.12731
1.15865
1.18901
1.21867
1.24734
1.27532
1.30245
1.32886
1.3543
1.37921
1.40302
1.42602
1.44807
1.46868
1.48816
1.50604
1.52154
1.53494
1.54451
1.5506
1.55325
1.55506
1.55574
1.55463
1.55281
1.55258
1.55337
1.55642
1.56137
1.56716
1.57262
1.57799
1.58291
1.58802
1.59346
1.60064
1.60981
1.6209
1.63381
1.64785
1.6629
1.67822
1.69373
1.70859
1.72351
1.73725
1.75098
1.76317
1.77492
1.78502
1.79388
1.80092
1.80536
1.8074
1.80812
1.80798
1.80572
1.80121
1.79497
1.78743
1.78019
1.77251
1.76559
1.75816
1.75126
1.74352
1.73635
1.72873
1.72214
1.71577
1.71106
1.70702
1.70484
1.70327
1.7032
1.70278
1.70464
2.97074
2.92347
2.81441
2.53437
1.93278
0.957009
0.40796
0.363645
0.41792
0.479663
0.52464
0.563841
0.603607
0.645039
0.687325
0.729446
0.770821
0.811242
0.850444
0.888675
0.925643
0.96176
0.996714
1.03082
1.06387
1.09635
1.12772
1.15856
1.18831
1.21755
1.24596
1.27359
1.30074
1.32683
1.35241
1.37678
1.4003
1.42239
1.44301
1.46225
1.47844
1.49268
1.50284
1.50817
1.51054
1.51205
1.51164
1.50767
1.5009
1.49547
1.48992
1.48511
1.4834
1.48204
1.48501
1.48911
1.49401
1.50129
1.51245
1.52624
1.54215
1.55887
1.57673
1.59453
1.61271
1.63011
1.64768
1.66418
1.68069
1.69597
1.71071
1.72416
1.73653
1.74725
1.7566
1.7634
1.76755
1.76867
1.7699
1.76867
1.76501
1.75831
1.74901
1.73829
1.72662
1.71464
1.70271
1.69097
1.67996
1.66964
1.66077
1.65308
1.64729
1.64269
1.64006
1.63822
1.63798
1.6383
1.63858
1.64058
2.97108
2.92333
2.8156
2.53545
1.93523
0.959511
0.412616
0.370774
0.423412
0.480114
0.51609
0.544396
0.573505
0.60556
0.639867
0.675495
0.711865
0.748594
0.785381
0.822135
0.858549
0.894593
0.930127
0.965063
0.999259
1.03286
1.06562
1.09771
1.12903
1.15964
1.18953
1.21873
1.24733
1.27495
1.30215
1.32813
1.35331
1.37721
1.3999
1.42074
1.43951
1.45633
1.46883
1.47749
1.48056
1.48189
1.48124
1.47636
1.46592
1.45309
1.4388
1.42621
1.41464
1.40921
1.40915
1.41277
1.41812
1.42725
1.44177
1.45914
1.47841
1.49816
1.51919
1.53935
1.55981
1.57905
1.59833
1.61636
1.6341
1.65047
1.66639
1.68052
1.69405
1.70534
1.71547
1.72314
1.72785
1.72952
1.72936
1.72798
1.72418
1.71649
1.70504
1.69089
1.67503
1.65782
1.64128
1.62447
1.61047
1.59715
1.5875
1.57901
1.57395
1.5697
1.56817
1.56691
1.56754
1.56811
1.56893
1.57076
2.96949
2.92593
2.81263
2.53829
1.93475
0.959636
0.413054
0.372423
0.425286
0.481503
0.515806
0.541316
0.567343
0.596081
0.627113
0.65942
0.692712
0.726723
0.76128
0.796313
0.831553
0.866843
0.902106
0.937018
0.971649
1.00564
1.03909
1.07169
1.10376
1.13482
1.16546
1.19518
1.22439
1.25264
1.28045
1.30702
1.3329
1.35748
1.3809
1.4024
1.42229
1.43995
1.45368
1.46411
1.46766
1.46867
1.46768
1.46226
1.44979
1.43267
1.41203
1.39347
1.37693
1.36817
1.3659
1.36925
1.37486
1.38482
1.4004
1.41879
1.4391
1.45993
1.48188
1.50267
1.52369
1.54319
1.56285
1.58083
1.59869
1.61473
1.6305
1.64428
1.65755
1.66848
1.67848
1.68571
1.69073
1.69178
1.69132
1.6896
1.6855
1.67718
1.66466
1.64846
1.63013
1.60995
1.58989
1.57086
1.55387
1.53964
1.52852
1.51963
1.51416
1.50967
1.50789
1.50631
1.50677
1.50701
1.50737
1.50947
)
;

boundaryField
{
    inlet
    {
        type            calculated;
        value           uniform 3.00001;
    }
    outlet
    {
        type            calculated;
        value           nonuniform List<scalar> 
40
(
1.06211
1.15532
1.23271
1.30216
1.35337
1.39809
1.42784
1.45201
1.47035
1.48609
1.50261
1.52193
1.54465
1.56904
1.5938
1.6177
1.6422
1.66458
1.68733
1.70897
1.73013
1.75032
1.76916
1.78668
1.80273
1.81695
1.82919
1.83974
1.84722
1.85035
1.84952
1.84384
1.83314
1.81604
1.7906
1.75398
1.70464
1.64058
1.57076
1.50947
)
;
    }
    bottom
    {
        type            symmetryPlane;
    }
    top
    {
        type            symmetryPlane;
    }
    obstacle
    {
        type            calculated;
        value           uniform 0;
    }
    defaultFaces
    {
        type            empty;
    }
}


// ************************************************************************* //
