/*--------------------------------*- C++ -*----------------------------------*\
  =========                 |
  \\      /  F ield         | OpenFOAM: The Open Source CFD Toolbox
   \\    /   O peration     | Website:  https://openfoam.org
    \\  /    A nd           | Version:  10
     \\/     M anipulation  |
\*---------------------------------------------------------------------------*/
FoamFile
{
    format      ascii;
    class       volScalarField;
    location    "1";
    object      rho;
}
// * * * * * * * * * * * * * * * * * * * * * * * * * * * * * * * * * * * * * //

dimensions      [1 -3 0 0 0 0 0];

internalField   nonuniform List<scalar> 
5250
(
1.40001
1.40001
1.40002
1.40005
1.40013
1.40026
1.40076
1.40163
1.40457
1.41016
1.42717
1.46206
1.55086
1.73314
2.14319
3.54858
6.31643
5.8931
5.70879
5.73956
5.80696
5.85974
5.90103
5.89421
5.5551
1.40001
1.40001
1.40002
1.40005
1.40012
1.40026
1.40075
1.40159
1.40457
1.40987
1.42703
1.46076
1.54891
1.72803
2.12931
3.49632
6.31663
5.89653
5.7084
5.7387
5.80548
5.85763
5.89912
5.89308
5.55398
1.40001
1.40001
1.40002
1.40005
1.40012
1.40026
1.40073
1.40155
1.40444
1.4096
1.42624
1.45894
1.54446
1.71857
2.0998
3.38773
6.30964
5.89913
5.70279
5.73053
5.7938
5.84294
5.88353
5.87815
5.54085
1.40001
1.40001
1.40002
1.40004
1.40012
1.40025
1.4007
1.4015
1.40428
1.40924
1.42527
1.45664
1.53882
1.70597
2.0616
3.23913
6.27276
5.89252
5.68975
5.71365
5.77049
5.81594
5.8547
5.84843
5.51498
1.40001
1.40001
1.40002
1.40004
1.40011
1.40024
1.40067
1.40143
1.40409
1.40881
1.42413
1.45404
1.53274
1.69289
2.02891
3.11388
6.15974
5.86497
5.67077
5.68954
5.73716
5.77717
5.81547
5.81468
5.49223
1.40001
1.40001
1.40002
1.40004
1.40011
1.40022
1.40064
1.40135
1.40386
1.40831
1.4228
1.45101
1.52579
1.67793
1.99814
2.9797
5.98613
5.81091
5.64806
5.65955
5.69127
5.72592
5.761
5.75666
5.44301
1.40001
1.40001
1.40002
1.40004
1.4001
1.40021
1.40059
1.40126
1.40359
1.40773
1.42129
1.44755
1.51798
1.66102
1.96182
2.83516
5.77021
5.74068
5.62617
5.62216
5.62544
5.6556
5.68516
5.68327
5.39422
1.40001
1.40001
1.40002
1.40003
1.40009
1.40019
1.40054
1.40115
1.4033
1.40706
1.41958
1.44362
1.50898
1.6419
1.9288
2.69271
5.48045
5.67223
5.59733
5.5705
5.54975
5.56401
5.58698
5.57695
5.2948
1.40001
1.40001
1.40002
1.40003
1.40008
1.40017
1.40049
1.40105
1.4029
1.40654
1.41727
1.43998
1.49814
1.62096
1.88702
2.54703
5.10624
5.62493
5.55472
5.48688
5.46056
5.46276
5.46214
5.44224
5.18352
1.40001
1.40001
1.40001
1.40003
1.40006
1.40018
1.40037
1.40105
1.40225
1.40637
1.41396
1.43737
1.48431
1.60041
1.83598
2.40611
4.63794
5.59668
5.52765
5.4074
5.38236
5.34373
5.31333
5.24279
4.89833
1.40001
1.40001
1.40001
1.40002
1.40006
1.40013
1.40037
1.40077
1.40223
1.40474
1.41339
1.42959
1.47614
1.57101
1.78494
2.26596
4.09566
5.59516
5.51654
5.33262
5.26698
5.19804
5.08949
4.88275
4.09951
1.40001
1.40001
1.40001
1.40002
1.40005
1.40012
1.40026
1.40074
1.40158
1.40452
1.40979
1.42676
1.46012
1.54728
1.72344
2.13689
3.4593
5.56033
5.48441
5.27911
5.17623
5.07819
4.90075
4.60222
3.83269
1.40001
1.40001
1.40001
1.40002
1.40004
1.40009
1.40025
1.40052
1.40147
1.40323
1.40879
1.41999
1.45113
1.517
1.6683
1.98858
2.84878
5.43717
5.42019
5.25931
5.08704
4.94582
4.72838
4.40189
3.83856
1.40001
1.40001
1.40001
1.40002
1.40003
1.40008
1.40018
1.40047
1.4011
1.4028
1.40684
1.41677
1.44113
1.49719
1.62321
1.88757
2.54631
4.9818
5.26582
5.18145
4.99049
4.81487
4.58134
4.24864
3.83797
1.40001
1.40001
1.40001
1.40001
1.40003
1.40006
1.40015
1.40037
1.40087
1.40231
1.40525
1.41398
1.43217
1.48007
1.58216
1.80531
2.30361
4.27269
5.17195
5.12082
4.94709
4.73633
4.50098
4.17677
3.82464
1.40001
1.40001
1.40001
1.40001
1.40002
1.40005
1.40012
1.40027
1.40073
1.40161
1.4045
1.40985
1.42666
1.46023
1.54662
1.72259
2.12367
3.47285
5.09744
5.06441
4.93254
4.68302
4.45737
4.15807
3.82604
1.40001
1.40001
1.40001
1.40001
1.40002
1.40004
1.40008
1.40023
1.40048
1.40137
1.40294
1.40825
1.41809
1.44767
1.50718
1.64927
1.93482
2.68356
4.9192
5.00086
4.90308
4.65483
4.40744
4.12828
3.82747
1.40001
1.40001
1.40001
1.40001
1.40002
1.40003
1.40007
1.40016
1.40039
1.40097
1.40231
1.40597
1.41394
1.43543
1.48236
1.59263
1.82001
2.34145
4.33007
4.90855
4.85383
4.66543
4.39706
4.13248
3.85144
1.40001
1.40001
1.40001
1.40001
1.40001
1.40002
1.40005
1.40011
1.4003
1.40065
1.40185
1.40393
1.41109
1.42434
1.4633
1.54228
1.72365
2.1043
3.44683
4.79994
4.76944
4.6537
4.39744
4.12457
3.85986
1.40001
1.40001
1.40001
1.40001
1.40001
1.40002
1.40003
1.40009
1.40019
1.40051
1.40117
1.40299
1.40724
1.41777
1.44314
1.50179
1.63158
1.89132
2.55196
4.54861
4.73077
4.65033
4.44213
4.16098
3.89455
1.40001
1.40001
1.40001
1.40001
1.40001
1.40001
1.40003
1.40006
1.40015
1.40032
1.4009
1.40191
1.40539
1.41173
1.43144
1.47071
1.56989
1.76767
2.20249
3.8528
4.65685
4.61031
4.46969
4.19171
3.91819
1.40001
1.40001
1.40001
1.40001
1.40001
1.40001
1.40002
1.40004
1.40009
1.40025
1.40052
1.40146
1.40317
1.40868
1.41945
1.4503
1.5138
1.66312
1.95513
2.81597
4.46336
4.55445
4.47762
4.26525
3.97418
1.40001
1.40001
1.40001
1.40001
1.40001
1.40001
1.40002
1.40003
1.40007
1.40014
1.4004
1.40085
1.40237
1.40522
1.41401
1.43192
1.47941
1.57967
1.79125
2.25127
3.94315
4.51703
4.47193
4.32319
4.03524
1.40001
1.40001
1.40001
1.40001
1.40001
1.40001
1.40001
1.40002
1.40004
1.40011
1.40023
1.40063
1.40134
1.40381
1.40818
1.42237
1.44984
1.52314
1.67022
1.97705
2.9288
4.31951
4.40049
4.33703
4.15248
1.40001
1.40001
1.40001
1.40001
1.40001
1.40001
1.40001
1.40001
1.40003
1.40006
1.40016
1.40037
1.40093
1.40225
1.40548
1.41366
1.43254
1.47853
1.58015
1.78288
2.24117
3.83531
4.3713
4.32286
4.20851
1.40001
1.40001
1.40001
1.40001
1.40001
1.40001
1.40001
1.40001
1.40002
1.40004
1.40009
1.40025
1.40053
1.40148
1.40316
1.40882
1.41934
1.45043
1.51331
1.65952
1.94209
2.78522
4.1572
4.29063
4.23772
1.40001
1.40001
1.40001
1.40001
1.40001
1.40001
1.40001
1.40001
1.40002
1.40003
1.40006
1.40014
1.40036
1.40083
1.40209
1.40507
1.41236
1.43031
1.47142
1.56682
1.75226
2.16709
3.61154
4.23054
4.19832
1.40001
1.40001
1.40001
1.40001
1.40001
1.40001
1.40001
1.40001
1.40001
1.40002
1.40004
1.40008
1.40022
1.40046
1.4013
1.40278
1.40767
1.41678
1.44389
1.49763
1.62585
1.84745
2.47883
3.9885
4.19201
1.40001
1.40001
1.40001
1.40001
1.40001
1.40001
1.40001
1.40001
1.40001
1.40001
1.40003
1.40005
1.40013
1.40028
1.40076
1.40167
1.40448
1.41013
1.42611
1.45982
1.54285
1.7049
2.05075
3.2625
4.05879
1.40001
1.40001
1.40001
1.40001
1.40001
1.40001
1.40001
1.40001
1.40001
1.40001
1.40002
1.40003
1.40007
1.40017
1.40042
1.40098
1.40252
1.40577
1.41496
1.43409
1.48366
1.58587
1.77402
2.24849
3.69011
1.40001
1.40001
1.40001
1.40001
1.40001
1.40001
1.40001
1.40001
1.40001
1.40001
1.40001
1.40002
1.40004
1.4001
1.40022
1.40058
1.40129
1.4034
1.40785
1.41994
1.44659
1.51134
1.6428
1.90535
2.69955
1.40001
1.40001
1.40001
1.40001
1.40001
1.40001
1.40001
1.40001
1.40001
1.40001
1.40001
1.40001
1.40002
1.40006
1.40013
1.4003
1.40076
1.40177
1.40461
1.41047
1.42716
1.46146
1.5477
1.70439
2.06685
1.40001
1.40001
1.40001
1.40001
1.40001
1.40001
1.40001
1.40001
1.40001
1.40001
1.40001
1.40001
1.40002
1.40003
1.40007
1.40018
1.40037
1.40104
1.40221
1.4061
1.41335
1.43493
1.47785
1.5813
1.75391
1.40001
1.40001
1.40001
1.40001
1.40001
1.40001
1.40001
1.40001
1.40001
1.40001
1.40001
1.40001
1.40001
1.40002
1.40004
1.40009
1.4002
1.40053
1.40115
1.40318
1.40678
1.4186
1.44042
1.50173
1.61467
1.40001
1.40001
1.40001
1.40001
1.40001
1.40001
1.40001
1.40001
1.40001
1.40001
1.40001
1.40001
1.40001
1.40001
1.40002
1.40005
1.40012
1.40024
1.40068
1.40144
1.40398
1.40868
1.42316
1.4516
1.52622
1.40001
1.40001
1.40001
1.40001
1.40001
1.40001
1.40001
1.40001
1.40001
1.40001
1.40001
1.40001
1.40001
1.40001
1.40001
1.40003
1.40006
1.40013
1.40034
1.40074
1.40199
1.40447
1.41164
1.42664
1.46602
1.40001
1.40001
1.40001
1.40001
1.40001
1.40001
1.40001
1.40001
1.40001
1.40001
1.40001
1.40001
1.40001
1.40001
1.40001
1.40002
1.40003
1.40007
1.40016
1.4004
1.40091
1.4024
1.40527
1.41411
1.43095
1.40001
1.40001
1.40001
1.40001
1.40001
1.40001
1.40001
1.40001
1.40001
1.40001
1.40001
1.40001
1.40001
1.40001
1.40001
1.40001
1.40002
1.40004
1.40008
1.4002
1.40043
1.40117
1.4025
1.40684
1.41463
1.40001
1.40001
1.40001
1.40001
1.40001
1.40001
1.40001
1.40001
1.40001
1.40001
1.40001
1.40001
1.40001
1.40001
1.40001
1.40001
1.40001
1.40002
1.40004
1.40009
1.40023
1.4005
1.40133
1.40286
1.4078
1.40001
1.40001
1.40001
1.40001
1.40001
1.40001
1.40001
1.40001
1.40001
1.40001
1.40001
1.40001
1.40001
1.40001
1.40001
1.40001
1.40001
1.40001
1.40002
1.40005
1.4001
1.40026
1.40056
1.40146
1.40336
1.40001
1.40001
1.40001
1.40001
1.40001
1.40001
1.40001
1.40001
1.40001
1.40001
1.40001
1.40001
1.40001
1.40001
1.40001
1.40001
1.40001
1.40001
1.40001
1.40002
1.40005
1.40012
1.40027
1.40065
1.40158
1.40001
1.40001
1.40001
1.40001
1.40001
1.40001
1.40001
1.40001
1.40001
1.40001
1.40001
1.40001
1.40001
1.40001
1.40001
1.40001
1.40001
1.40001
1.40001
1.40001
1.40002
1.40006
1.40012
1.40031
1.40067
1.40001
1.40001
1.40001
1.40001
1.40001
1.40001
1.40001
1.40001
1.40001
1.40001
1.40001
1.40001
1.40001
1.40001
1.40001
1.40001
1.40001
1.40001
1.40001
1.40001
1.40001
1.40003
1.40006
1.40013
1.4003
1.40001
1.40001
1.40001
1.40001
1.40001
1.40001
1.40001
1.40001
1.40001
1.40001
1.40001
1.40001
1.40001
1.40001
1.40001
1.40001
1.40001
1.40001
1.40001
1.40001
1.40001
1.40001
1.40003
1.40006
1.40015
1.40001
1.40001
1.40001
1.40001
1.40001
1.40001
1.40001
1.40001
1.40001
1.40001
1.40001
1.40001
1.40001
1.40001
1.40001
1.40001
1.40001
1.40001
1.40001
1.40001
1.40001
1.40001
1.40001
1.40003
1.40006
1.40001
1.40001
1.40001
1.40001
1.40001
1.40001
1.40001
1.40001
1.40001
1.40001
1.40001
1.40001
1.40001
1.40001
1.40001
1.40001
1.40001
1.40001
1.40001
1.40001
1.40001
1.40001
1.40001
1.40001
1.40003
1.40001
1.40001
1.40001
1.40001
1.40001
1.40001
1.40001
1.40001
1.40001
1.40001
1.40001
1.40001
1.40001
1.40001
1.40001
1.40001
1.40001
1.40001
1.40001
1.40001
1.40001
1.40001
1.40001
1.40001
1.40001
1.40001
1.40001
1.40001
1.40001
1.40001
1.40001
1.40001
1.40001
1.40001
1.40001
1.40001
1.40001
1.40001
1.40001
1.40001
1.40001
1.40001
1.40001
1.40001
1.40001
1.40001
1.40001
1.40001
1.40001
1.40001
1.40001
1.40001
1.40001
1.40001
1.40001
1.40001
1.40001
1.40001
1.40001
1.40001
1.40001
1.40001
1.40001
1.40001
1.40001
1.40001
1.40001
1.40001
1.40001
1.40001
1.40001
1.40001
1.40001
1.40001
1.40001
1.40001
1.40001
1.40001
1.40001
1.40001
1.40001
1.40001
1.40001
1.40001
1.40001
1.40001
1.40001
1.40001
1.40001
1.40001
1.40001
1.40001
1.40001
1.40001
1.40001
1.40001
1.40001
1.40001
1.40001
1.40001
1.75526
0.958274
0.663201
0.580831
0.576459
0.602112
0.662839
0.722081
0.736259
0.734911
0.729473
0.718164
0.70995
0.706615
0.704974
0.703293
0.700831
0.69735
0.692988
0.688258
0.683439
0.678619
0.673836
0.669071
0.66425
0.65928
0.654099
0.648671
0.642991
0.637116
0.631135
0.625095
0.619011
0.612899
0.606815
0.60084
0.59503
0.589407
0.583964
0.5787
0.573579
0.56858
0.563697
0.558943
0.554333
0.549894
0.545646
0.541607
0.537778
0.53416
0.530747
0.527526
0.524483
0.521617
0.518935
0.516446
0.514158
0.512091
0.510295
0.508761
0.507573
0.506606
0.505983
0.505605
0.505515
0.50552
0.505585
0.505799
0.506169
0.50645
0.506838
0.507436
0.508099
0.509381
0.510786
0.51233
0.513909
0.515827
0.517894
0.520058
0.522095
0.523938
0.52561
0.527153
0.528659
0.530301
0.531854
0.533423
0.535058
0.536889
0.538611
0.541758
0.544647
0.55171
0.557341
0.571088
0.580373
0.601704
0.615159
0.651432
2.21026
1.43288
1.08956
0.940708
0.872142
0.825076
0.797648
0.797932
0.801266
0.808624
0.823983
0.824709
0.823078
0.819438
0.812263
0.805223
0.79931
0.794397
0.790066
0.785756
0.781119
0.776179
0.771037
0.765774
0.760419
0.754966
0.749386
0.743627
0.737618
0.731309
0.724708
0.717861
0.710825
0.703706
0.696592
0.68951
0.68251
0.675638
0.668911
0.662421
0.656209
0.65038
0.644717
0.639267
0.633882
0.628595
0.62337
0.61821
0.613137
0.608194
0.603371
0.598702
0.594221
0.589925
0.58583
0.582018
0.578358
0.575074
0.571924
0.569026
0.566422
0.563913
0.561814
0.559846
0.558231
0.557064
0.556056
0.555181
0.555026
0.554797
0.555091
0.555143
0.555885
0.556466
0.557534
0.558124
0.55898
0.559893
0.561218
0.563117
0.564913
0.567496
0.569807
0.572863
0.575557
0.578772
0.58134
0.584496
0.587012
0.59011
0.592485
0.595551
0.597915
0.60121
0.603627
0.607759
0.610936
0.61798
0.623992
0.64202
2.78653
2.02929
1.55516
1.25521
1.06589
0.941813
0.867276
0.836111
0.837052
0.84165
0.851583
0.869488
0.876115
0.875581
0.873059
0.869273
0.862538
0.855688
0.849884
0.844812
0.840053
0.835376
0.830678
0.825866
0.820816
0.815413
0.809607
0.803414
0.796866
0.789964
0.782719
0.775231
0.767614
0.759873
0.752041
0.744262
0.736627
0.72918
0.721916
0.714877
0.708081
0.701603
0.69542
0.689414
0.683537
0.677785
0.672076
0.66644
0.660934
0.655542
0.650283
0.645172
0.640218
0.635435
0.630811
0.626336
0.62203
0.617919
0.613958
0.610223
0.606782
0.60363
0.600742
0.598055
0.595656
0.593567
0.591986
0.590468
0.589479
0.588775
0.588418
0.58795
0.588073
0.588284
0.588964
0.589367
0.589871
0.590609
0.591374
0.592939
0.594058
0.595982
0.597466
0.600035
0.601997
0.605254
0.607697
0.611422
0.614335
0.618538
0.621715
0.626004
0.629108
0.633451
0.636405
0.641324
0.6447
0.651436
0.656371
0.670337
3.12526
2.45223
1.94356
1.58441
1.34109
1.17299
1.06473
0.992435
0.94701
0.920163
0.916318
0.915374
0.917877
0.923745
0.927924
0.9265
0.925199
0.922245
0.916252
0.909639
0.903702
0.898172
0.892858
0.887467
0.881749
0.875546
0.868814
0.861614
0.854053
0.846235
0.83826
0.830198
0.822097
0.814027
0.806064
0.798258
0.790618
0.78309
0.775574
0.768088
0.760711
0.753418
0.746154
0.738945
0.731865
0.724991
0.718409
0.712132
0.706166
0.700556
0.695194
0.689935
0.684806
0.679831
0.674978
0.670141
0.665209
0.660226
0.655345
0.650567
0.645928
0.641539
0.637561
0.633959
0.630717
0.627855
0.625281
0.622967
0.621094
0.619388
0.617956
0.616874
0.615964
0.615432
0.615225
0.615069
0.615032
0.615197
0.615647
0.616701
0.617655
0.619187
0.620418
0.622533
0.624194
0.627099
0.62933
0.632983
0.635923
0.640367
0.643866
0.648675
0.652191
0.656941
0.660161
0.665102
0.668322
0.674532
0.678999
0.691733
3.30254
2.74958
2.2702
1.89641
1.61733
1.41089
1.25743
1.14435
1.06435
1.00605
0.970796
0.953611
0.953159
0.95333
0.956518
0.961365
0.964772
0.96452
0.963498
0.960892
0.955297
0.948077
0.940705
0.93336
0.926075
0.918817
0.911543
0.904204
0.896775
0.889264
0.88168
0.874011
0.86624
0.85836
0.850345
0.8422
0.833992
0.825778
0.817547
0.809271
0.801007
0.792857
0.784918
0.777275
0.769984
0.763051
0.756445
0.750044
0.743844
0.73779
0.731887
0.726094
0.720294
0.714383
0.708322
0.702143
0.69595
0.689873
0.684001
0.678453
0.673321
0.668672
0.664449
0.660539
0.65712
0.654027
0.651222
0.64866
0.646327
0.644039
0.64212
0.640265
0.638466
0.637226
0.636612
0.63573
0.634955
0.634691
0.63484
0.635563
0.636357
0.637591
0.63871
0.640677
0.642246
0.645041
0.647164
0.650831
0.653619
0.658184
0.661601
0.666685
0.670238
0.675503
0.678997
0.684819
0.688553
0.696172
0.701363
0.716304
3.41221
2.9563
2.52854
2.16595
1.87341
1.64359
1.46439
1.32636
1.22044
1.14098
1.08295
1.04047
1.0138
0.998815
0.994136
0.9941
0.994396
0.997227
0.99807
0.997235
0.99577
0.99254
0.98599
0.977976
0.969618
0.961516
0.953812
0.94639
0.939099
0.931837
0.924489
0.916937
0.909112
0.901006
0.892635
0.884079
0.875445
0.866741
0.857934
0.84905
0.840198
0.831484
0.823029
0.814914
0.807184
0.799829
0.792733
0.785897
0.779253
0.772805
0.76652
0.760265
0.753894
0.747334
0.74058
0.733727
0.726913
0.720269
0.713897
0.707859
0.702252
0.69713
0.692436
0.688102
0.684154
0.680462
0.677046
0.673628
0.670583
0.667696
0.664949
0.662313
0.660226
0.658461
0.656923
0.65578
0.654942
0.654234
0.654059
0.654555
0.655274
0.656404
0.657473
0.659263
0.660751
0.663452
0.66553
0.669156
0.671877
0.676299
0.679493
0.684503
0.687944
0.693424
0.69694
0.703324
0.707347
0.715839
0.721438
0.737743
3.47824
3.10186
2.72873
2.39039
2.10001
1.85971
1.66355
1.50553
1.37802
1.27675
1.19568
1.13296
1.08523
1.05037
1.02882
1.01757
1.01173
1.01096
1.01045
1.00998
1.00959
1.0088
1.00687
1.00279
0.99621
0.988963
0.981715
0.974616
0.967576
0.960535
0.953479
0.946332
0.938939
0.931159
0.922963
0.914449
0.905752
0.896868
0.887755
0.878501
0.869299
0.860311
0.851679
0.84346
0.835643
0.828229
0.82119
0.814355
0.807665
0.801111
0.794678
0.788197
0.781437
0.774364
0.767129
0.759894
0.752817
0.746066
0.739717
0.733831
0.728415
0.723433
0.718854
0.714535
0.710539
0.706701
0.702989
0.699168
0.695616
0.692104
0.688836
0.685689
0.682897
0.680682
0.678912
0.677296
0.675677
0.674925
0.674628
0.674817
0.675303
0.676216
0.677321
0.67892
0.680434
0.682762
0.684825
0.688164
0.690779
0.695016
0.698155
0.703155
0.706527
0.712381
0.716083
0.723483
0.728129
0.73831
0.744863
0.764145
3.53715
3.20699
2.87902
2.57224
2.29528
2.0553
1.851
1.6804
1.53874
1.4215
1.32561
1.2469
1.18345
1.1341
1.09558
1.06604
1.04722
1.03535
1.02907
1.02612
1.02481
1.02437
1.0237
1.02242
1.01991
1.01489
1.00857
1.00144
0.993856
0.986075
0.978232
0.970398
0.96253
0.954505
0.946243
0.937759
0.929113
0.920371
0.911614
0.902939
0.894456
0.886296
0.87855
0.871225
0.864286
0.857617
0.85097
0.844196
0.83739
0.830634
0.823799
0.816659
0.809192
0.801575
0.793988
0.786585
0.779482
0.772801
0.766593
0.760837
0.75549
0.750569
0.745973
0.741556
0.737243
0.733007
0.72882
0.724555
0.720548
0.716763
0.71332
0.710034
0.707218
0.705098
0.703286
0.701718
0.700215
0.699391
0.699067
0.699312
0.699747
0.700613
0.701682
0.703237
0.704957
0.707185
0.709389
0.712277
0.714837
0.718707
0.72171
0.726764
0.730126
0.736576
0.740569
0.749119
0.754407
0.766222
0.77357
0.796034
3.58153
3.28857
2.99378
2.71277
2.45318
2.22165
2.01826
1.84245
1.69244
1.56491
1.45701
1.36602
1.28935
1.22556
1.17282
1.13096
1.09739
1.07141
1.05444
1.04365
1.03727
1.03418
1.03247
1.03145
1.03036
1.02815
1.02451
1.01934
1.01289
1.00557
0.99773
0.989556
0.981171
0.97264
0.963995
0.955258
0.946499
0.937792
0.929192
0.920779
0.912678
0.905016
0.897835
0.891081
0.884664
0.878442
0.872157
0.865607
0.858847
0.852025
0.84508
0.837855
0.830357
0.822802
0.815392
0.808263
0.801499
0.795169
0.789297
0.783838
0.778733
0.773949
0.769355
0.764777
0.760221
0.755681
0.751239
0.746769
0.742637
0.738724
0.735195
0.731834
0.729085
0.727122
0.725345
0.723908
0.722828
0.722634
0.722992
0.723905
0.725189
0.726992
0.729105
0.731774
0.73472
0.738325
0.741949
0.74636
0.750213
0.755225
0.758973
0.764994
0.768874
0.776614
0.781173
0.791379
0.797358
0.810859
0.81883
0.845894
3.63204
3.3605
3.09146
2.83143
2.58714
2.36402
2.1637
1.98695
1.83162
1.69729
1.58054
1.48059
1.39445
1.32113
1.2585
1.20592
1.16183
1.12644
1.09763
1.07539
1.06009
1.05
1.04412
1.04102
1.03916
1.03789
1.03636
1.03373
1.02972
1.02428
1.01756
1.00975
1.00115
0.992106
0.982888
0.973668
0.96459
0.955756
0.947223
0.939013
0.931155
0.923716
0.91671
0.910064
0.903667
0.897394
0.891049
0.884431
0.877546
0.870556
0.863489
0.85632
0.849065
0.841926
0.834988
0.828384
0.822066
0.816156
0.810593
0.805404
0.800393
0.795672
0.791027
0.786399
0.781687
0.77711
0.772623
0.768148
0.763982
0.760209
0.756885
0.754169
0.752016
0.750608
0.749742
0.749873
0.75075
0.752742
0.755714
0.759763
0.764609
0.77045
0.776775
0.78391
0.791173
0.799156
0.806604
0.814769
0.821541
0.829542
0.835077
0.843196
0.847916
0.857374
0.862357
0.873315
0.879498
0.893635
0.898126
0.933549
3.66553
3.41888
3.17282
2.93226
2.70319
2.48944
2.29406
2.11779
1.96029
1.82097
1.69805
1.59057
1.49634
1.41477
1.34346
1.28235
1.22956
1.18511
1.14765
1.11718
1.09284
1.07404
1.06073
1.05208
1.04654
1.04308
1.04071
1.03855
1.03596
1.03227
1.02727
1.0208
1.01325
1.00487
0.995932
0.986717
0.977664
0.968807
0.96029
0.952261
0.944772
0.937778
0.931191
0.924899
0.918754
0.91259
0.906257
0.899627
0.892676
0.885551
0.878383
0.871205
0.864137
0.857297
0.850774
0.844581
0.838672
0.833077
0.827793
0.822749
0.817826
0.812986
0.808153
0.803253
0.798344
0.793554
0.789064
0.784793
0.781129
0.778296
0.776067
0.774703
0.774558
0.776162
0.779476
0.784782
0.791993
0.801383
0.812651
0.825902
0.840288
0.856014
0.871921
0.88849
0.903967
0.919471
0.933389
0.947533
0.959447
0.971717
0.980289
0.991097
0.997096
1.00732
1.01185
1.02427
1.02537
1.03974
1.03363
1.0849
3.71827
3.48272
3.25063
3.0255
2.8089
2.60403
2.41348
2.23886
2.08042
1.938
1.81069
1.69761
1.59725
1.5088
1.43099
1.36271
1.30312
1.25154
1.20709
1.16929
1.13758
1.11147
1.09054
1.07403
1.06172
1.05317
1.04709
1.04283
1.0394
1.03608
1.03217
1.02737
1.02165
1.01474
1.00699
0.998699
0.989944
0.981253
0.972946
0.965223
0.958095
0.951551
0.945419
0.939499
0.933625
0.927648
0.921446
0.914936
0.908084
0.90097
0.893796
0.88668
0.87972
0.873028
0.866703
0.860651
0.854895
0.849362
0.844125
0.839093
0.834124
0.829171
0.824278
0.819411
0.814678
0.810366
0.806691
0.804087
0.802518
0.802117
0.804142
0.809106
0.817351
0.829547
0.845337
0.865121
0.888075
0.91416
0.941153
0.971206
1.00253
1.03474
1.0646
1.09234
1.11549
1.13614
1.15236
1.167
1.17705
1.18768
1.19408
1.2043
1.20867
1.22167
1.22371
1.2379
1.2348
1.25142
1.23799
1.30702
3.7715
3.54046
3.32364
3.11042
2.9054
2.70977
2.52541
2.35382
2.1955
2.05112
1.92044
1.80261
1.69743
1.60323
1.51974
1.44572
1.38028
1.3228
1.27246
1.22863
1.1906
1.15802
1.13024
1.10688
1.08782
1.07232
1.06023
1.05098
1.04382
1.03814
1.03311
1.02819
1.02291
1.01737
1.01123
1.00443
0.997225
0.989883
0.982607
0.975563
0.968907
0.962651
0.956682
0.950875
0.945034
0.939061
0.932836
0.926398
0.91969
0.912778
0.905763
0.898802
0.891989
0.885483
0.879366
0.873651
0.868106
0.862678
0.857392
0.852402
0.847545
0.842803
0.838368
0.834237
0.831229
0.829295
0.828907
0.830979
0.836795
0.847688
0.864198
0.887001
0.915918
0.950562
0.98967
1.03677
1.0865
1.1342
1.17579
1.20888
1.23193
1.24764
1.25715
1.26408
1.26758
1.27337
1.2749
1.2821
1.28293
1.29215
1.29369
1.30584
1.30836
1.32387
1.32761
1.34527
1.34942
1.3695
1.37396
1.42556
3.86947
3.62182
3.40092
3.1946
2.99635
2.80777
2.62877
2.46088
2.30438
2.15986
2.02728
1.90649
1.79711
1.69848
1.61007
1.53092
1.46047
1.39777
1.3423
1.29318
1.24985
1.21165
1.17817
1.14898
1.12377
1.10219
1.08407
1.06896
1.05656
1.04649
1.0382
1.03137
1.02538
1.01986
1.01465
1.0093
1.00373
0.997935
0.991992
0.986016
0.980096
0.974204
0.968333
0.962417
0.956395
0.950229
0.943853
0.937227
0.930452
0.923614
0.916784
0.91008
0.903648
0.897557
0.891823
0.88644
0.88129
0.876193
0.871199
0.866537
0.862496
0.859038
0.857634
0.857436
0.859297
0.865623
0.878499
0.899028
0.928453
0.967167
1.01288
1.0716
1.13714
1.19965
1.25125
1.28584
1.3048
1.31534
1.32013
1.32269
1.32363
1.326
1.32467
1.32926
1.3276
1.33407
1.33347
1.34204
1.34225
1.35325
1.35439
1.36808
1.37084
1.38662
1.39066
1.40835
1.41305
1.43162
1.4362
1.47149
3.96376
3.70176
3.47596
3.27441
3.0843
2.90155
2.72794
2.56348
2.40882
2.26457
2.1309
2.0079
1.89545
1.79315
1.7006
1.6174
1.54252
1.47554
1.41546
1.36169
1.31354
1.27044
1.23199
1.19765
1.16723
1.14028
1.11657
1.09595
1.07811
1.06291
1.0503
1.03979
1.03111
1.02393
1.0178
1.01255
1.0078
1.00321
0.998592
0.993785
0.988746
0.983421
0.977799
0.971853
0.965611
0.959103
0.952329
0.945421
0.938448
0.931567
0.924921
0.918684
0.912755
0.907318
0.902299
0.897537
0.893114
0.888846
0.885019
0.882569
0.882457
0.884543
0.890173
0.90287
0.925032
0.958598
1.00455
1.06129
1.13758
1.21766
1.28892
1.33601
1.36055
1.37242
1.37673
1.37845
1.37715
1.3772
1.37423
1.37528
1.37194
1.37515
1.37268
1.37758
1.37671
1.38365
1.38393
1.39294
1.39417
1.4055
1.40744
1.42074
1.42393
1.43916
1.4434
1.46008
1.4642
1.48221
1.48501
1.51408
4.08603
3.81528
3.57388
3.35985
3.1691
2.99168
2.82178
2.66087
2.5086
2.36536
2.23153
2.10715
1.99238
1.88727
1.79127
1.70427
1.6255
1.55435
1.49018
1.43232
1.38005
1.33292
1.29022
1.25169
1.21674
1.18521
1.15675
1.13125
1.10851
1.08853
1.07114
1.05626
1.04386
1.03367
1.02534
1.01859
1.0131
1.00849
1.00433
1.0003
0.996136
0.991628
0.986694
0.981252
0.975331
0.968959
0.962298
0.955453
0.948593
0.941905
0.935537
0.929629
0.9242
0.919347
0.914749
0.911042
0.907962
0.907694
0.909202
0.913404
0.924659
0.946032
0.980832
1.03156
1.09573
1.18533
1.27986
1.36037
1.40595
1.42762
1.4367
1.43802
1.43646
1.4341
1.42876
1.42628
1.42124
1.42114
1.41703
1.41855
1.41611
1.41775
1.41666
1.42036
1.42003
1.42615
1.42623
1.43518
1.43566
1.44693
1.448
1.46084
1.46319
1.47753
1.4811
1.4969
1.50067
1.51796
1.52103
1.54448
4.11926
3.929
3.67621
3.45871
3.26208
3.0815
2.91385
2.75462
2.60446
2.46263
2.32914
2.20437
2.08816
1.98072
1.88197
1.79147
1.70914
1.63424
1.56628
1.50463
1.44874
1.3978
1.35155
1.30915
1.27051
1.23502
1.20263
1.17301
1.14615
1.12188
1.10021
1.08116
1.06461
1.05052
1.03883
1.02932
1.02167
1.0155
1.01045
1.00613
1.00213
0.99813
0.993828
0.989041
0.983708
0.97786
0.971611
0.965104
0.958556
0.952092
0.946008
0.940284
0.935466
0.931491
0.928825
0.929796
0.933431
0.941292
0.958765
0.989675
1.04016
1.10697
1.20393
1.31434
1.41133
1.46564
1.49138
1.50157
1.50183
1.49839
1.49253
1.48634
1.47892
1.47484
1.46883
1.46628
1.46076
1.45869
1.4544
1.45315
1.44969
1.4505
1.44772
1.45084
1.44932
1.45496
1.45396
1.46218
1.46189
1.47205
1.47269
1.48385
1.48582
1.49874
1.50199
1.51651
1.52029
1.53645
1.54048
1.55858
4.15359
4.03552
3.791
3.55645
3.35415
3.17342
3.00537
2.84983
2.69983
2.55856
2.42501
2.29953
2.18213
2.0728
1.97178
1.87858
1.79315
1.71501
1.64372
1.57864
1.51924
1.46488
1.41507
1.36937
1.32725
1.28853
1.25272
1.21977
1.18941
1.16162
1.13633
1.11348
1.09317
1.07535
1.05994
1.0469
1.03608
1.0273
1.02022
1.01441
1.00946
1.00501
1.00068
0.996239
0.991459
0.986276
0.980766
0.974967
0.969181
0.963485
0.958424
0.95448
0.952353
0.953942
0.959013
0.97137
0.993766
1.03612
1.10236
1.19412
1.31966
1.4399
1.51521
1.55049
1.56627
1.56755
1.56389
1.55669
1.54721
1.5393
1.53118
1.52443
1.51646
1.50967
1.50194
1.49601
1.48904
1.48449
1.47818
1.4758
1.47087
1.47051
1.46688
1.46914
1.4664
1.47141
1.46922
1.47636
1.47529
1.48374
1.48384
1.49344
1.49491
1.50623
1.50912
1.5221
1.52625
1.54021
1.54638
1.55867
4.11071
4.06368
3.92663
3.68189
3.46419
3.27391
3.09906
2.94072
2.79324
2.65269
2.51948
2.39388
2.27567
2.1649
2.06168
1.966
1.8777
1.79648
1.72197
1.65371
1.59108
1.53369
1.48083
1.43216
1.38714
1.34542
1.3067
1.27069
1.23729
1.20639
1.17787
1.15186
1.12818
1.10693
1.0881
1.07163
1.05743
1.04536
1.03524
1.02688
1.01989
1.01395
1.00865
1.00369
0.9989
0.994086
0.989253
0.984452
0.980186
0.976521
0.976088
0.977972
0.984288
0.999877
1.02756
1.08124
1.1596
1.28576
1.42916
1.54572
1.59932
1.62729
1.63282
1.63253
1.62391
1.61369
1.603
1.59341
1.58345
1.57324
1.56238
1.55182
1.54086
1.53103
1.52104
1.51322
1.50443
1.49874
1.49158
1.48815
1.4825
1.4818
1.47723
1.47915
1.47534
1.47966
1.47657
1.48249
1.4809
1.48786
1.48746
1.4958
1.49683
1.50671
1.50947
1.52072
1.52533
1.53682
1.54353
1.55246
4.07863
4.04053
3.96975
3.80479
3.57831
3.37703
3.20074
3.03573
2.88539
2.74501
2.61265
2.48698
2.36858
2.25692
2.15208
2.05407
1.96301
1.87878
1.8011
1.72976
1.66417
1.60392
1.5484
1.49704
1.44943
1.40509
1.36371
1.32508
1.28895
1.25529
1.22401
1.19504
1.16848
1.14424
1.1223
1.10267
1.08529
1.07004
1.0568
1.04535
1.03553
1.0271
1.0199
1.01357
1.00798
1.00291
0.998974
0.99606
0.996832
0.999923
1.00807
1.02548
1.05885
1.12359
1.21471
1.36997
1.53186
1.63219
1.67812
1.69851
1.69966
1.69334
1.68394
1.67188
1.66018
1.6487
1.63575
1.62234
1.60814
1.59417
1.57998
1.56685
1.55377
1.54284
1.53145
1.52283
1.51341
1.50737
1.49955
1.49633
1.4898
1.48907
1.48346
1.48494
1.48061
1.4834
1.48032
1.48446
1.48281
1.48822
1.48797
1.49479
1.4959
1.50409
1.50705
1.51589
1.52127
1.5295
1.53676
1.54305
3.83711
4.01121
3.98486
3.89593
3.70624
3.49011
3.30325
3.13784
2.98583
2.84348
2.70924
2.58265
2.46213
2.34867
2.24232
2.14233
2.049
1.96214
1.88168
1.80743
1.73902
1.676
1.61784
1.56399
1.51388
1.46714
1.4233
1.38223
1.34366
1.30755
1.27374
1.2423
1.21307
1.18618
1.16153
1.13911
1.11882
1.10062
1.0844
1.06997
1.05725
1.04603
1.03622
1.02781
1.02096
1.01591
1.01671
1.01993
1.02844
1.04699
1.08403
1.15645
1.25883
1.43385
1.61422
1.70522
1.75183
1.76321
1.76358
1.75424
1.74247
1.7297
1.71659
1.70231
1.68651
1.66995
1.65244
1.63557
1.61869
1.60296
1.58741
1.57365
1.56011
1.549
1.53735
1.52907
1.51921
1.51364
1.50538
1.50218
1.49516
1.49371
1.48799
1.48817
1.48364
1.48492
1.48182
1.48439
1.48274
1.48694
1.48672
1.49213
1.49349
1.4997
1.50323
1.50932
1.51517
1.52106
1.52757
1.53226
3.22152
3.88139
3.96109
3.9264
3.82946
3.62409
3.4261
3.24591
3.08488
2.94001
2.80511
2.67846
2.55895
2.44316
2.33322
2.23075
2.13509
2.04612
1.96337
1.88671
1.81578
1.75022
1.68946
1.63308
1.58049
1.53135
1.48523
1.44184
1.40107
1.36263
1.32662
1.29279
1.26131
1.23197
1.20492
1.17999
1.15716
1.13632
1.11736
1.1002
1.08475
1.0709
1.05877
1.04899
1.04392
1.04584
1.05378
1.07168
1.10841
1.17941
1.29037
1.47553
1.6729
1.76803
1.81937
1.82645
1.82351
1.81304
1.79932
1.78517
1.76973
1.75235
1.73344
1.71406
1.69457
1.67506
1.65619
1.63857
1.62161
1.60583
1.59076
1.57756
1.56449
1.55384
1.54244
1.53449
1.52444
1.51881
1.51001
1.50632
1.49846
1.49626
1.48996
1.48876
1.4839
1.48384
1.48032
1.48186
1.48
1.48297
1.48269
1.48665
1.48794
1.49237
1.49576
1.50014
1.50508
1.50991
1.51527
1.51881
2.20273
3.51089
3.90494
3.90543
3.85862
3.7429
3.5466
3.3631
3.19637
3.04125
2.90027
2.77063
2.64959
2.53555
2.42692
2.32168
2.22273
2.13098
2.04607
1.96725
1.89393
1.82596
1.76272
1.70392
1.64895
1.59753
1.54918
1.5037
1.46074
1.42024
1.38205
1.34612
1.31244
1.28096
1.25168
1.22453
1.19942
1.1763
1.15498
1.13553
1.11785
1.10235
1.08942
1.08867
1.09272
1.10718
1.14201
1.20657
1.31944
1.50966
1.72235
1.82685
1.88623
1.89225
1.88682
1.87318
1.85586
1.83857
1.81927
1.79848
1.77682
1.75522
1.73407
1.71353
1.69364
1.67473
1.65697
1.64021
1.62431
1.60946
1.59542
1.58271
1.57006
1.55976
1.54827
1.54019
1.52946
1.52331
1.51362
1.50871
1.50031
1.49667
1.48972
1.48725
1.4817
1.48044
1.47642
1.47674
1.47449
1.47606
1.47523
1.47772
1.47828
1.48132
1.4835
1.4871
1.49045
1.49457
1.49867
1.50108
1.84855
2.4967
3.6219
3.88298
3.86782
3.81148
3.68166
3.48648
3.30771
3.15059
3.00498
2.86786
2.74209
2.62566
2.51643
2.41303
2.31472
2.21973
2.13114
2.04934
1.97362
1.90308
1.83735
1.77611
1.71883
1.66526
1.61481
1.56735
1.5224
1.47993
1.43974
1.40183
1.36613
1.33265
1.30135
1.27218
1.24505
1.22001
1.19689
1.17582
1.15833
1.14556
1.14848
1.16253
1.18833
1.24655
1.3576
1.54979
1.78236
1.90018
1.96463
1.97176
1.9639
1.94231
1.91944
1.89675
1.87193
1.8472
1.82246
1.79851
1.77575
1.7542
1.73348
1.71393
1.69519
1.67758
1.66095
1.64528
1.63015
1.61601
1.60225
1.58986
1.57728
1.56673
1.55486
1.5459
1.53469
1.52721
1.51697
1.51062
1.50177
1.49669
1.48922
1.48549
1.47933
1.47684
1.47242
1.4712
1.46853
1.46815
1.46685
1.46725
1.46695
1.4685
1.46916
1.4719
1.47367
1.47655
1.47969
1.48027
1.6614
1.96418
2.87832
3.69081
3.83717
3.82367
3.76083
3.62156
3.43135
3.25979
3.109
2.97228
2.84291
2.72131
2.60845
2.50312
2.40371
2.31015
2.22056
2.13485
2.05544
1.98196
1.91365
1.84992
1.79035
1.73457
1.68205
1.63261
1.58574
1.54144
1.49938
1.45965
1.4221
1.38681
1.35366
1.3228
1.29401
1.26777
1.24444
1.2242
1.2229
1.23019
1.25267
1.30415
1.40707
1.59918
1.85735
1.99722
2.06809
2.07556
2.06392
2.0349
2.00126
1.97083
1.93959
1.90831
1.87857
1.8509
1.82476
1.80079
1.77816
1.75735
1.73729
1.71833
1.70009
1.68329
1.66695
1.65164
1.63653
1.62252
1.60867
1.59606
1.58322
1.57195
1.55964
1.54967
1.53827
1.5294
1.51914
1.51141
1.50257
1.49636
1.48875
1.4839
1.47759
1.4738
1.46934
1.46632
1.46373
1.46098
1.45992
1.45786
1.45748
1.4572
1.45723
1.45838
1.4595
1.46054
1.46312
1.46147
1.54744
1.69532
2.06603
3.15759
3.70125
3.79455
3.77617
3.71302
3.5662
3.38324
3.21787
3.07346
2.9441
2.82337
2.70801
2.59852
2.49564
2.39898
2.30802
2.22215
2.14014
2.06302
1.99176
1.92554
1.86369
1.80575
1.75114
1.6997
1.6509
1.60478
1.56093
1.51952
1.48029
1.44342
1.40878
1.3769
1.34746
1.32335
1.30833
1.31341
1.33668
1.38012
1.47005
1.65312
1.94128
2.11784
2.2
2.20733
2.19023
2.15474
2.11375
2.07418
2.03433
1.99706
1.96157
1.92816
1.89671
1.86739
1.83948
1.81331
1.78845
1.76527
1.74373
1.72385
1.70543
1.68855
1.67187
1.65633
1.64085
1.62663
1.61232
1.59935
1.58591
1.57378
1.56115
1.55016
1.53851
1.52857
1.51823
1.50963
1.50079
1.49371
1.48595
1.48005
1.47363
1.46869
1.46412
1.45982
1.45714
1.45298
1.45193
1.44851
1.44818
1.44638
1.44682
1.44602
1.44749
1.44706
1.44932
1.44626
1.4778
1.56638
1.73527
2.14051
3.29758
3.69808
3.75171
3.72863
3.66319
3.513
3.34114
3.18323
3.04449
2.92132
2.80718
2.69777
2.59219
2.49149
2.39691
2.30823
2.22508
2.14665
2.07256
2.00332
1.93901
1.87883
1.82218
1.76875
1.71808
1.67017
1.62465
1.58166
1.54103
1.50315
1.46799
1.43816
1.41191
1.41435
1.43064
1.46646
1.54951
1.71193
2.02349
2.25762
2.3589
2.36574
2.34418
2.30067
2.25097
2.20341
2.15534
2.10951
2.06737
2.02754
1.98965
1.95501
1.92199
1.89156
1.86201
1.83481
1.80821
1.78345
1.75937
1.7373
1.71571
1.6966
1.678
1.66128
1.64453
1.62946
1.61413
1.60016
1.58575
1.57267
1.55947
1.54749
1.53549
1.52469
1.5141
1.50469
1.49547
1.48726
1.47902
1.47198
1.46505
1.45929
1.45397
1.44937
1.44543
1.44147
1.43926
1.43577
1.43515
1.43269
1.43336
1.43172
1.43335
1.4324
1.43463
1.43131
1.43862
1.48377
1.59053
1.76988
2.27478
3.37055
3.69206
3.71357
3.68479
3.61296
3.46097
3.30337
3.15512
3.02224
2.90319
2.79344
2.68854
2.58672
2.48915
2.39696
2.31111
2.23064
2.15526
2.0842
2.01708
1.95412
1.89522
1.83975
1.78736
1.73778
1.69093
1.64686
1.60582
1.56908
1.53683
1.52953
1.53609
1.5687
1.64632
1.78838
2.09705
2.41156
2.53893
2.54642
2.52292
2.47387
2.41229
2.35529
2.29862
2.24459
2.19337
2.14588
2.10029
2.05899
2.02017
1.9844
1.95011
1.91859
1.88793
1.86002
1.83194
1.80609
1.7802
1.75701
1.73356
1.7123
1.69079
1.67173
1.65232
1.63507
1.61739
1.60152
1.58547
1.57103
1.55673
1.54362
1.53081
1.51905
1.50758
1.49714
1.48685
1.47743
1.46842
1.4602
1.45275
1.44603
1.44008
1.43471
1.43003
1.42552
1.42272
1.41863
1.41754
1.41478
1.41484
1.41297
1.41442
1.41341
1.41559
1.41261
1.41679
1.444
1.49615
1.6144
1.833
2.48141
3.39896
3.66674
3.67432
3.64121
3.56338
3.41822
3.27169
3.13247
3.0044
2.88838
2.78159
2.68022
2.58264
2.48861
2.39974
2.31659
2.23883
2.16584
2.09705
2.03208
1.97065
1.91306
1.859
1.80825
1.761
1.71753
1.68124
1.65751
1.66292
1.68957
1.76005
1.89136
2.17317
2.56507
2.73202
2.74611
2.73173
2.67274
2.59723
2.53031
2.46342
2.40054
2.3416
2.28613
2.23409
2.18535
2.13918
2.09712
2.05624
2.01886
1.98212
1.94877
1.91582
1.88594
1.8562
1.82951
1.8023
1.77831
1.75272
1.72978
1.70577
1.68457
1.66267
1.64328
1.62348
1.60571
1.58795
1.57179
1.55588
1.54112
1.5267
1.51342
1.5004
1.48856
1.47693
1.46649
1.45648
1.44752
1.43944
1.43177
1.42539
1.41894
1.4138
1.40832
1.40496
1.40001
1.39828
1.39477
1.39411
1.39173
1.39262
1.39144
1.39327
1.39041
1.40841
1.41997
1.44775
1.51108
1.63154
1.89083
2.63333
3.40981
3.6318
3.63903
3.6036
3.52414
3.38338
3.24518
3.1136
2.99002
2.87645
2.77207
2.67385
2.58033
2.49022
2.40457
2.3241
2.24851
2.17777
2.11098
2.04819
1.989
1.9342
1.88395
1.84165
1.80527
1.80884
1.8273
1.87916
2.00344
2.24548
2.69861
2.93983
2.97846
2.96617
2.89775
2.80756
2.72763
2.65005
2.57734
2.5092
2.44581
2.38612
2.33043
2.27782
2.22885
2.18239
2.13901
2.09678
2.05793
2.01943
1.98456
1.94921
1.91737
1.88458
1.85547
1.8253
1.79862
1.77124
1.74671
1.72095
1.69827
1.6744
1.65305
1.63115
1.61137
1.5916
1.57355
1.55558
1.53922
1.52297
1.50842
1.4939
1.48096
1.46814
1.45678
1.44582
1.43607
1.42709
1.41861
1.41127
1.4041
1.39799
1.39182
1.38767
1.38205
1.37955
1.37546
1.374
1.37109
1.37137
1.36958
1.37106
1.36749
1.40376
1.40939
1.42189
1.45345
1.52112
1.64317
1.93612
2.74232
3.41088
3.59433
3.60374
3.56938
3.49137
3.35474
3.2226
3.09738
2.97811
2.86742
2.76574
2.67043
2.58057
2.49387
2.41147
2.33309
2.26021
2.1917
2.12841
2.06999
2.01953
1.97418
1.97209
1.97891
2.01884
2.1379
2.36182
2.80701
3.16907
3.24119
3.22736
3.152
3.04545
2.95171
2.85926
2.77522
2.69679
2.62388
2.55598
2.49294
2.43323
2.37757
2.32466
2.2752
2.22747
2.18301
2.13925
2.09875
2.05809
2.02096
1.98302
1.94906
1.91397
1.88264
1.85013
1.82141
1.79135
1.76488
1.7368
1.71159
1.6856
1.66242
1.63885
1.61762
1.59611
1.57649
1.55672
1.53867
1.52079
1.50449
1.48855
1.47419
1.46008
1.44765
1.43565
1.42477
1.41494
1.40554
1.39722
1.38929
1.38241
1.37542
1.37045
1.36435
1.36095
1.35625
1.35423
1.35066
1.35047
1.34808
1.34936
1.34543
1.40179
1.40397
1.41037
1.42342
1.4583
1.52791
1.65428
1.96385
2.81625
3.40195
3.55813
3.56671
3.53657
3.46334
3.33061
3.20357
3.08333
2.96866
2.86106
2.76263
2.67018
2.58345
2.50018
2.4213
2.34656
2.27824
2.21846
2.16707
2.14876
2.15079
2.18496
2.28385
2.4925
2.90274
3.40973
3.52718
3.51621
3.4432
3.31524
3.20561
3.09626
2.99762
2.90677
2.82223
2.74437
2.67262
2.60576
2.54294
2.48346
2.42734
2.37357
2.32273
2.27356
2.22715
2.18139
2.13856
2.09564
2.05616
2.01599
1.97959
1.94196
1.90834
1.87356
1.84256
1.81056
1.78194
1.75274
1.72607
1.69867
1.67378
1.64835
1.62534
1.60207
1.58078
1.55949
1.5399
1.52073
1.50311
1.48597
1.47035
1.45529
1.44137
1.42866
1.41621
1.40545
1.39462
1.38539
1.37587
1.36835
1.35997
1.354
1.34702
1.3427
1.33693
1.33449
1.32997
1.32933
1.32625
1.32731
1.32301
1.40078
1.40172
1.40466
1.41004
1.4267
1.4582
1.53711
1.65822
1.98515
2.85977
3.38198
3.52277
3.5314
3.50475
3.43746
3.31014
3.1876
3.07218
2.96214
2.85848
2.76302
2.67455
2.59095
2.51298
2.44306
2.38306
2.34962
2.34873
2.37576
2.45881
2.65595
3.03184
3.61023
3.83393
3.83364
3.76791
3.62494
3.49245
3.36133
3.24515
3.14213
3.04433
2.95484
2.87261
2.79699
2.72599
2.65954
2.59644
2.53633
2.47859
2.42294
2.36984
2.31831
2.26921
2.22093
2.1755
2.13022
2.08832
2.04603
2.00736
1.96787
1.93211
1.89549
1.86238
1.82859
1.79799
1.76679
1.73876
1.71015
1.68379
1.6572
1.63273
1.60832
1.58585
1.5636
1.54312
1.52305
1.50445
1.48651
1.46958
1.45386
1.43849
1.4248
1.41106
1.39899
1.3868
1.37638
1.36536
1.35678
1.34699
1.3401
1.33179
1.32657
1.31959
1.3163
1.31064
1.30915
1.30505
1.30526
1.29961
1.4003
1.40083
1.40179
1.40477
1.4106
1.42717
1.46047
1.53943
1.66238
1.9959
2.87351
3.35402
3.48702
3.49809
3.47467
3.41325
3.29268
3.17525
3.0645
2.96002
2.86166
2.77132
2.69211
2.62454
2.57789
2.574
2.59381
2.6618
2.83778
3.17484
3.75801
4.17756
4.18874
4.12581
3.97546
3.81759
3.6588
3.51967
3.40044
3.28981
3.18778
3.09518
3.0094
2.92966
2.85456
2.78353
2.71566
2.65073
2.58778
2.52734
2.46896
2.41302
2.35861
2.30675
2.25604
2.20817
2.161
2.117
2.07285
2.03211
1.99089
1.95324
1.91498
1.88015
1.8448
1.81262
1.78006
1.75032
1.72035
1.69315
1.66559
1.64017
1.61467
1.59127
1.56811
1.5468
1.526
1.50655
1.48816
1.4702
1.45414
1.43766
1.42326
1.40857
1.3954
1.38212
1.37069
1.3584
1.3488
1.3379
1.32992
1.32045
1.31447
1.30621
1.30223
1.29547
1.29329
1.28802
1.28744
1.2804
1.40014
1.40033
1.4008
1.40193
1.40457
1.41135
1.42626
1.4631
1.537
1.66435
1.99516
2.86057
3.31807
3.45177
3.46689
3.44657
3.39129
3.27972
3.16932
3.06499
2.9712
2.88946
2.83136
2.82527
2.83799
2.89716
3.0659
3.40271
3.93937
4.56363
4.56722
4.50674
4.37083
4.17166
3.98822
3.82425
3.68559
3.56035
3.44598
3.34084
3.24426
3.15452
3.06991
2.98983
2.913
2.83946
2.76855
2.70006
2.63404
2.57062
2.50934
2.45048
2.39344
2.33912
2.28625
2.23643
2.18741
2.14145
2.09565
2.05323
2.01054
1.97139
1.93175
1.89562
1.85909
1.8257
1.7921
1.76119
1.73033
1.70183
1.67358
1.6474
1.62135
1.59727
1.57359
1.55155
1.53029
1.50995
1.49106
1.47227
1.45537
1.43827
1.42284
1.40732
1.39348
1.37913
1.36716
1.35402
1.34376
1.33207
1.3235
1.31302
1.30633
1.29705
1.29215
1.28422
1.28106
1.27463
1.2731
1.26413
1.40006
1.40014
1.40034
1.40076
1.402
1.40436
1.41166
1.42517
1.46379
1.53322
1.66171
1.98554
2.82377
3.27365
3.41824
3.44049
3.42528
3.37961
3.28501
3.18737
3.11586
3.10398
3.10586
3.16721
3.31524
3.66687
4.17881
4.8982
4.9456
4.93537
4.79831
4.55316
4.345
4.15547
3.9939
3.85329
3.72756
3.61121
3.50366
3.40247
3.30708
3.21605
3.12933
3.04589
2.9659
2.88863
2.81404
2.74218
2.67296
2.60651
2.54252
2.4813
2.42223
2.36606
2.31151
2.25999
2.20933
2.16193
2.1148
2.07117
2.02733
1.98705
1.94643
1.90918
1.87175
1.83732
1.80294
1.77122
1.73968
1.71051
1.68155
1.65485
1.62841
1.60384
1.57976
1.55707
1.53535
1.51429
1.49493
1.47547
1.45798
1.44019
1.42409
1.40783
1.39342
1.37837
1.36591
1.35222
1.34145
1.32916
1.32008
1.3089
1.30161
1.29152
1.28598
1.27711
1.27328
1.2658
1.26364
1.25293
1.40003
1.40006
1.40013
1.40034
1.40072
1.40197
1.4042
1.41134
1.42427
1.4621
1.52865
1.65459
1.96761
2.76178
3.22383
3.39058
3.43151
3.42597
3.40191
3.38978
3.40158
3.4613
3.63404
3.95684
4.4438
5.20901
5.42091
5.39101
5.23625
4.96755
4.72474
4.50917
4.32764
4.16797
4.0246
3.89458
3.77548
3.66455
3.55862
3.45708
3.35933
3.26541
3.17489
3.08804
3.00444
2.924
2.84668
2.77243
2.70115
2.63285
2.56725
2.50453
2.44419
2.38677
2.33117
2.27854
2.22703
2.17867
2.13076
2.08623
2.04167
2.00064
1.95946
1.92166
1.88379
1.84886
1.81407
1.7818
1.74981
1.72012
1.69076
1.66356
1.63681
1.61184
1.58748
1.5643
1.54231
1.52062
1.50075
1.48057
1.46231
1.44385
1.42708
1.41014
1.39526
1.37961
1.36667
1.35243
1.34116
1.32825
1.31863
1.30678
1.29891
1.28814
1.28204
1.27244
1.26803
1.25971
1.25704
1.2449
1.40001
1.40003
1.40006
1.40012
1.40032
1.40069
1.40187
1.40399
1.41078
1.42315
1.45907
1.52348
1.64317
1.94705
2.68553
3.17754
3.40382
3.50895
3.60225
3.76107
3.9639
4.30435
4.90407
5.67636
5.94074
5.92702
5.76629
5.46212
5.17623
4.92273
4.70993
4.53063
4.37423
4.23081
4.09654
3.97064
3.85078
3.73561
3.62452
3.51736
3.41439
3.31564
3.22134
3.13102
3.04446
2.96152
2.88212
2.80614
2.73332
2.66353
2.59646
2.53237
2.47079
2.41219
2.35557
2.30197
2.24964
2.20054
2.15202
2.10695
2.06196
2.02046
1.97886
1.94049
1.90215
1.86662
1.83135
1.79849
1.76606
1.73578
1.70593
1.67805
1.65062
1.62483
1.59981
1.57576
1.55321
1.53073
1.51028
1.48946
1.47054
1.45149
1.4341
1.41651
1.40106
1.38476
1.37119
1.35629
1.34435
1.33072
1.32046
1.30791
1.29944
1.28801
1.28139
1.27116
1.26628
1.25734
1.25425
1.24105
1.40001
1.40001
1.40002
1.40006
1.40012
1.40031
1.40067
1.40174
1.40391
1.40991
1.42255
1.45459
1.51927
1.63665
1.92344
2.56915
3.22373
3.6912
4.02229
4.54491
5.1927
5.88971
6.27681
6.28009
6.19201
5.93321
5.57437
5.28533
5.06272
4.87339
4.70196
4.54215
4.39335
4.25423
4.1227
3.9962
3.87372
3.75482
3.63991
3.52969
3.42453
3.32448
3.22916
3.1383
3.05153
2.96867
2.88945
2.81369
2.74114
2.67172
2.60509
2.54137
2.48
2.42152
2.36492
2.31135
2.25902
2.20983
2.16118
2.11585
2.0706
2.02874
1.98689
1.94818
1.90962
1.87371
1.83818
1.80489
1.77213
1.7414
1.71117
1.68282
1.65494
1.62865
1.60312
1.57852
1.55539
1.53232
1.51129
1.48995
1.47057
1.4511
1.4334
1.41556
1.39988
1.38343
1.3697
1.35469
1.34264
1.329
1.31865
1.30616
1.29761
1.28618
1.27946
1.26902
1.26408
1.2546
1.25142
1.23726
1.40001
1.40001
1.40002
1.40003
1.40007
1.40014
1.40034
1.40083
1.40193
1.40486
1.4111
1.42758
1.46295
1.54249
1.69158
1.99201
2.81566
4.08139
5.37625
6.83587
7.14501
7.09409
6.88792
6.4928
6.13835
5.79779
5.51768
5.29987
5.12525
4.96364
4.80244
4.64198
4.48638
4.33825
4.19762
4.06303
3.93353
3.80879
3.68935
3.57571
3.46811
3.36621
3.26948
3.1773
3.08926
3.00509
2.9246
2.84762
2.77392
2.70338
2.63564
2.57083
2.5084
2.44887
2.39122
2.33652
2.28303
2.2326
2.18272
2.13613
2.08968
2.04664
2.0037
1.96394
1.92445
1.88767
1.85142
1.8174
1.78402
1.75261
1.72176
1.69274
1.66423
1.63732
1.61118
1.58607
1.56241
1.53892
1.51749
1.49581
1.47612
1.45637
1.43838
1.42024
1.40426
1.38749
1.37342
1.35809
1.34568
1.33171
1.321
1.30815
1.29924
1.28745
1.28037
1.26957
1.26432
1.25445
1.25105
1.23637
)
;

boundaryField
{
    inlet
    {
        type            calculated;
        value           uniform 1.40001;
    }
    outlet
    {
        type            calculated;
        value           nonuniform List<scalar> 
40
(
0.652698
0.643236
0.671593
0.692983
0.717524
0.738784
0.764631
0.79472
0.83962
0.915091
1.04669
1.24884
1.40689
1.46752
1.51226
1.5454
1.56305
1.56536
1.55961
1.54948
1.53787
1.52392
1.50607
1.48532
1.4666
1.45145
1.43655
1.41788
1.39557
1.37247
1.35019
1.32757
1.30403
1.28485
1.26873
1.25772
1.24986
1.24619
1.24251
1.24167
)
;
    }
    bottom
    {
        type            symmetryPlane;
    }
    top
    {
        type            symmetryPlane;
    }
    obstacle
    {
        type            calculated;
        value           nonuniform List<scalar> 
110
(
5.5551
5.55398
5.54085
5.51498
5.49223
5.44301
5.39422
5.2948
5.18352
4.89833
1.75526
0.958274
0.663201
0.580831
0.576459
0.602112
0.662839
0.722081
0.736259
0.734911
0.729473
0.718164
0.70995
0.706615
0.704974
0.703293
0.700831
0.69735
0.692988
0.688258
0.683439
0.678619
0.673836
0.669071
0.66425
0.65928
0.654099
0.648671
0.642991
0.637116
0.631135
0.625095
0.619011
0.612899
0.606815
0.60084
0.59503
0.589407
0.583964
0.5787
0.573579
0.56858
0.563697
0.558943
0.554333
0.549894
0.545646
0.541607
0.537778
0.53416
0.530747
0.527526
0.524483
0.521617
0.518935
0.516446
0.514158
0.512091
0.510295
0.508761
0.507573
0.506606
0.505983
0.505605
0.505515
0.50552
0.505585
0.505799
0.506169
0.50645
0.506838
0.507436
0.508099
0.509381
0.510786
0.51233
0.513909
0.515827
0.517894
0.520058
0.522095
0.523938
0.52561
0.527153
0.528659
0.530301
0.531854
0.533423
0.535058
0.536889
0.538611
0.541758
0.544647
0.55171
0.557341
0.571088
0.580373
0.601704
0.615159
0.651432
)
;
    }
    defaultFaces
    {
        type            empty;
    }
}


// ************************************************************************* //
