/*--------------------------------*- C++ -*----------------------------------*\
  =========                 |
  \\      /  F ield         | OpenFOAM: The Open Source CFD Toolbox
   \\    /   O peration     | Website:  https://openfoam.org
    \\  /    A nd           | Version:  10
     \\/     M anipulation  |
\*---------------------------------------------------------------------------*/
FoamFile
{
    format      ascii;
    class       volScalarField;
    location    "9";
    object      Ma;
}
// * * * * * * * * * * * * * * * * * * * * * * * * * * * * * * * * * * * * * //

dimensions      [0 0 0 0 0 0 0];

internalField   nonuniform List<scalar> 
5250
(
2.99999
2.99996
2.99987
2.9997
2.99914
2.99809
2.99479
2.98812
2.96884
2.92588
2.81114
2.53809
1.93481
0.955771
0.392265
0.332439
0.345368
0.338407
0.304805
0.252175
0.203284
0.162292
0.121058
0.0755504
0.0419817
2.99999
2.99996
2.99987
2.9997
2.99915
2.99812
2.99477
2.9885
2.96862
2.92758
2.81221
2.54356
1.94396
0.967577
0.400065
0.333849
0.346972
0.340524
0.307404
0.255724
0.208049
0.168436
0.129427
0.0891713
0.0652462
2.99999
2.99996
2.99987
2.99971
2.99916
2.99817
2.99491
2.98863
2.96965
2.92867
2.81707
2.55311
1.96438
0.993838
0.417733
0.337647
0.351573
0.346725
0.315056
0.26579
0.221047
0.184875
0.150965
0.119322
0.10376
2.99999
2.99996
2.99989
2.9997
2.99924
2.99813
2.99529
2.98874
2.97103
2.9309
2.82386
2.56812
1.99566
1.03536
0.444597
0.342938
0.358703
0.356735
0.327301
0.281576
0.240754
0.209116
0.180988
0.156665
0.145814
2.99999
2.99996
2.99989
2.99972
2.99928
2.9982
2.99564
2.98885
2.97362
2.93202
2.83539
2.5863
2.03886
1.09315
0.480544
0.34927
0.368081
0.370165
0.343486
0.301965
0.265563
0.238744
0.216216
0.197758
0.190187
3
2.99996
2.9999
2.99972
2.99936
2.99826
2.996
2.98954
2.97514
2.93693
2.84537
2.61284
2.09288
1.17031
0.526094
0.357085
0.380103
0.387284
0.363655
0.326766
0.295143
0.273413
0.256537
0.243721
0.23961
3
2.99997
2.99991
2.99976
2.99938
2.99848
2.99613
2.99083
2.97624
2.94371
2.85606
2.64646
2.15852
1.27012
0.582341
0.367744
0.395662
0.408572
0.387987
0.355913
0.329282
0.313009
0.302271
0.295966
0.297228
3
2.99997
2.99992
2.99978
2.99944
2.99861
2.99663
2.99141
2.97965
2.94758
2.87365
2.68067
2.23917
1.39651
0.649516
0.384508
0.417267
0.435301
0.417198
0.389897
0.368295
0.357953
0.354441
0.356954
0.368732
3
2.99998
2.99993
2.99981
2.99951
2.99878
2.99703
2.99248
2.98212
2.95408
2.88958
2.72084
2.32925
1.55031
0.729437
0.414674
0.449049
0.469047
0.452894
0.429706
0.41311
0.408635
0.4138
0.430558
0.464765
3
2.99998
2.99994
2.99984
2.99957
2.99899
2.9973
2.99393
2.98357
2.96278
2.90225
2.76538
2.42275
1.72989
0.820622
0.46087
0.493798
0.510143
0.496457
0.476345
0.464188
0.465248
0.483375
0.52697
0.628155
3
2.99998
2.99995
2.99985
2.99965
2.99903
2.99789
2.99409
2.98704
2.965
2.91856
2.79091
2.49426
1.85444
0.905045
0.503239
0.526315
0.542105
0.538563
0.524666
0.518031
0.527124
0.562765
0.642997
0.801989
3
2.99999
2.99995
2.99989
2.99966
2.99926
2.99791
2.99545
2.98754
2.97163
2.92601
2.82157
2.55361
1.97714
1.03618
0.575009
0.548517
0.56502
0.572094
0.568418
0.57029
0.58932
0.638917
0.735408
0.892075
3
2.99999
2.99996
2.9999
2.99973
2.99934
2.99827
2.99601
2.98935
2.97575
2.93599
2.84756
2.61441
2.1019
1.20007
0.661612
0.56495
0.582857
0.598883
0.606346
0.617947
0.646339
0.701758
0.793457
0.921667
3
2.99999
2.99997
2.99991
2.99979
2.9994
2.99868
2.99629
2.99193
2.97791
2.94936
2.86847
2.68007
2.23136
1.39822
0.76515
0.588121
0.604063
0.624462
0.641008
0.660353
0.69422
0.749391
0.830279
0.936322
3
3
2.99998
2.99993
2.99981
2.99955
2.99884
2.99718
2.99308
2.98267
2.95817
2.89475
2.74116
2.37236
1.63737
0.888644
0.632507
0.63825
0.655989
0.676864
0.699334
0.733956
0.786096
0.857752
0.948519
3
3
2.99998
2.99995
2.99985
2.99965
2.99905
2.99786
2.99419
2.9871
2.96535
2.91995
2.79474
2.50712
1.88937
1.03003
0.694736
0.681209
0.695347
0.715745
0.73738
0.769933
0.81722
0.88049
0.959563
3.00001
3
2.99999
2.99996
2.99989
2.99969
2.9993
2.99815
2.99567
2.98902
2.97339
2.93405
2.83714
2.59819
2.0704
1.19497
0.769557
0.715702
0.729674
0.749158
0.772026
0.802664
0.845494
0.901173
0.969588
3.00001
3
2.99999
2.99997
2.99991
2.99977
2.99943
2.99856
2.99659
2.99116
2.97957
2.94658
2.87333
2.67929
2.24365
1.43059
0.882687
0.748636
0.757335
0.776116
0.801483
0.831529
0.870654
0.920006
0.979347
3.00001
3
3
2.99998
2.99994
2.99982
2.99959
2.99885
2.99749
2.99309
2.98457
2.95926
2.90405
2.7566
2.41801
1.72416
1.02453
0.798577
0.789726
0.803995
0.829187
0.859055
0.894307
0.937647
0.988817
3.00001
3
3
2.99999
2.99995
2.99987
2.99968
2.99917
2.99806
2.99493
2.98847
2.96955
2.92953
2.8199
2.56755
2.01195
1.19681
0.867379
0.827607
0.837381
0.858987
0.886539
0.917581
0.954755
0.998772
3.00001
3.00001
3
2.99999
2.99996
2.99991
2.99975
2.9994
2.9985
2.99632
2.9911
2.97759
2.94647
2.86507
2.67138
2.2237
1.42735
0.965123
0.863172
0.867517
0.885388
0.911344
0.938917
0.970935
1.00827
3.00001
3.00001
3
2.99999
2.99998
2.99993
2.99983
2.99953
2.99897
2.99714
2.99382
2.98303
2.96185
2.90047
2.76182
2.41979
1.7395
1.10671
0.912452
0.899131
0.910678
0.933099
0.959213
0.986793
1.01815
3.00001
3.00001
3
3
2.99998
2.99996
2.99987
2.9997
2.99917
2.99821
2.99503
2.98917
2.97092
2.93317
2.82955
2.59229
2.06386
1.29486
0.984886
0.934834
0.939881
0.956464
0.978852
1.0027
1.02739
3.00001
3.00001
3.00001
3
2.99999
2.99997
2.99992
2.99977
2.99946
2.99862
2.99668
2.99189
2.97985
2.95161
2.87904
2.70555
2.30148
1.55873
1.09335
0.973015
0.967362
0.977085
0.996007
1.01621
1.03311
3.00001
3.00001
3.00001
3
3
2.99998
2.99994
2.99985
2.99961
2.99907
2.99771
2.99433
2.98654
2.96589
2.91931
2.79798
2.51832
1.92422
1.25412
1.02767
0.99682
0.99992
1.01198
1.02599
1.03356
3.00001
3.00001
3.00001
3
3
2.99999
2.99996
2.9999
2.99974
2.99934
2.99845
2.99597
2.99087
2.97597
2.94489
2.85892
2.66324
2.21032
1.46642
1.10222
1.0248
1.01888
1.02336
1.02903
1.02679
3.00001
3.00001
3.00001
3.00001
3
3
2.99997
2.99993
2.99982
2.99957
2.9989
2.99734
2.99354
2.98394
2.96168
2.90407
2.76797
2.44205
1.7926
1.23331
1.06165
1.03574
1.02983
1.02424
1.01147
3.00001
3.00001
3.00001
3.00001
3
3
2.99999
2.99996
2.99988
2.99972
2.99923
2.99831
2.99545
2.98975
2.97347
2.93781
2.84409
2.62699
2.13892
1.42662
1.12373
1.05328
1.02909
1.00963
0.98506
3.00001
3.00001
3.00001
3.00001
3.00001
3
2.99999
2.99997
2.99992
2.9998
2.99952
2.99876
2.99716
2.99251
2.9832
2.95575
2.89776
2.74173
2.39471
1.72096
1.22746
1.06533
1.01397
0.978578
0.943671
3.00001
3.00001
3.00001
3.00001
3.00001
3
3
2.99998
2.99995
2.99987
2.99967
2.99922
2.99796
2.99543
2.98781
2.97277
2.92908
2.8337
2.59201
2.07814
1.38675
1.08619
0.984352
0.931764
0.896574
3.00001
3.00001
3.00001
3.00001
3.00001
3
3
2.99999
2.99997
2.99991
2.99979
2.99941
2.99871
2.99655
2.99219
2.97984
2.95259
2.8811
2.71296
2.32054
1.61374
1.11841
0.931937
0.864729
0.845677
3.00001
3.00001
3.00001
3.00001
3.00001
3.00001
3
3
2.99998
2.99994
2.99985
2.99959
2.99909
2.99751
2.99462
2.98524
2.96718
2.91426
2.79725
2.50539
1.91283
1.18007
0.859696
0.778724
0.78491
3.00001
3.00001
3.00001
3.00001
3.00001
3.00001
3
3
2.99999
2.99996
2.99988
2.99971
2.99926
2.99818
2.99556
2.98883
2.97344
2.93229
2.83657
2.59358
2.06866
1.22854
0.758577
0.661747
0.701829
3.00001
3.00001
3.00001
3.00001
3.00001
3.00001
3
3
2.99999
2.99997
2.9999
2.99976
2.99939
2.99849
2.99633
2.99062
2.97777
2.94254
2.86115
2.6489
2.17131
1.32199
0.681294
0.529122
0.607477
3.00001
3.00001
3.00001
3.00001
3.00001
3.00001
3.00001
3
2.99999
2.99997
2.99993
2.99978
2.99951
2.99861
2.99693
2.99157
2.98062
2.94913
2.8768
2.68591
2.24506
1.4163
0.630459
0.403813
0.521293
3.00001
3.00001
3.00001
3.00001
3.00001
3.00001
3.00001
3
2.99999
2.99998
2.99993
2.99982
2.99951
2.99887
2.99689
2.99305
2.98079
2.95607
2.88357
2.71456
2.29525
1.48945
0.60909
0.31395
0.459647
3.00001
3.00001
3.00001
3.00001
3.00001
3.00001
3.00001
3
2.99999
2.99998
2.99993
2.99983
2.99954
2.99893
2.99718
2.99323
2.98282
2.95758
2.89331
2.73185
2.33963
1.55768
0.618853
0.269798
0.421756
3.00001
3.00001
3.00001
3.00001
3.00001
3.00001
3.00001
3
3
2.99998
2.99994
2.99984
2.99957
2.99898
2.99727
2.99376
2.9831
2.96107
2.89719
2.74893
2.37587
1.62147
0.646383
0.259257
0.403998
3.00001
3.00001
3.00001
3.00001
3.00001
3.00001
3.00001
3
3
2.99998
2.99994
2.99984
2.99959
2.999
2.99743
2.99389
2.984
2.9622
2.90194
2.75898
2.40221
1.66884
0.677355
0.264568
0.397473
3.00001
3.00001
3.00001
3.00001
3.00001
3.00001
3.00001
3
3
2.99998
2.99994
2.99985
2.99961
2.99901
2.9976
2.99376
2.98539
2.96153
2.90819
2.76428
2.42411
1.706
0.711082
0.278062
0.395664
3.00001
3.00001
3.00001
3.00001
3.00001
3.00001
3.00001
3
3
2.99998
2.99994
2.99986
2.99959
2.9991
2.99751
2.99432
2.98496
2.96431
2.90835
2.77411
2.43942
1.73872
0.743114
0.294446
0.396222
3.00001
3.00001
3.00001
3.00001
3.00001
3.00001
3.00001
3
3
2.99998
2.99995
2.99984
2.99965
2.99902
2.99777
2.99405
2.98606
2.96395
2.91259
2.77782
2.45609
1.76692
0.772999
0.312717
0.396713
3.00001
3.00001
3.00001
3.00001
3.00001
3.00001
3.00001
3
3
2.99998
2.99994
2.99987
2.99961
2.99914
2.99759
2.9946
2.98554
2.96607
2.91252
2.78549
2.46698
1.79259
0.800928
0.330876
0.396672
3.00001
3.00001
3.00001
3.00001
3.00001
3.00001
3.00001
3
3
2.99998
2.99995
2.99985
2.99966
2.99906
2.99784
2.99432
2.98647
2.96566
2.91581
2.78798
2.47969
1.81424
0.82559
0.347807
0.396759
3.00001
3.00001
3.00001
3.00001
3.00001
3.00001
3.00001
3
3
2.99998
2.99995
2.99986
2.99965
2.99911
2.99778
2.99461
2.98626
2.96708
2.91595
2.79357
2.48812
1.83487
0.846854
0.362656
0.397009
3.00001
3.00001
3.00001
3.00001
3.00001
3.00001
3.00001
3
3
2.99999
2.99995
2.99987
2.99964
2.99913
2.99782
2.99459
2.98687
2.96655
2.9191
2.7952
2.49737
1.85423
0.864502
0.375102
0.397412
3.00001
3.00001
3.00001
3.00001
3.00001
3.00001
3.00001
3
3
2.99998
2.99995
2.99986
2.99966
2.9991
2.99794
2.99444
2.98744
2.9663
2.92126
2.79704
2.50539
1.87117
0.879509
0.384309
0.397298
3.00001
3.00001
3.00001
3.00001
3.00001
3.00001
3.00001
3
3
2.99998
2.99995
2.99986
2.99967
2.99911
2.99796
2.99448
2.98759
2.96664
2.92215
2.79924
2.51087
1.88335
0.892227
0.390979
0.396467
3.00001
3.00001
3.00001
3.00001
3.00001
3.00001
3.00001
3
3
2.99999
2.99995
2.99987
2.99965
2.99917
2.99786
2.99478
2.98714
2.96781
2.92121
2.80237
2.51289
1.89027
0.901355
0.395979
0.396165
3.00001
3.00001
3.00001
3.00001
3.00001
3.00001
3.00001
3
3
2.99999
2.99995
2.99988
2.99964
2.99919
2.99781
2.99495
2.98686
2.96857
2.92051
2.80415
2.51376
1.89371
0.905752
0.398385
0.395896
0.977014
0.776164
0.260157
0.243478
0.315645
0.400546
0.432675
0.461446
0.499141
0.535119
0.563575
0.586725
0.604581
0.612919
0.612828
0.605675
0.590059
0.566907
0.538213
0.507004
0.474861
0.442904
0.411376
0.380383
0.349934
0.319757
0.289965
0.260283
0.230528
0.200513
0.170885
0.141932
0.113662
0.0860267
0.0589731
0.0332385
0.0150826
0.029489
0.0533317
0.0780299
0.10237
0.125854
0.148576
0.170015
0.191206
0.213473
0.235586
0.256954
0.27761
0.297902
0.317699
0.337317
0.356453
0.375426
0.393974
0.41233
0.43034
0.448165
0.465614
0.482976
0.499927
0.516835
0.533289
0.5498
0.565814
0.58192
0.597585
0.613247
0.628597
0.643841
0.658841
0.673727
0.688332
0.702869
0.717077
0.731252
0.74506
0.758895
0.772294
0.785818
0.798818
0.812028
0.824664
0.837518
0.849849
0.862286
0.874336
0.886328
0.898052
0.909584
0.920873
0.93191
0.9426
0.952974
0.962803
0.97211
0.980446
0.987722
0.993019
0.997206
0.95922
0.837952
0.570644
0.419324
0.281144
0.145371
0.0625282
0.15521
0.233909
0.288264
0.323061
0.344623
0.362087
0.370945
0.366933
0.354728
0.338013
0.313576
0.284907
0.254638
0.224794
0.19543
0.166773
0.138789
0.111593
0.0854278
0.0611032
0.0414124
0.0345723
0.0471138
0.0676528
0.0907956
0.114551
0.138371
0.161774
0.184768
0.20691
0.228243
0.249155
0.270273
0.291088
0.31162
0.331585
0.350754
0.369295
0.388535
0.408022
0.426905
0.445188
0.463085
0.480763
0.498087
0.515168
0.531967
0.548521
0.564848
0.580941
0.59684
0.612474
0.627981
0.643191
0.658283
0.673149
0.687813
0.702388
0.716657
0.730937
0.744872
0.758833
0.772469
0.786103
0.799444
0.812747
0.825792
0.83875
0.85151
0.864106
0.8766
0.888833
0.901065
0.912964
0.924905
0.93652
0.948118
0.959488
0.970699
0.981824
0.992669
1.00351
1.01402
1.02454
1.0347
1.04475
1.05435
1.06359
1.07219
1.08002
1.08673
1.09166
1.09535
0.973798
0.941334
0.832825
0.738909
0.629796
0.513845
0.396175
0.294573
0.207182
0.130026
0.0650488
0.0316957
0.0604335
0.0914688
0.0829155
0.0624695
0.054065
0.0466226
0.0500081
0.0609367
0.0773264
0.0961268
0.116579
0.137791
0.159443
0.181353
0.203366
0.225275
0.246651
0.26753
0.288093
0.308727
0.329071
0.34915
0.368853
0.38812
0.406825
0.425002
0.442852
0.460578
0.478168
0.495513
0.512572
0.528814
0.544656
0.56066
0.577339
0.593655
0.609482
0.624898
0.640111
0.65512
0.669919
0.684583
0.698962
0.713298
0.727299
0.741285
0.754959
0.768573
0.781968
0.795236
0.808369
0.821346
0.834199
0.846925
0.859488
0.871975
0.884259
0.896514
0.908525
0.920558
0.932283
0.944099
0.955521
0.967121
0.978236
0.989611
1.00045
1.01157
1.02218
1.03301
1.04344
1.05397
1.06425
1.07449
1.08472
1.09476
1.10486
1.11462
1.1244
1.13376
1.14306
1.15185
1.16042
1.16827
1.17557
1.18166
1.18627
1.18943
1.00204
1.01617
0.981028
0.927927
0.858501
0.775566
0.691118
0.604442
0.526264
0.451029
0.386368
0.332335
0.291338
0.265031
0.257195
0.271703
0.287527
0.300889
0.316354
0.332084
0.347262
0.362136
0.377382
0.392881
0.40888
0.425168
0.441694
0.458194
0.474377
0.490348
0.505952
0.521623
0.536982
0.552312
0.567273
0.582029
0.596419
0.610522
0.624378
0.638197
0.651867
0.665625
0.678985
0.692079
0.704509
0.717335
0.730594
0.744233
0.757206
0.770149
0.782624
0.795328
0.807634
0.820145
0.832305
0.844573
0.856602
0.868614
0.880528
0.892312
0.904113
0.915705
0.927377
0.938796
0.950329
0.961586
0.972983
0.984083
0.995338
1.00628
1.01736
1.02813
1.03901
1.04958
1.06022
1.07059
1.081
1.09117
1.10136
1.11129
1.12133
1.13104
1.14106
1.15063
1.16066
1.17006
1.17993
1.18904
1.19866
1.20748
1.21678
1.22525
1.23409
1.24206
1.2502
1.25734
1.26428
1.26986
1.27428
1.27706
1.02099
1.0596
1.06234
1.0399
1.00251
0.949376
0.889999
0.827351
0.764796
0.70469
0.646596
0.598608
0.564198
0.545865
0.54388
0.554189
0.570202
0.583265
0.592295
0.601202
0.609093
0.616867
0.624785
0.633303
0.642485
0.65223
0.66249
0.672713
0.683141
0.69314
0.703298
0.713095
0.723174
0.732897
0.742821
0.752408
0.762111
0.771525
0.781153
0.790616
0.800484
0.810243
0.820295
0.829803
0.839249
0.848685
0.858987
0.86962
0.880156
0.890438
0.900699
0.91091
0.921231
0.931479
0.941876
0.952109
0.96253
0.972717
0.983119
0.993252
1.00361
1.01369
1.024
1.03403
1.04429
1.05428
1.06448
1.07444
1.08455
1.09448
1.10448
1.11438
1.12424
1.13408
1.14376
1.15351
1.16302
1.17265
1.18207
1.1917
1.20117
1.21075
1.22017
1.22956
1.23883
1.24801
1.25709
1.26604
1.27483
1.28352
1.29197
1.30032
1.30831
1.31617
1.32351
1.33055
1.33681
1.3424
1.34637
1.3493
1.03129
1.0813
1.10535
1.10675
1.09104
1.06109
1.02116
0.976095
0.926898
0.879132
0.833484
0.796051
0.7716
0.760299
0.764052
0.775222
0.791347
0.808319
0.820247
0.826311
0.828961
0.830075
0.831229
0.833251
0.83593
0.839288
0.843204
0.847456
0.851895
0.856393
0.861051
0.865829
0.870822
0.875992
0.881391
0.886955
0.892695
0.898637
0.9047
0.91113
0.917635
0.924704
0.931658
0.9388
0.945395
0.952605
0.960162
0.968772
0.977043
0.985688
0.993983
1.0027
1.01124
1.02014
1.02897
1.03804
1.04709
1.05628
1.06547
1.07473
1.084
1.09332
1.10264
1.11202
1.12136
1.13077
1.14009
1.14953
1.15878
1.16821
1.17735
1.18674
1.19574
1.20508
1.21394
1.22322
1.23206
1.24137
1.25026
1.25945
1.26828
1.27729
1.28607
1.29488
1.30359
1.31219
1.32079
1.32917
1.33761
1.34572
1.35391
1.36168
1.36948
1.37675
1.38391
1.39037
1.39645
1.40152
1.40532
1.40789
1.03708
1.09083
1.1265
1.14327
1.1437
1.13009
1.10411
1.07082
1.03175
0.99188
0.956202
0.927202
0.91086
0.907105
0.916607
0.933149
0.951806
0.967714
0.980958
0.98907
0.990514
0.986589
0.981677
0.977536
0.974719
0.973273
0.972678
0.973028
0.973646
0.974634
0.975887
0.977421
0.979323
0.981563
0.984219
0.98717
0.990509
0.994123
0.998088
1.0024
1.00706
1.01223
1.01765
1.02313
1.02846
1.0341
1.04042
1.04746
1.05471
1.06204
1.06948
1.07691
1.08456
1.09218
1.10013
1.10799
1.11622
1.12431
1.13275
1.14102
1.14962
1.15804
1.16675
1.1753
1.18409
1.19276
1.20157
1.21035
1.21916
1.228
1.23677
1.24566
1.25435
1.26327
1.27197
1.28095
1.28961
1.29848
1.30706
1.31577
1.32429
1.33282
1.34126
1.34959
1.35792
1.36604
1.37422
1.38212
1.39008
1.39771
1.40538
1.41267
1.4199
1.4267
1.43328
1.43932
1.44485
1.44956
1.45288
1.4553
1.04065
1.09424
1.13459
1.16041
1.17087
1.16759
1.15109
1.12427
1.09226
1.05874
1.03005
1.00838
0.997692
1.00128
1.01717
1.03955
1.06225
1.08042
1.09258
1.10153
1.10586
1.10378
1.09671
1.08909
1.0825
1.07782
1.0745
1.0724
1.07088
1.06988
1.06917
1.06882
1.06881
1.06918
1.06998
1.07123
1.07284
1.07491
1.07725
1.08008
1.08313
1.08682
1.09065
1.09472
1.09859
1.10289
1.10776
1.11342
1.11938
1.1256
1.132
1.13846
1.14519
1.15193
1.15904
1.16614
1.17365
1.18108
1.1889
1.1966
1.20465
1.21256
1.22079
1.22891
1.23728
1.24559
1.25406
1.26253
1.27104
1.27959
1.28807
1.2967
1.30521
1.31387
1.32232
1.33091
1.3393
1.34781
1.35618
1.36454
1.37288
1.38108
1.38937
1.39737
1.4056
1.41339
1.4215
1.42906
1.43698
1.44426
1.45189
1.45878
1.46597
1.47228
1.47878
1.48426
1.48955
1.4936
1.49651
1.49848
1.04341
1.09401
1.13515
1.1641
1.17953
1.18066
1.16806
1.14425
1.11749
1.0905
1.06794
1.05266
1.04719
1.05729
1.0807
1.10888
1.13541
1.15615
1.16995
1.17796
1.18439
1.18602
1.18208
1.1741
1.16542
1.15787
1.15162
1.14706
1.14325
1.14042
1.13791
1.13596
1.13433
1.13312
1.13239
1.132
1.13219
1.13278
1.13376
1.13523
1.13702
1.13947
1.14212
1.14516
1.14802
1.15139
1.15526
1.15996
1.16501
1.17046
1.17615
1.18202
1.18813
1.19432
1.20086
1.20745
1.21443
1.22142
1.22875
1.23607
1.24366
1.25127
1.25907
1.26695
1.27495
1.2831
1.29126
1.29963
1.30788
1.31643
1.32477
1.33339
1.34166
1.35024
1.35847
1.36698
1.37518
1.3836
1.3918
1.4001
1.40829
1.41645
1.42462
1.43261
1.44072
1.44849
1.45647
1.46398
1.47174
1.47893
1.48632
1.49307
1.49991
1.50605
1.51209
1.51726
1.5219
1.52551
1.52762
1.52948
1.04616
1.09183
1.13036
1.15833
1.17359
1.17431
1.16116
1.14058
1.11825
1.09709
1.08137
1.07243
1.07448
1.09235
1.12217
1.15316
1.18063
1.20304
1.219
1.2289
1.23503
1.23968
1.24056
1.23645
1.22914
1.2209
1.21303
1.206
1.20028
1.19553
1.19181
1.18864
1.18613
1.18394
1.18239
1.18117
1.18055
1.18035
1.18059
1.1813
1.1824
1.18413
1.18621
1.18867
1.19105
1.19383
1.19717
1.20118
1.20565
1.21048
1.21569
1.22107
1.2268
1.2326
1.23877
1.24498
1.25156
1.25817
1.2651
1.27205
1.27925
1.28651
1.29395
1.30152
1.30917
1.31704
1.32487
1.33299
1.34097
1.34924
1.35721
1.36549
1.37342
1.38168
1.38961
1.39782
1.40575
1.41387
1.42179
1.42978
1.43768
1.44549
1.45334
1.46094
1.46872
1.47611
1.48374
1.49087
1.49826
1.50505
1.51203
1.51831
1.52468
1.53029
1.53569
1.54011
1.54389
1.54651
1.5476
1.54911
1.04915
1.08783
1.12118
1.14414
1.15471
1.15102
1.13762
1.12069
1.10224
1.0878
1.07938
1.07846
1.09055
1.11598
1.14761
1.17812
1.20511
1.22779
1.2458
1.25914
1.26783
1.27354
1.27761
1.27872
1.27562
1.26981
1.26289
1.25487
1.2473
1.24072
1.23539
1.23101
1.22751
1.22462
1.22233
1.22046
1.21913
1.21818
1.21775
1.21773
1.21825
1.21927
1.22089
1.22281
1.22479
1.22702
1.2299
1.23332
1.23731
1.24157
1.24637
1.25131
1.25675
1.26222
1.26818
1.2741
1.28052
1.28688
1.29368
1.30042
1.30754
1.31462
1.32201
1.32942
1.33707
1.34479
1.35267
1.36068
1.36864
1.37675
1.38472
1.39288
1.40088
1.40904
1.41705
1.42516
1.43317
1.4412
1.44921
1.45712
1.46513
1.47288
1.48084
1.48839
1.49624
1.50352
1.51117
1.51813
1.52543
1.53197
1.53869
1.54464
1.55058
1.55564
1.56026
1.56381
1.56644
1.56768
1.56778
1.56931
1.05089
1.08181
1.10613
1.12166
1.12415
1.11666
1.1042
1.08986
1.07763
1.07069
1.06975
1.07951
1.10147
1.13059
1.16044
1.18864
1.21407
1.23665
1.25599
1.27209
1.28427
1.29358
1.29923
1.30331
1.30512
1.30383
1.29987
1.2942
1.28655
1.27892
1.27196
1.2663
1.26157
1.25796
1.25495
1.25275
1.25098
1.24976
1.249
1.24865
1.24882
1.24953
1.25078
1.2525
1.25419
1.25621
1.2587
1.2618
1.26539
1.26935
1.27382
1.27855
1.28376
1.28908
1.29483
1.30059
1.30677
1.31292
1.31945
1.32598
1.33281
1.3397
1.34682
1.35408
1.36148
1.3691
1.37672
1.38452
1.39223
1.40015
1.40792
1.41589
1.42368
1.43164
1.43942
1.44734
1.45513
1.46297
1.47077
1.47852
1.48631
1.49389
1.50163
1.50899
1.51656
1.52364
1.53093
1.53764
1.54448
1.55066
1.55683
1.56234
1.5675
1.57185
1.57533
1.57779
1.57881
1.57883
1.57802
1.57963
1.05099
1.07141
1.08543
1.0899
1.08574
1.07661
1.06581
1.05622
1.05111
1.05136
1.06135
1.0819
1.10843
1.13612
1.16294
1.18855
1.21278
1.23516
1.25555
1.27354
1.28894
1.30147
1.31129
1.31808
1.32261
1.32519
1.32554
1.3235
1.31922
1.31265
1.30562
1.29867
1.29314
1.28839
1.28489
1.28213
1.28004
1.27859
1.27744
1.27691
1.27667
1.27704
1.27799
1.2794
1.28096
1.28269
1.28491
1.28763
1.29097
1.29459
1.2988
1.30319
1.30818
1.31324
1.31884
1.32443
1.33049
1.33651
1.34295
1.34935
1.3561
1.36287
1.36992
1.37707
1.3844
1.39184
1.39931
1.40695
1.41452
1.4223
1.42995
1.43774
1.44546
1.4532
1.46097
1.46863
1.47643
1.48403
1.49182
1.49936
1.50704
1.51452
1.52196
1.52931
1.53644
1.54353
1.55026
1.55686
1.56305
1.56892
1.57441
1.57928
1.58355
1.58673
1.58903
1.58964
1.58941
1.58855
1.58645
1.58744
1.0464
1.05517
1.05694
1.05255
1.04439
1.03515
1.02795
1.0244
1.02684
1.03879
1.05966
1.08443
1.11013
1.13499
1.15931
1.18262
1.20579
1.22769
1.24889
1.26821
1.286
1.30125
1.31452
1.32492
1.33332
1.33837
1.34191
1.34341
1.34316
1.3406
1.33563
1.32932
1.32325
1.31773
1.31341
1.3098
1.30728
1.30526
1.30395
1.30311
1.30269
1.30288
1.30359
1.30481
1.30632
1.30787
1.30986
1.31231
1.31542
1.3188
1.32277
1.32693
1.33171
1.33657
1.34201
1.3474
1.35333
1.35916
1.36546
1.37169
1.3783
1.38495
1.39188
1.39892
1.40605
1.41333
1.42061
1.42807
1.43547
1.44305
1.45055
1.45818
1.46572
1.47335
1.48089
1.48847
1.49599
1.50348
1.511
1.51835
1.52582
1.53301
1.54032
1.5473
1.55426
1.56091
1.56733
1.57344
1.57905
1.58441
1.58901
1.59307
1.59593
1.59789
1.59819
1.59761
1.59651
1.59405
1.5895
1.58848
1.03505
1.03139
1.0234
1.01364
1.00325
0.99687
0.994215
0.998389
1.01262
1.03488
1.05916
1.08346
1.1071
1.12961
1.15195
1.17383
1.19616
1.21784
1.23944
1.25969
1.279
1.29636
1.31228
1.32579
1.33752
1.34646
1.35333
1.35744
1.3602
1.36124
1.36051
1.35736
1.35247
1.34725
1.34228
1.33802
1.33462
1.33198
1.33026
1.32906
1.32859
1.32854
1.32907
1.33015
1.33165
1.33308
1.33493
1.33703
1.33994
1.34298
1.34676
1.35056
1.35516
1.35969
1.36499
1.37015
1.37597
1.38162
1.38782
1.3939
1.40042
1.40694
1.41376
1.42058
1.42756
1.43459
1.44173
1.44893
1.45623
1.46355
1.47095
1.47834
1.48574
1.49316
1.50051
1.50794
1.5152
1.5226
1.52977
1.53705
1.54413
1.55117
1.55808
1.56473
1.57131
1.57741
1.58337
1.58866
1.59377
1.5981
1.60181
1.60435
1.60579
1.60587
1.60508
1.60353
1.60069
1.59545
1.58717
1.58415
1.01697
1.00335
0.988001
0.974093
0.966785
0.964343
0.969658
0.985781
1.00954
1.03428
1.058
1.08038
1.10184
1.12254
1.14337
1.16427
1.18589
1.20749
1.2292
1.25007
1.27033
1.28929
1.30706
1.3231
1.33753
1.34976
1.3601
1.36787
1.37368
1.37716
1.37965
1.38043
1.37914
1.37592
1.37166
1.36737
1.36325
1.36001
1.35755
1.35587
1.35501
1.35462
1.35493
1.35577
1.35711
1.35853
1.36014
1.36204
1.36453
1.36749
1.37091
1.37464
1.37887
1.38332
1.38826
1.39333
1.39883
1.40439
1.4103
1.41631
1.42261
1.42904
1.4356
1.44228
1.44903
1.45591
1.46285
1.46987
1.477
1.4841
1.49137
1.4985
1.50583
1.51296
1.52025
1.52737
1.53453
1.54162
1.54858
1.55558
1.5623
1.56909
1.57548
1.58187
1.58774
1.59342
1.5985
1.6032
1.60732
1.61052
1.61279
1.61354
1.61331
1.61226
1.61036
1.60641
1.60025
1.59202
1.58217
1.57852
0.992355
0.96954
0.949607
0.940079
0.936968
0.942404
0.959653
0.984886
1.01043
1.0342
1.05611
1.07651
1.09611
1.11555
1.13528
1.15565
1.17666
1.19819
1.21974
1.24109
1.26179
1.28188
1.30084
1.31877
1.33525
1.35015
1.36335
1.37452
1.38375
1.39071
1.39572
1.3989
1.40132
1.40196
1.40044
1.3971
1.39331
1.38968
1.38646
1.3842
1.38254
1.38181
1.3816
1.38214
1.38329
1.38464
1.3862
1.38786
1.39008
1.3928
1.39587
1.39937
1.40317
1.40741
1.41194
1.41684
1.42201
1.42745
1.43314
1.43908
1.44521
1.45151
1.45785
1.46439
1.47089
1.47763
1.48428
1.49119
1.49797
1.50497
1.51188
1.51888
1.52588
1.5328
1.53984
1.54665
1.55363
1.56032
1.56712
1.57364
1.58017
1.58641
1.59246
1.59822
1.6035
1.6084
1.61265
1.6165
1.61922
1.62102
1.62125
1.62051
1.61926
1.61658
1.61218
1.60467
1.5958
1.5864
1.57668
1.57351
0.956331
0.931652
0.918146
0.913346
0.917946
0.935788
0.962291
0.988703
1.01283
1.03435
1.05422
1.07293
1.09138
1.10991
1.12907
1.14891
1.16953
1.19069
1.21202
1.23345
1.25441
1.27519
1.29496
1.31432
1.3322
1.34927
1.36456
1.37856
1.39058
1.40095
1.40913
1.41532
1.4199
1.42336
1.42531
1.42555
1.42382
1.42061
1.41742
1.41427
1.41199
1.41026
1.40957
1.40941
1.41015
1.41133
1.41283
1.41426
1.41622
1.4185
1.42138
1.42451
1.42809
1.43198
1.43627
1.44086
1.44582
1.451
1.45653
1.46224
1.46821
1.47422
1.48043
1.48667
1.49306
1.49952
1.50604
1.5127
1.51929
1.52611
1.53272
1.53961
1.54623
1.55307
1.55969
1.56637
1.57294
1.57938
1.58579
1.59191
1.59799
1.60364
1.60913
1.61404
1.61854
1.62246
1.62579
1.62818
1.62925
1.62916
1.6281
1.62622
1.6231
1.61714
1.60929
1.59969
1.59004
1.58121
1.57299
1.57086
0.914779
0.898831
0.892741
0.896679
0.914926
0.942414
0.969658
0.994005
1.01552
1.0348
1.05289
1.07046
1.08808
1.10612
1.12484
1.14436
1.16458
1.18543
1.2065
1.22781
1.24886
1.2698
1.29017
1.31017
1.32926
1.34763
1.36471
1.38079
1.3952
1.40838
1.41945
1.42912
1.43619
1.4424
1.44671
1.44979
1.45125
1.45116
1.44905
1.44624
1.44316
1.44077
1.4389
1.43805
1.43782
1.43863
1.43984
1.44119
1.44272
1.4447
1.44722
1.45009
1.45331
1.45691
1.46084
1.46516
1.4698
1.47475
1.48004
1.4855
1.4912
1.49694
1.50297
1.50893
1.51522
1.52136
1.52786
1.53415
1.54074
1.54717
1.55374
1.56026
1.56673
1.57325
1.57958
1.586
1.59212
1.59831
1.60415
1.6099
1.61534
1.62039
1.62509
1.62904
1.63268
1.63545
1.63744
1.63783
1.63728
1.63589
1.63362
1.62926
1.62267
1.61366
1.60404
1.59416
1.58533
1.57836
1.57238
1.57144
0.878191
0.871745
0.876397
0.896137
0.92539
0.953484
0.978289
0.99962
1.01854
1.03595
1.05275
1.06963
1.08675
1.10458
1.12299
1.14226
1.16204
1.18247
1.2032
1.22419
1.24518
1.26615
1.2869
1.30728
1.32721
1.34638
1.36487
1.38228
1.39869
1.41384
1.42757
1.43982
1.45015
1.45869
1.46557
1.47151
1.47517
1.47746
1.47825
1.47744
1.47521
1.47223
1.46983
1.46765
1.4666
1.46616
1.46681
1.46793
1.46909
1.47054
1.47251
1.47509
1.47798
1.48129
1.48485
1.48889
1.49315
1.4979
1.50282
1.50815
1.5135
1.51919
1.52488
1.53081
1.53679
1.54287
1.54908
1.55526
1.56161
1.56784
1.57422
1.58044
1.58677
1.59291
1.59908
1.60508
1.61094
1.61669
1.62207
1.62733
1.632
1.63636
1.63996
1.64305
1.64549
1.64675
1.64673
1.64559
1.64395
1.6408
1.63555
1.62757
1.61837
1.60825
1.59862
1.59005
1.5832
1.57864
1.5749
1.5751
0.841911
0.850374
0.874752
0.907383
0.937708
0.963338
0.984903
1.00375
1.02095
1.0375
1.05384
1.07051
1.08755
1.1052
1.12344
1.14236
1.16182
1.18184
1.20218
1.22285
1.24362
1.26447
1.28524
1.30577
1.32606
1.34576
1.36506
1.38345
1.40129
1.41781
1.43357
1.44773
1.4607
1.47178
1.48112
1.48886
1.49572
1.50029
1.50303
1.50439
1.50456
1.50305
1.50047
1.4978
1.4954
1.49392
1.49302
1.49338
1.49421
1.49517
1.49654
1.49844
1.50112
1.50406
1.50746
1.51113
1.51521
1.51966
1.52434
1.52938
1.53449
1.53999
1.54544
1.55128
1.55701
1.56306
1.56903
1.57518
1.58131
1.58747
1.59364
1.59975
1.60585
1.61179
1.6177
1.62335
1.62886
1.63409
1.63893
1.64348
1.64728
1.65066
1.65314
1.65523
1.65577
1.65533
1.65401
1.65163
1.64757
1.64106
1.6323
1.62267
1.61248
1.6031
1.59486
1.58868
1.58426
1.5819
1.58006
1.58106
0.803053
0.838437
0.88079
0.91667
0.945259
0.968278
0.987746
1.00526
1.02189
1.03834
1.05489
1.07173
1.08897
1.10667
1.1249
1.14362
1.16283
1.18251
1.20252
1.22287
1.24334
1.26398
1.28457
1.30509
1.32542
1.34544
1.3651
1.38418
1.40272
1.42045
1.43735
1.45313
1.46776
1.48094
1.49257
1.5023
1.51074
1.51805
1.52355
1.52668
1.52825
1.52879
1.52819
1.52611
1.52311
1.52057
1.51832
1.51728
1.51692
1.51755
1.51836
1.51955
1.5215
1.52403
1.52723
1.53052
1.53453
1.53855
1.54322
1.54784
1.553
1.55816
1.56367
1.56929
1.57504
1.58096
1.58687
1.59294
1.59896
1.60503
1.61106
1.617
1.62292
1.62859
1.63424
1.63947
1.64464
1.64921
1.65354
1.65709
1.66002
1.66226
1.66374
1.66391
1.66296
1.66145
1.6584
1.65327
1.64554
1.63643
1.62627
1.61634
1.60711
1.59952
1.59371
1.58991
1.58775
1.58693
1.58651
1.58827
0.757742
0.821419
0.873052
0.910977
0.939337
0.96213
0.981976
1.00042
1.0182
1.0358
1.05342
1.07113
1.08901
1.10711
1.12555
1.14431
1.16345
1.1829
1.20271
1.22278
1.243
1.26334
1.28372
1.30408
1.32435
1.3444
1.3642
1.38355
1.40247
1.42069
1.43826
1.45491
1.47066
1.48518
1.49858
1.51043
1.52065
1.52935
1.53704
1.54294
1.54663
1.54829
1.54875
1.54857
1.54701
1.54428
1.54149
1.53877
1.5373
1.53643
1.53675
1.53742
1.53847
1.54032
1.54281
1.54614
1.54971
1.55372
1.55801
1.56256
1.56748
1.57256
1.57799
1.58352
1.58929
1.59514
1.60113
1.60716
1.61318
1.61925
1.62516
1.63112
1.6368
1.64243
1.64773
1.65273
1.65738
1.66137
1.66491
1.66739
1.66947
1.6703
1.67027
1.66926
1.66698
1.66326
1.65671
1.64846
1.63874
1.62862
1.61878
1.61006
1.6029
1.59767
1.59437
1.59266
1.5922
1.59235
1.59262
1.59491
0.702054
0.784588
0.842721
0.883498
0.914384
0.940165
0.963275
0.984943
1.00561
1.02564
1.0453
1.06465
1.0838
1.10286
1.12195
1.14116
1.16053
1.18015
1.19997
1.22005
1.24018
1.26033
1.28056
1.30069
1.32077
1.34067
1.36033
1.37967
1.39863
1.41708
1.43499
1.45215
1.46855
1.48396
1.49835
1.51138
1.52318
1.53326
1.54219
1.54988
1.55622
1.56047
1.56284
1.56344
1.56327
1.56223
1.55986
1.55677
1.55403
1.5518
1.55076
1.55054
1.55115
1.55215
1.55382
1.5565
1.55982
1.5637
1.56778
1.57229
1.57698
1.58206
1.58732
1.59289
1.59861
1.6045
1.61054
1.61657
1.62271
1.62872
1.63475
1.64061
1.64624
1.65173
1.65669
1.66143
1.66535
1.66878
1.67112
1.67295
1.67352
1.67326
1.6722
1.66956
1.66437
1.65719
1.64826
1.63845
1.62841
1.61903
1.61078
1.60432
1.59963
1.59686
1.59553
1.59545
1.59586
1.59666
1.5973
1.59969
0.646634
0.733495
0.792306
0.835595
0.870925
0.90207
0.93051
0.956933
0.981704
1.00504
1.02727
1.0487
1.06956
1.09002
1.11016
1.13019
1.15012
1.17019
1.1903
1.2106
1.23096
1.25121
1.27139
1.29145
1.31139
1.33114
1.35066
1.36991
1.38881
1.40728
1.42525
1.44261
1.45928
1.47517
1.49016
1.50419
1.5171
1.52882
1.53905
1.54816
1.55616
1.56273
1.56722
1.57003
1.57092
1.5708
1.56996
1.56816
1.56532
1.56233
1.55972
1.55825
1.55774
1.55834
1.55934
1.56097
1.56372
1.56729
1.57144
1.57585
1.58069
1.58573
1.5911
1.59672
1.60253
1.60857
1.61466
1.6209
1.62708
1.63325
1.6393
1.64509
1.65074
1.65583
1.66066
1.66466
1.66805
1.6704
1.67194
1.6725
1.67231
1.67088
1.66722
1.66123
1.65342
1.64421
1.63449
1.62475
1.61593
1.60839
1.60257
1.59852
1.59614
1.59523
1.59534
1.59585
1.59675
1.59839
1.59957
1.602
0.591626
0.673122
0.729161
0.774378
0.814303
0.850631
0.883976
0.914702
0.943283
0.970086
0.995438
1.01957
1.04271
1.06507
1.08682
1.10814
1.1292
1.15009
1.17089
1.19164
1.21241
1.23298
1.25334
1.27349
1.29339
1.31319
1.33263
1.35195
1.37084
1.38944
1.40747
1.42507
1.44194
1.45829
1.47383
1.4886
1.50253
1.51534
1.52717
1.53744
1.54685
1.55495
1.56202
1.56681
1.57024
1.57147
1.57153
1.57058
1.56908
1.56672
1.56377
1.56101
1.55928
1.5585
1.55901
1.56012
1.5619
1.56453
1.56829
1.57266
1.57761
1.58279
1.58831
1.59402
1.59995
1.60609
1.61227
1.61861
1.62484
1.63108
1.63709
1.64283
1.64825
1.65309
1.65738
1.66074
1.6632
1.6648
1.66548
1.66534
1.6634
1.65886
1.65236
1.64424
1.63511
1.62556
1.61643
1.6082
1.60146
1.5964
1.59295
1.59116
1.5906
1.59094
1.59151
1.59255
1.59401
1.59637
1.59785
1.6004
0.544886
0.61522
0.66548
0.71012
0.752058
0.791146
0.827408
0.861123
0.892663
0.922317
0.950365
0.976972
1.00242
1.02672
1.05039
1.07323
1.09584
1.11783
1.13969
1.16114
1.18244
1.20356
1.22435
1.24488
1.26514
1.28526
1.30509
1.32464
1.34389
1.36259
1.38105
1.39876
1.41622
1.43289
1.44913
1.46459
1.47924
1.49315
1.50581
1.51774
1.52807
1.53777
1.54615
1.55357
1.55878
1.56269
1.56452
1.56491
1.56424
1.56281
1.56114
1.55833
1.55586
1.55376
1.5531
1.5536
1.55508
1.55716
1.55999
1.56395
1.56886
1.57415
1.57986
1.58571
1.59179
1.59803
1.60427
1.61069
1.61686
1.62306
1.62886
1.63433
1.63936
1.64354
1.64708
1.64944
1.65129
1.65204
1.65158
1.6487
1.64365
1.63682
1.62844
1.61952
1.61031
1.60186
1.59441
1.58848
1.58416
1.58141
1.58009
1.57998
1.58058
1.58146
1.58258
1.58449
1.58656
1.58935
1.59105
1.5938
0.514402
0.572389
0.614414
0.654686
0.694567
0.732841
0.769175
0.803615
0.836297
0.867292
0.896813
0.924885
0.951897
0.977678
1.00285
1.02703
1.05082
1.07394
1.09664
1.11906
1.14104
1.16306
1.18466
1.20611
1.22715
1.24801
1.26845
1.28856
1.30827
1.32745
1.34632
1.36454
1.38241
1.39961
1.41631
1.4323
1.44758
1.46229
1.47589
1.48916
1.50089
1.51212
1.52189
1.53108
1.53858
1.54454
1.54872
1.55126
1.55214
1.55192
1.55082
1.54947
1.54759
1.54529
1.54388
1.54337
1.54399
1.54598
1.54842
1.55176
1.55587
1.56104
1.56667
1.57265
1.57876
1.58495
1.59111
1.59732
1.60327
1.60916
1.6145
1.61953
1.62368
1.62713
1.62972
1.63161
1.63217
1.63102
1.62749
1.62202
1.61505
1.60678
1.59807
1.58939
1.58154
1.57492
1.56979
1.56618
1.56409
1.56312
1.56344
1.56427
1.56517
1.56653
1.56829
1.57082
1.57323
1.57621
1.57806
1.58091
0.4979
0.547027
0.58145
0.615148
0.649524
0.683766
0.717228
0.749835
0.781342
0.811809
0.841112
0.869451
0.896794
0.923276
0.948992
0.974085
0.998502
1.02267
1.04621
1.06971
1.09274
1.11569
1.13839
1.16074
1.18269
1.20414
1.22525
1.24576
1.26602
1.28562
1.30502
1.32377
1.34219
1.36013
1.37745
1.39446
1.4107
1.42657
1.44165
1.45601
1.46957
1.48191
1.49345
1.50352
1.51312
1.52092
1.52749
1.53246
1.53597
1.53774
1.53876
1.53872
1.53874
1.53809
1.53675
1.53552
1.535
1.5354
1.53731
1.53958
1.54286
1.54626
1.55121
1.55631
1.56198
1.56755
1.57316
1.57868
1.58393
1.58886
1.5934
1.59716
1.60035
1.60306
1.60443
1.60454
1.60272
1.5986
1.59279
1.58547
1.57741
1.56881
1.5608
1.55348
1.54764
1.54313
1.54017
1.53851
1.538
1.53861
1.53975
1.54095
1.54246
1.54462
1.54703
1.55009
1.5528
1.55628
1.55839
1.56166
0.488931
0.533781
0.563454
0.591383
0.619571
0.648251
0.677283
0.706066
0.734652
0.762683
0.790176
0.817195
0.843712
0.869768
0.895469
0.920863
0.945849
0.970734
0.99516
1.01939
1.0433
1.06675
1.09012
1.11282
1.13536
1.15719
1.17891
1.20001
1.22096
1.24143
1.26162
1.28139
1.30072
1.31974
1.33806
1.35615
1.37341
1.39024
1.40624
1.42157
1.436
1.44963
1.46238
1.47411
1.48532
1.49555
1.50481
1.51293
1.51964
1.52505
1.52878
1.53072
1.53162
1.53257
1.53213
1.53098
1.52932
1.52832
1.52785
1.52872
1.53035
1.53255
1.53527
1.53867
1.54303
1.54762
1.55234
1.55673
1.56099
1.56452
1.56786
1.57066
1.57245
1.57306
1.57236
1.56932
1.56459
1.55794
1.55039
1.54168
1.53325
1.52502
1.51804
1.51235
1.50821
1.50556
1.50421
1.50409
1.50497
1.50626
1.50802
1.5097
1.51232
1.51512
1.51849
1.52215
1.5257
1.52994
1.53251
1.53658
0.482479
0.526315
0.554623
0.578588
0.602034
0.625888
0.650413
0.675109
0.699837
0.724586
0.749205
0.774038
0.798892
0.823864
0.849017
0.874068
0.899194
0.924033
0.948774
0.973071
0.9972
1.02088
1.04437
1.06757
1.09052
1.11319
1.13552
1.15766
1.17931
1.20085
1.2217
1.24249
1.26243
1.28231
1.30119
1.31999
1.33775
1.35522
1.37195
1.38804
1.40374
1.41867
1.43325
1.44713
1.46052
1.47333
1.48532
1.49629
1.50589
1.51404
1.52009
1.52453
1.5266
1.52706
1.52714
1.52657
1.52446
1.52187
1.51988
1.51871
1.51884
1.51987
1.52154
1.52387
1.52654
1.52979
1.53323
1.53653
1.53942
1.54198
1.54342
1.54382
1.54328
1.54093
1.5365
1.53018
1.5227
1.5138
1.50485
1.49564
1.48766
1.48064
1.47526
1.47152
1.46892
1.46803
1.46802
1.46903
1.47102
1.47294
1.47569
1.47823
1.48196
1.48523
1.48954
1.49313
1.4975
1.50118
1.50421
1.50738
0.475094
0.521132
0.550024
0.571726
0.591934
0.61273
0.633965
0.655467
0.676914
0.698654
0.720731
0.743361
0.766657
0.790298
0.814471
0.838776
0.863159
0.887639
0.911833
0.936106
0.960043
0.983943
1.00764
1.03123
1.05465
1.07783
1.10068
1.12327
1.14544
1.16726
1.18868
1.20957
1.23012
1.24996
1.26954
1.28838
1.30695
1.32491
1.34267
1.35991
1.3771
1.39369
1.41023
1.42607
1.44151
1.45614
1.46995
1.48276
1.49387
1.50357
1.51133
1.51712
1.52117
1.52307
1.52372
1.52394
1.52358
1.52176
1.51893
1.51657
1.51507
1.51408
1.5143
1.51485
1.51577
1.51698
1.51833
1.51933
1.51993
1.5195
1.51869
1.51627
1.51239
1.50647
1.49916
1.49044
1.48088
1.47119
1.46186
1.45374
1.44681
1.44182
1.4381
1.43625
1.43542
1.43555
1.43683
1.43874
1.44117
1.44334
1.44609
1.44885
1.45233
1.45543
1.45914
1.46221
1.46592
1.46877
1.47148
1.47373
0.467489
0.516872
0.546524
0.56702
0.585333
0.604305
0.623774
0.643394
0.66314
0.683156
0.703865
0.72523
0.747396
0.770152
0.793277
0.816837
0.840389
0.864242
0.887961
0.911819
0.935571
0.959316
0.982961
1.00653
1.02991
1.05311
1.07592
1.09853
1.12062
1.14245
1.16376
1.18468
1.20514
1.22518
1.24483
1.26419
1.28324
1.30218
1.32086
1.33948
1.35783
1.37591
1.39364
1.41078
1.42721
1.44299
1.4575
1.47137
1.48367
1.49514
1.505
1.51325
1.51985
1.52421
1.52668
1.52758
1.52801
1.52768
1.52547
1.5221
1.51859
1.51545
1.51307
1.51117
1.5096
1.50816
1.50679
1.50519
1.50277
1.49961
1.49553
1.49027
1.4829
1.47464
1.46469
1.45456
1.44406
1.43453
1.426
1.41918
1.41404
1.41036
1.40837
1.40729
1.40716
1.4076
1.40916
1.41086
1.41263
1.41434
1.41654
1.41885
1.4216
1.42426
1.4273
1.43015
1.43337
1.43605
1.43845
1.44048
0.460664
0.512641
0.542936
0.562533
0.579758
0.597755
0.616533
0.635631
0.654964
0.674754
0.695158
0.716305
0.738033
0.760373
0.783062
0.806026
0.829191
0.852389
0.875741
0.898995
0.922331
0.945548
0.968731
0.991856
1.0148
1.03765
1.06013
1.08242
1.10429
1.12578
1.14693
1.16759
1.18806
1.20813
1.2281
1.24789
1.26758
1.28724
1.30677
1.32614
1.34534
1.36409
1.38254
1.40027
1.41747
1.43388
1.44961
1.46457
1.47865
1.4915
1.50343
1.51343
1.52237
1.52886
1.53371
1.53586
1.53658
1.53677
1.53582
1.53248
1.52759
1.52247
1.5173
1.51281
1.50828
1.50414
1.49964
1.49523
1.48954
1.48372
1.47606
1.46768
1.45755
1.44688
1.43558
1.42455
1.41428
1.40526
1.398
1.39216
1.38809
1.38523
1.38357
1.38265
1.38247
1.38277
1.38389
1.38505
1.38628
1.38767
1.38946
1.39159
1.39403
1.39651
1.3993
1.40198
1.40488
1.40747
1.40932
1.41119
0.455094
0.508611
0.539039
0.557669
0.574044
0.591528
0.610256
0.629729
0.649618
0.670047
0.690985
0.712484
0.734432
0.7567
0.77927
0.801946
0.824822
0.847622
0.870516
0.893202
0.915961
0.938526
0.961153
0.98366
1.00615
1.02845
1.05061
1.07237
1.09397
1.11505
1.13601
1.15655
1.17703
1.19734
1.21759
1.23787
1.25806
1.27826
1.29828
1.31818
1.33774
1.35704
1.37587
1.39428
1.41215
1.42934
1.44609
1.46177
1.4772
1.49101
1.50449
1.51609
1.5266
1.53523
1.54178
1.54614
1.54762
1.54809
1.54772
1.54559
1.54049
1.53381
1.52636
1.51895
1.51143
1.50429
1.49655
1.48886
1.48005
1.47089
1.45998
1.4487
1.43623
1.42401
1.41196
1.40085
1.39133
1.3831
1.37684
1.37188
1.3684
1.36593
1.36441
1.3635
1.36322
1.36342
1.36426
1.36511
1.36605
1.36726
1.36893
1.37093
1.37309
1.37539
1.37785
1.38037
1.38283
1.38507
1.38668
1.38828
0.451492
0.505274
0.534886
0.552394
0.567847
0.585108
0.604216
0.624539
0.645474
0.666882
0.688661
0.710715
0.733042
0.75546
0.778066
0.800653
0.823302
0.8458
0.868294
0.890521
0.912765
0.934774
0.956872
0.978788
1.0008
1.02249
1.04422
1.06547
1.08674
1.10756
1.12839
1.14906
1.16967
1.19039
1.21101
1.23176
1.25242
1.27299
1.29346
1.31367
1.3336
1.3533
1.37243
1.39142
1.40962
1.42763
1.44471
1.46152
1.47723
1.49255
1.5065
1.51977
1.53124
1.54174
1.54962
1.55615
1.55907
1.56004
1.55979
1.55849
1.55433
1.54732
1.53824
1.52828
1.51778
1.50721
1.49615
1.48486
1.47268
1.46004
1.44637
1.4327
1.41873
1.40585
1.39379
1.3835
1.3749
1.3678
1.36251
1.3583
1.35531
1.35317
1.35176
1.35091
1.35066
1.35082
1.35154
1.35221
1.35298
1.35412
1.35569
1.35744
1.3593
1.3613
1.36345
1.3656
1.36777
1.36973
1.37112
1.37254
0.449726
0.502413
0.530601
0.546821
0.561488
0.57861
0.598462
0.619747
0.641893
0.664262
0.68693
0.709516
0.732223
0.754844
0.777479
0.800055
0.822486
0.844821
0.866907
0.888887
0.910659
0.932371
0.953957
0.975438
0.99686
1.01804
1.0392
1.06006
1.08095
1.10175
1.12252
1.14352
1.16437
1.18558
1.2066
1.22776
1.24886
1.26965
1.29056
1.31082
1.33127
1.35095
1.37069
1.38971
1.40857
1.42681
1.44458
1.46177
1.47824
1.49411
1.50888
1.52307
1.53546
1.5472
1.55646
1.56424
1.56918
1.57095
1.57101
1.5698
1.56697
1.56009
1.5503
1.53842
1.52533
1.51138
1.49682
1.48183
1.46622
1.45047
1.43458
1.41941
1.40501
1.39235
1.3811
1.37202
1.36444
1.35854
1.35398
1.35047
1.34788
1.34606
1.34477
1.34403
1.34379
1.34404
1.3446
1.34512
1.34583
1.34691
1.34833
1.34986
1.3515
1.35326
1.35516
1.35707
1.35894
1.36055
1.36184
1.36317
0.448175
0.499602
0.526323
0.541459
0.555403
0.572531
0.593281
0.615577
0.638762
0.662031
0.685445
0.708553
0.731534
0.754363
0.777003
0.799623
0.821833
0.844071
0.865748
0.887613
0.908909
0.930478
0.951516
0.97272
0.993484
1.0143
1.03484
1.05553
1.07607
1.09703
1.11783
1.13922
1.16038
1.18203
1.2034
1.22494
1.24624
1.26739
1.28836
1.30897
1.32948
1.34943
1.36947
1.3886
1.40805
1.42628
1.44478
1.4621
1.47928
1.49546
1.51102
1.52553
1.53903
1.55114
1.56171
1.57026
1.57677
1.5795
1.58003
1.57895
1.5767
1.57068
1.56086
1.5478
1.53253
1.51559
1.49758
1.47899
1.46025
1.44198
1.4246
1.40875
1.39466
1.38272
1.37262
1.36468
1.35814
1.35317
1.34924
1.34627
1.34408
1.34244
1.34133
1.34073
1.34057
1.34091
1.34141
1.34187
1.34256
1.3436
1.34489
1.34625
1.3477
1.34927
1.35094
1.35251
1.35422
1.35566
1.35689
1.35816
0.44734
0.497428
0.523058
0.537148
0.550557
0.567763
0.589326
0.612568
0.636454
0.660458
0.684326
0.707895
0.731097
0.754054
0.776713
0.799289
0.821488
0.843537
0.865047
0.886597
0.907631
0.928923
0.949664
0.970557
0.990921
1.01139
1.03154
1.05202
1.0724
1.09341
1.11436
1.136
1.15751
1.17942
1.20116
1.22291
1.24443
1.26581
1.28682
1.30772
1.32819
1.3485
1.3685
1.38801
1.40756
1.42605
1.44488
1.46232
1.47994
1.49629
1.51228
1.52711
1.54115
1.55359
1.56506
1.57406
1.58164
1.58524
1.58638
1.58555
1.58324
1.57815
1.56843
1.55494
1.53827
1.51901
1.49812
1.47654
1.4553
1.43526
1.41705
1.40114
1.38765
1.37656
1.36749
1.36039
1.35463
1.35024
1.34679
1.34416
1.34219
1.34073
1.33979
1.33927
1.33922
1.33958
1.3401
1.34052
1.34117
1.34219
1.3434
1.34468
1.34604
1.34744
1.34897
1.35034
1.35192
1.35326
1.35444
1.35565
0.446665
0.496012
0.520935
0.534327
0.547416
0.564683
0.58681
0.610725
0.635115
0.659609
0.683766
0.7076
0.73097
0.754011
0.776656
0.799151
0.821314
0.843231
0.86464
0.885944
0.906804
0.927877
0.948463
0.969191
0.989359
1.00964
1.0296
1.04994
1.07026
1.09127
1.11232
1.13406
1.15577
1.17782
1.19978
1.22167
1.24336
1.26488
1.28598
1.30705
1.32756
1.34807
1.36808
1.38783
1.40736
1.4261
1.44496
1.46257
1.48034
1.49676
1.51298
1.52791
1.5422
1.55481
1.56669
1.57589
1.58404
1.58817
1.58967
1.58892
1.58668
1.58216
1.57251
1.55882
1.54138
1.52083
1.49829
1.47499
1.45231
1.43132
1.41275
1.39696
1.38394
1.37339
1.36491
1.35828
1.35294
1.34886
1.34565
1.34324
1.34136
1.34
1.33914
1.33867
1.33865
1.33904
1.33957
1.33997
1.34062
1.34162
1.3428
1.34405
1.34537
1.3467
1.34816
1.34946
1.35098
1.35228
1.35343
1.35462
)
;

boundaryField
{
    inlet
    {
        type            calculated;
        value           uniform 3.00001;
    }
    outlet
    {
        type            calculated;
        value           nonuniform List<scalar> 
40
(
0.997206
1.09535
1.18943
1.27706
1.3493
1.40789
1.4553
1.49848
1.52948
1.54911
1.56931
1.57963
1.58744
1.58848
1.58415
1.57852
1.57351
1.57086
1.57144
1.5751
1.58106
1.58827
1.59491
1.59969
1.602
1.6004
1.5938
1.58091
1.56166
1.53658
1.50738
1.47373
1.44048
1.41119
1.38828
1.37254
1.36317
1.35816
1.35565
1.35462
)
;
    }
    bottom
    {
        type            symmetryPlane;
    }
    top
    {
        type            symmetryPlane;
    }
    obstacle
    {
        type            calculated;
        value           uniform 0;
    }
    defaultFaces
    {
        type            empty;
    }
}


// ************************************************************************* //
