/*--------------------------------*- C++ -*----------------------------------*\
  =========                 |
  \\      /  F ield         | OpenFOAM: The Open Source CFD Toolbox
   \\    /   O peration     | Website:  https://openfoam.org
    \\  /    A nd           | Version:  10
     \\/     M anipulation  |
\*---------------------------------------------------------------------------*/
FoamFile
{
    format      ascii;
    class       volScalarField;
    location    "9";
    object      rho;
}
// * * * * * * * * * * * * * * * * * * * * * * * * * * * * * * * * * * * * * //

dimensions      [1 -3 0 0 0 0 0];

internalField   nonuniform List<scalar> 
5250
(
1.40001
1.40003
1.40008
1.40021
1.40048
1.40133
1.40286
1.40807
1.41737
1.44635
1.50283
1.63996
1.91339
2.62581
5.34092
5.73647
5.6803
5.66516
5.68766
5.76836
5.85214
5.90473
5.94549
5.9788
6.00524
1.40001
1.40003
1.40008
1.4002
1.4005
1.40125
1.40298
1.40765
1.41782
1.4448
1.50328
1.63604
1.9101
2.60973
5.30284
5.73472
5.67889
5.66243
5.68506
5.76591
5.84971
5.90266
5.94432
5.97851
6.00602
1.40001
1.40003
1.40008
1.4002
1.40047
1.40125
1.40284
1.40763
1.4171
1.44445
1.50018
1.63233
1.89989
2.57791
5.21751
5.73098
5.67479
5.65319
5.67525
5.75416
5.83743
5.88921
5.93121
5.96465
5.99209
1.40001
1.40003
1.40008
1.40017
1.40051
1.40108
1.40305
1.40661
1.41806
1.44019
1.50068
1.62115
1.88851
2.52854
5.08323
5.72796
5.66951
5.63737
5.65746
5.73361
5.81425
5.86575
5.90597
5.94014
5.96779
1.40001
1.40003
1.40007
1.40019
1.40042
1.40118
1.40256
1.40703
1.41568
1.44101
1.49211
1.61619
1.86512
2.46826
4.89515
5.72813
5.66437
5.61558
5.63307
5.70496
5.78238
5.83077
5.86955
5.90167
5.93096
1.40001
1.40002
1.40007
1.40016
1.40046
1.40095
1.40277
1.40577
1.41642
1.43536
1.49101
1.59892
1.84386
2.39151
4.64856
5.73558
5.66093
5.58821
5.60228
5.66754
5.74183
5.78578
5.82123
5.85151
5.88188
1.40001
1.40002
1.40007
1.40014
1.40042
1.40089
1.40249
1.40545
1.41473
1.43316
1.48323
1.58498
1.81236
2.3063
4.33635
5.75289
5.66178
5.55579
5.56535
5.62038
5.68886
5.72666
5.75476
5.77932
5.81037
1.40001
1.40002
1.40005
1.40015
1.40032
1.40092
1.40197
1.40547
1.41208
1.43199
1.47189
1.57187
1.77268
2.2146
3.95506
5.78527
5.67002
5.5216
5.52498
5.56719
5.62478
5.65257
5.66955
5.68156
5.70813
1.40001
1.40002
1.40005
1.40014
1.40028
1.40081
1.40173
1.40483
1.41059
1.42823
1.46335
1.55281
1.73262
2.11899
3.52112
5.81537
5.68381
5.48927
5.48208
5.50647
5.54958
5.55917
5.5567
5.5426
5.54749
1.40001
1.40002
1.40005
1.4001
1.40028
1.40063
1.40164
1.40389
1.40968
1.42333
1.4566
1.53042
1.69419
2.02708
3.05231
5.80539
5.68704
5.46873
5.43856
5.44179
5.46085
5.45003
5.41832
5.34897
5.29368
1.40001
1.40002
1.40004
1.4001
1.40023
1.40056
1.40144
1.40331
1.40873
1.41978
1.45051
1.51427
1.66124
1.95892
2.78726
5.58984
5.5857
5.45038
5.37912
5.36961
5.35792
5.32399
5.23342
5.02273
4.42748
1.40001
1.40001
1.40003
1.40009
1.4002
1.40052
1.40116
1.40316
1.40689
1.41877
1.44158
1.50362
1.62829
1.90096
2.56961
5.13874
5.46313
5.40271
5.31203
5.28944
5.25525
5.18675
5.04113
4.74595
4.11766
1.40001
1.40001
1.40003
1.40007
1.40019
1.4004
1.40109
1.40248
1.40642
1.41508
1.43773
1.48728
1.60239
1.83877
2.38647
4.60802
5.39464
5.35782
5.2532
5.20335
5.15315
5.05574
4.86811
4.5634
4.08363
1.40001
1.40001
1.40003
1.40006
1.40015
1.40035
1.4009
1.40207
1.40552
1.41234
1.43246
1.47314
1.57346
1.77728
2.22297
4.00634
5.36906
5.33053
5.21023
5.12338
5.05155
4.93722
4.74713
4.465
4.09197
1.40001
1.40001
1.40002
1.40006
1.40011
1.40032
1.40066
1.40188
1.40401
1.41115
1.42429
1.46343
1.53922
1.7187
2.07177
3.34358
5.34234
5.31224
5.19236
5.05705
4.96239
4.83767
4.65534
4.40762
4.09498
1.40001
1.40001
1.40002
1.40004
1.4001
1.40023
1.40059
1.40138
1.40342
1.40843
1.42015
1.44917
1.51405
1.6571
1.94728
2.74389
5.18851
5.26954
5.18496
5.0095
4.89047
4.76416
4.58645
4.36114
4.09264
1.40001
1.40001
1.40002
1.40003
1.40009
1.40018
1.4005
1.40103
1.40297
1.40618
1.41743
1.4375
1.49582
1.60846
1.86168
2.4424
4.69516
5.17259
5.12086
4.97561
4.8312
4.70126
4.53561
4.32733
4.08706
1.40001
1.40001
1.40001
1.40003
1.40006
1.40016
1.40034
1.40094
1.40205
1.40551
1.41247
1.43224
1.4731
1.57319
1.77477
2.21476
3.9616
5.08306
5.05756
4.95426
4.78983
4.64865
4.49152
4.30136
4.08494
1.40001
1.40001
1.40001
1.40002
1.40005
1.40012
1.40028
1.40067
1.40172
1.40391
1.41032
1.42325
1.45895
1.53228
1.69924
2.02632
3.16117
4.99834
5.02304
4.95231
4.77889
4.61507
4.45853
4.28344
4.08615
1.40001
1.40001
1.40001
1.40002
1.40004
1.4001
1.4002
1.40054
1.40119
1.40315
1.40721
1.41841
1.44269
1.50273
1.62829
1.88835
2.53959
4.71276
5.00009
4.93808
4.78281
4.59486
4.43731
4.27342
4.09686
1.40001
1.40001
1.40001
1.40002
1.40003
1.40007
1.40015
1.40042
1.40087
1.40244
1.40522
1.4143
1.43142
1.47995
1.57508
1.79097
2.24025
4.02059
4.91183
4.88418
4.78507
4.59232
4.42625
4.27182
4.10925
1.40001
1.40001
1.40001
1.40001
1.40002
1.40005
1.40012
1.40028
1.40071
1.40161
1.40429
1.40949
1.42515
1.45621
1.53535
1.69592
2.02061
3.15999
4.78897
4.84477
4.78123
4.62051
4.43867
4.28443
4.1307
1.40001
1.40001
1.40001
1.40001
1.40002
1.40004
1.40009
1.40021
1.40049
1.40123
1.40282
1.4074
1.41659
1.44251
1.49547
1.62025
1.85958
2.46052
4.45293
4.82496
4.77622
4.64973
4.46723
4.30997
4.16231
1.40001
1.40001
1.40001
1.40001
1.40002
1.40003
1.40007
1.40014
1.40038
1.40079
1.40224
1.40473
1.41305
1.4283
1.47302
1.55861
1.75676
2.14666
3.68233
4.75131
4.7362
4.66999
4.51022
4.34571
4.20933
1.40001
1.40001
1.40001
1.40001
1.40001
1.40002
1.40004
1.40011
1.40023
1.40064
1.40134
1.40374
1.40803
1.4216
1.44752
1.51691
1.6532
1.92432
2.72256
4.55651
4.74617
4.69458
4.57027
4.40531
4.28695
1.40001
1.40001
1.40001
1.40001
1.40001
1.40002
1.40003
1.40008
1.40016
1.40044
1.40096
1.40252
1.40577
1.41463
1.43399
1.48216
1.58363
1.79698
2.2634
4.00174
4.70567
4.69132
4.63721
4.50402
4.40145
1.40001
1.40001
1.40001
1.40001
1.40001
1.40001
1.40002
1.40006
1.40011
1.40031
1.40064
1.40179
1.40381
1.41043
1.42268
1.45882
1.52832
1.69311
1.99557
3.0811
4.55555
4.71431
4.68597
4.62205
4.56796
1.40001
1.40001
1.40001
1.40001
1.40001
1.40001
1.40002
1.40004
1.40008
1.4002
1.40044
1.40121
1.40254
1.40714
1.41496
1.44055
1.48724
1.60683
1.82233
2.36092
4.1537
4.71395
4.77403
4.75996
4.76329
1.40001
1.40001
1.40001
1.40001
1.40001
1.40001
1.40001
1.40003
1.40005
1.40014
1.4003
1.4008
1.4018
1.40462
1.41075
1.42657
1.46203
1.54421
1.71376
2.05222
3.28527
4.61135
4.91058
4.96804
5.03111
1.40001
1.40001
1.40001
1.40001
1.40001
1.40001
1.40001
1.40002
1.40004
1.40009
1.40023
1.4005
1.40128
1.40298
1.40736
1.41762
1.44225
1.4982
1.62167
1.85404
2.46175
4.30522
5.06072
5.27244
5.37465
1.40001
1.40001
1.40001
1.40001
1.40001
1.40001
1.40001
1.40002
1.40003
1.40006
1.40016
1.40034
1.40092
1.40194
1.40549
1.41138
1.43159
1.46736
1.56486
1.74882
2.1504
3.58417
5.16602
5.62912
5.72599
1.40001
1.40001
1.40001
1.40001
1.40001
1.40001
1.40001
1.40001
1.40002
1.40005
1.40011
1.40026
1.40062
1.40146
1.40375
1.40851
1.42205
1.44987
1.52026
1.66522
1.95951
2.77602
5.05925
5.99127
6.01916
1.40001
1.40001
1.40001
1.40001
1.40001
1.40001
1.40001
1.40001
1.40002
1.40004
1.40008
1.40021
1.40044
1.40124
1.40265
1.40733
1.41609
1.44236
1.49434
1.62301
1.87965
2.52774
4.77161
6.17863
6.20532
1.40001
1.40001
1.40001
1.40001
1.40001
1.40001
1.40001
1.40001
1.40001
1.40003
1.40006
1.40018
1.40036
1.40103
1.40221
1.40611
1.41361
1.43594
1.48115
1.59418
1.82295
2.38609
4.35846
6.2535
6.25175
1.40001
1.40001
1.40001
1.40001
1.40001
1.40001
1.40001
1.40001
1.40001
1.40003
1.40006
1.40014
1.40036
1.40079
1.4022
1.40476
1.41336
1.42944
1.47623
1.57119
1.78764
2.30134
4.01509
6.29723
6.20608
1.40001
1.40001
1.40001
1.40001
1.40001
1.40001
1.40001
1.40001
1.40001
1.40002
1.40006
1.40012
1.40032
1.40074
1.40189
1.40464
1.41143
1.42835
1.46814
1.56025
1.7589
2.23393
3.76529
6.32304
6.1087
1.40001
1.40001
1.40001
1.40001
1.40001
1.40001
1.40001
1.40001
1.40001
1.40002
1.40005
1.40013
1.40027
1.40077
1.4016
1.40467
1.40992
1.4277
1.46149
1.55266
1.73483
2.1704
3.54734
6.33433
6.02003
1.40001
1.40001
1.40001
1.40001
1.40001
1.40001
1.40001
1.40001
1.40001
1.40002
1.40005
1.40011
1.40029
1.40064
1.40171
1.40399
1.41027
1.42446
1.46085
1.54026
1.71983
2.10198
3.35381
6.32851
5.968
1.40001
1.40001
1.40001
1.40001
1.40001
1.40001
1.40001
1.40001
1.40001
1.40002
1.40005
1.4001
1.40028
1.4006
1.40168
1.40373
1.41009
1.423
1.45901
1.53361
1.70718
2.05906
3.2075
6.2805
5.93559
1.40001
1.40001
1.40001
1.40001
1.40001
1.40001
1.40001
1.40001
1.40001
1.40002
1.40004
1.40011
1.40024
1.40067
1.40145
1.40399
1.40899
1.42376
1.45445
1.5327
1.69381
2.03335
3.11266
6.17739
5.90334
1.40001
1.40001
1.40001
1.40001
1.40001
1.40001
1.40001
1.40001
1.40001
1.40002
1.40004
1.40011
1.40024
1.40065
1.40138
1.40401
1.40836
1.42382
1.4517
1.52998
1.6847
2.0126
3.03447
6.07766
5.87356
1.40001
1.40001
1.40001
1.40001
1.40001
1.40001
1.40001
1.40001
1.40001
1.40002
1.40005
1.4001
1.40026
1.40055
1.40158
1.40331
1.40954
1.42043
1.45479
1.5213
1.68217
1.99184
2.96826
5.98406
5.84025
1.40001
1.40001
1.40001
1.40001
1.40001
1.40001
1.40001
1.40001
1.40001
1.40002
1.40004
1.4001
1.40023
1.40062
1.40133
1.40381
1.40804
1.42256
1.44942
1.52344
1.67147
1.9789
2.9096
5.89623
5.80081
1.40001
1.40001
1.40001
1.40001
1.40001
1.40001
1.40001
1.40001
1.40001
1.40002
1.40004
1.40009
1.40025
1.40053
1.40152
1.40319
1.40913
1.41955
1.45261
1.51569
1.67072
1.96371
2.86137
5.81572
5.76204
1.40001
1.40001
1.40001
1.40001
1.40001
1.40001
1.40001
1.40001
1.40001
1.40002
1.40005
1.40009
1.40025
1.40052
1.40147
1.40319
1.4088
1.41951
1.45118
1.51399
1.66547
1.95664
2.81866
5.74593
5.72743
1.40001
1.40001
1.40001
1.40001
1.40001
1.40001
1.40001
1.40001
1.40001
1.40002
1.40004
1.4001
1.40021
1.4006
1.40125
1.40359
1.40765
1.42128
1.44665
1.51723
1.65608
1.95767
2.78066
5.69121
5.69847
1.40001
1.40001
1.40001
1.40001
1.40001
1.40001
1.40001
1.40001
1.40001
1.40002
1.40004
1.4001
1.40021
1.40057
1.4013
1.40337
1.40802
1.41995
1.44775
1.51332
1.65432
1.95665
2.75069
5.64411
5.68711
1.40001
1.40001
1.40001
1.40001
1.40001
1.40001
1.40001
1.40001
1.40001
1.40002
1.40004
1.4001
1.40021
1.40056
1.40129
1.40331
1.40798
1.41963
1.44741
1.51177
1.65198
1.95407
2.73001
5.60567
5.68152
1.40001
1.40001
1.40001
1.40001
1.40001
1.40001
1.40001
1.40001
1.40001
1.40002
1.40004
1.4001
1.4002
1.40059
1.40121
1.4035
1.40737
1.42071
1.44498
1.51379
1.64778
1.95139
2.71521
5.57912
5.68206
1.40001
1.40001
1.40001
1.40001
1.40001
1.40001
1.40001
1.40001
1.40001
1.40002
1.40004
1.4001
1.40021
1.40058
1.4012
1.40351
1.40728
1.42074
1.44471
1.51341
1.64703
1.94912
2.70755
5.5655
5.68367
2.25421
1.84282
2.15389
1.98961
1.87588
1.8585
1.84476
1.81336
1.77825
1.74883
1.72562
1.70288
1.68919
1.68444
1.68308
1.69238
1.71179
1.74129
1.77518
1.81218
1.84887
1.88615
1.92207
1.95704
1.9918
2.02484
2.05873
2.08967
2.12167
2.15196
2.18129
2.20873
2.23396
2.25797
2.28016
2.29968
2.31605
2.33211
2.34697
2.35819
2.36882
2.37678
2.38291
2.38774
2.39071
2.39332
2.39224
2.39142
2.38848
2.38561
2.37963
2.37472
2.36686
2.35973
2.35021
2.34076
2.32975
2.31877
2.3058
2.29365
2.27927
2.26588
2.2499
2.23559
2.21845
2.20306
2.18539
2.16862
2.15062
2.13278
2.11426
2.09593
2.07681
2.05824
2.03874
2.02005
2.00036
1.98182
1.96201
1.94382
1.92403
1.90622
1.88669
1.86912
1.85018
1.83269
1.81455
1.7972
1.77983
1.76285
1.74617
1.72988
1.71388
1.69861
1.68369
1.66991
1.65674
1.64536
1.63527
1.62947
2.77874
2.40264
2.34914
2.10395
1.88995
1.8449
1.79095
1.72971
1.67724
1.63671
1.61123
1.5941
1.57786
1.5701
1.56592
1.57296
1.59358
1.62505
1.66426
1.70625
1.74957
1.79321
1.8368
1.87991
1.92313
1.96428
2.00245
2.04173
2.07891
2.11776
2.1528
2.18826
2.21985
2.25056
2.27753
2.30408
2.32705
2.35095
2.37006
2.38887
2.40379
2.41737
2.42781
2.43751
2.44487
2.45143
2.45396
2.45565
2.45591
2.45467
2.45281
2.44882
2.44385
2.4375
2.43008
2.42169
2.41229
2.40217
2.39075
2.37907
2.36589
2.35248
2.33808
2.32284
2.30755
2.29076
2.27456
2.25669
2.23948
2.22087
2.20279
2.18362
2.16487
2.14538
2.12613
2.10658
2.08696
2.06759
2.04773
2.02863
2.00876
1.98983
1.97025
1.95137
1.93233
1.91349
1.89513
1.87649
1.85869
1.84058
1.82349
1.8062
1.78988
1.77366
1.75834
1.74361
1.72999
1.71771
1.70704
1.70047
3.27889
2.81643
2.57658
2.38058
2.14707
2.02091
1.86808
1.76075
1.68025
1.62778
1.59536
1.5593
1.53241
1.51611
1.5093
1.51963
1.544
1.57844
1.62242
1.66946
1.7192
1.76889
1.81875
1.86803
1.9166
1.96452
2.01217
2.06019
2.10697
2.15422
2.19869
2.24257
2.28306
2.32136
2.35732
2.39086
2.42176
2.45062
2.47675
2.49981
2.52008
2.5372
2.55238
2.56411
2.57568
2.584
2.59032
2.59318
2.59514
2.59527
2.59395
2.59084
2.58603
2.58021
2.57232
2.56414
2.55364
2.54305
2.53041
2.51744
2.50312
2.48808
2.4723
2.45566
2.43838
2.42047
2.40176
2.38277
2.36285
2.34299
2.32213
2.3017
2.28011
2.2594
2.23729
2.21654
2.19411
2.17344
2.15098
2.13039
2.10824
2.08766
2.06611
2.04555
2.02467
2.00429
1.98441
1.9644
1.94535
1.92588
1.90748
1.88879
1.87123
1.85356
1.83714
1.82094
1.80638
1.79264
1.78109
1.77322
3.52995
3.07226
2.76824
2.56224
2.37718
2.22728
2.11304
1.96583
1.84063
1.72037
1.6557
1.60803
1.57344
1.55305
1.54797
1.55701
1.58249
1.62436
1.67198
1.72356
1.77867
1.83423
1.89135
1.94736
2.00392
2.05974
2.1153
2.16997
2.22283
2.2752
2.32419
2.3721
2.41569
2.45761
2.49549
2.53105
2.56337
2.593
2.61929
2.64279
2.66223
2.67969
2.69248
2.70482
2.71395
2.72283
2.72689
2.72913
2.72815
2.72798
2.72411
2.72074
2.71358
2.70688
2.6971
2.68734
2.67547
2.66294
2.64933
2.63452
2.61942
2.60278
2.5863
2.56813
2.55036
2.5309
2.51201
2.49146
2.47162
2.45018
2.42951
2.4074
2.38603
2.36349
2.3416
2.31886
2.29669
2.27392
2.25174
2.22896
2.20708
2.18425
2.16295
2.14034
2.11985
2.09744
2.07741
2.05543
2.03601
2.01467
1.99588
1.97543
1.95745
1.93817
1.92133
1.9037
1.88863
1.87364
1.86142
1.85257
3.66154
3.25681
2.94892
2.72187
2.55272
2.40095
2.28798
2.17586
2.06306
1.96294
1.86856
1.79692
1.74533
1.71247
1.70034
1.70688
1.72655
1.76461
1.81486
1.87125
1.92926
1.99025
2.05092
2.11138
2.17116
2.22996
2.28823
2.34335
2.39787
2.44784
2.49667
2.53996
2.58188
2.61806
2.6526
2.68209
2.7099
2.73327
2.75534
2.77286
2.78941
2.80127
2.81207
2.81913
2.82658
2.83109
2.83379
2.83157
2.82834
2.82373
2.81831
2.81114
2.80303
2.79291
2.78231
2.7695
2.75669
2.74154
2.72673
2.7096
2.69299
2.67421
2.65607
2.63595
2.61651
2.59531
2.57474
2.55271
2.53118
2.50863
2.48632
2.46356
2.44067
2.41792
2.39466
2.372
2.34864
2.32613
2.30291
2.28066
2.25802
2.23615
2.21409
2.19241
2.17088
2.14952
2.12841
2.10752
2.08687
2.06664
2.04654
2.02716
2.00784
1.98956
1.9715
1.9548
1.93872
1.92463
1.91157
1.90365
3.74265
3.39478
3.10499
2.87792
2.70279
2.55947
2.44409
2.34845
2.25453
2.17794
2.10601
2.04721
2.00365
1.96668
1.95357
1.95173
1.96473
1.98641
2.01959
2.06955
2.12347
2.18275
2.24216
2.30077
2.35659
2.40932
2.45922
2.50632
2.55101
2.59307
2.63293
2.66998
2.70419
2.73519
2.76338
2.78863
2.81121
2.83143
2.84869
2.86425
2.87599
2.88669
2.8927
2.89878
2.9016
2.90553
2.9047
2.90212
2.89536
2.89007
2.88176
2.87436
2.86416
2.85415
2.84192
2.82943
2.81535
2.8007
2.78486
2.7683
2.75079
2.73262
2.7136
2.69408
2.67368
2.65301
2.6313
2.60966
2.58674
2.56433
2.54041
2.51751
2.4929
2.4698
2.44485
2.42169
2.39687
2.37398
2.34968
2.32692
2.30313
2.28044
2.2573
2.23475
2.21237
2.19014
2.16854
2.14682
2.12604
2.10501
2.08512
2.06498
2.04614
2.02716
2.00966
1.99235
1.97675
1.9621
1.9492
1.94098
3.7983
3.49806
3.23396
3.01521
2.84095
2.70355
2.5911
2.50815
2.43574
2.37467
2.3261
2.2793
2.24472
2.21233
2.19028
2.17291
2.16382
2.16663
2.18254
2.2049
2.24166
2.29094
2.34779
2.40282
2.45453
2.50299
2.54722
2.58962
2.62908
2.66683
2.70261
2.73624
2.76775
2.79654
2.82311
2.84685
2.86843
2.88738
2.90421
2.91873
2.93081
2.94105
2.94826
2.9541
2.95875
2.96269
2.96422
2.96166
2.95687
2.95063
2.94348
2.9346
2.92509
2.91342
2.90151
2.8873
2.87325
2.85693
2.84099
2.8229
2.80524
2.78565
2.76641
2.74553
2.72488
2.70292
2.68095
2.65816
2.63503
2.61168
2.58768
2.56405
2.53948
2.51581
2.49119
2.46776
2.44324
2.41974
2.39544
2.37188
2.34791
2.32432
2.30082
2.27735
2.25443
2.23129
2.20899
2.18639
2.16478
2.14295
2.12219
2.1014
2.08174
2.06237
2.04427
2.02684
2.01088
1.99655
1.98361
1.97644
3.83771
3.57944
3.33884
3.13562
2.96799
2.83794
2.73737
2.66689
2.61892
2.57652
2.54485
2.51267
2.48146
2.45228
2.41521
2.37548
2.33983
2.31795
2.31652
2.32827
2.34654
2.37967
2.42927
2.48585
2.54037
2.59168
2.63771
2.68021
2.7192
2.75615
2.79085
2.82374
2.85447
2.88287
2.90886
2.93258
2.95343
2.97235
2.98822
3.00244
3.01324
3.02267
3.02793
3.03235
3.03495
3.0374
3.03721
3.03366
3.02752
3.01983
3.01102
3.00055
2.98961
2.97672
2.9638
2.94878
2.93403
2.91712
2.9006
2.88199
2.86379
2.8437
2.82398
2.80271
2.78163
2.75942
2.7371
2.71407
2.69067
2.66701
2.64273
2.61875
2.59412
2.57013
2.54534
2.52127
2.49651
2.47231
2.44778
2.42352
2.39942
2.37516
2.35164
2.32751
2.30466
2.28086
2.25875
2.23552
2.21426
2.19186
2.17163
2.15034
2.13142
2.11167
2.09444
2.07677
2.0618
2.04768
2.03568
2.02981
3.86983
3.64486
3.43035
3.2426
3.08923
2.97007
2.88767
2.83747
2.81152
2.78625
2.76282
2.74366
2.71877
2.68787
2.62792
2.5591
2.50047
2.45747
2.437
2.43974
2.45086
2.46683
2.49861
2.54573
2.59664
2.6487
2.69569
2.739
2.77677
2.81233
2.84428
2.87464
2.9026
2.92849
2.95249
2.97349
2.99251
3.00906
3.02306
3.03505
3.0441
3.05183
3.05551
3.05862
3.05997
3.06154
3.06054
3.05684
3.0504
3.04249
3.033
3.02204
3.01033
2.99701
2.98349
2.96825
2.95301
2.93602
2.91903
2.90044
2.88174
2.86179
2.84157
2.82054
2.79904
2.7772
2.75459
2.73213
2.70857
2.6857
2.66164
2.63863
2.61422
2.59097
2.56633
2.54281
2.51817
2.49446
2.47009
2.44631
2.42243
2.39872
2.37546
2.35195
2.32938
2.30621
2.28439
2.26179
2.24083
2.2191
2.1992
2.17875
2.16027
2.14163
2.12496
2.1088
2.0949
2.08295
2.07233
2.06993
3.90104
3.70325
3.51362
3.34641
3.21238
3.11278
3.0565
3.03209
3.01506
3.00828
2.98937
2.97121
2.94715
2.90316
2.81466
2.7263
2.65039
2.59504
2.55875
2.54367
2.54869
2.55682
2.57059
2.5973
2.63914
2.68363
2.73087
2.77474
2.81533
2.85122
2.88408
2.91334
2.94078
2.96538
2.98874
3.00929
3.02811
3.04439
3.05827
3.07
3.07908
3.08665
3.09068
3.09362
3.09524
3.09658
3.09594
3.09225
3.08628
3.07815
3.06861
3.0571
3.04501
3.03116
3.01719
3.00147
2.98571
2.96823
2.95059
2.93146
2.91203
2.89151
2.87049
2.8489
2.82654
2.80414
2.78067
2.75768
2.7335
2.71029
2.68564
2.66212
2.63709
2.61322
2.588
2.56388
2.53874
2.51446
2.48959
2.4652
2.44075
2.41633
2.39247
2.36824
2.34513
2.32137
2.29915
2.27619
2.25505
2.23324
2.21344
2.19326
2.17525
2.15717
2.14141
2.12649
2.11421
2.10428
2.09615
2.0967
3.9371
3.75987
3.59859
3.45581
3.34625
3.27471
3.2534
3.23724
3.23152
3.23038
3.21514
3.19222
3.1543
3.0762
2.97477
2.87792
2.79642
2.73288
2.68702
2.65841
2.64504
2.64532
2.65149
2.66123
2.68082
2.71632
2.75141
2.79258
2.83424
2.87251
2.90699
2.93724
2.96452
2.98887
3.01102
3.0306
3.04822
3.06322
3.07636
3.08695
3.09577
3.10239
3.10665
3.10859
3.11002
3.11051
3.10991
3.10581
3.10011
3.09171
3.08232
3.0704
3.05823
3.04389
3.02989
3.01386
2.99833
2.98078
2.96364
2.94456
2.92575
2.90528
2.88492
2.86336
2.84166
2.81926
2.79658
2.77391
2.75067
2.72777
2.70405
2.68083
2.65675
2.63319
2.60896
2.5851
2.5609
2.53681
2.51286
2.4887
2.46517
2.44108
2.41811
2.39425
2.37197
2.34854
2.32711
2.3045
2.28413
2.26284
2.24389
2.22464
2.20747
2.19065
2.17625
2.16335
2.15328
2.14603
2.14229
2.14386
3.97531
3.82675
3.68868
3.58167
3.50248
3.47097
3.45687
3.45266
3.45647
3.44394
3.42488
3.38972
3.31671
3.21515
3.11162
3.01692
2.93615
2.86948
2.81596
2.77627
2.7472
2.73203
2.72332
2.72833
2.73398
2.74695
2.77281
2.80002
2.83467
2.87289
2.9088
2.94199
2.97057
2.99631
3.01812
3.03809
3.05521
3.07049
3.08381
3.09482
3.10393
3.11117
3.1157
3.11787
3.11912
3.12007
3.11945
3.1159
3.11037
3.10264
3.09359
3.08229
3.07033
3.05628
3.04216
3.0261
3.01022
2.99252
2.97491
2.9557
2.93637
2.91582
2.89488
2.87322
2.851
2.82872
2.80585
2.78328
2.75995
2.73709
2.7133
2.69005
2.66587
2.64224
2.61786
2.59396
2.56963
2.54561
2.5216
2.49759
2.47408
2.45019
2.42728
2.4037
2.38149
2.35851
2.3372
2.31525
2.2952
2.27489
2.25671
2.23865
2.22253
2.20791
2.1954
2.18561
2.17866
2.17592
2.17509
2.17862
4.02832
3.90618
3.80478
3.72963
3.69233
3.68072
3.67518
3.67817
3.66673
3.64771
3.61164
3.53698
3.43643
3.33304
3.23556
3.14817
3.06992
3.00153
2.94292
2.89337
2.85353
2.82309
2.80245
2.78993
2.78824
2.79226
2.80005
2.81656
2.83846
2.86552
2.90062
2.93405
2.96659
2.99401
3.01879
3.0397
3.05769
3.07359
3.08657
3.0983
3.10711
3.1143
3.11949
3.12139
3.12279
3.12335
3.12301
3.11977
3.11488
3.10735
3.09891
3.08771
3.07609
3.06198
3.04801
3.03193
3.01623
2.99864
2.98135
2.96233
2.94339
2.92297
2.90235
2.88078
2.85896
2.83692
2.81439
2.7921
2.76904
2.74639
2.72291
2.69974
2.67605
2.65233
2.62863
2.60453
2.58099
2.55682
2.53349
2.50957
2.48642
2.46305
2.44011
2.41751
2.39501
2.37335
2.35181
2.33137
2.31151
2.29291
2.27542
2.25902
2.24487
2.23246
2.22331
2.2166
2.21542
2.21537
2.21609
2.22578
4.10153
4.01471
3.95056
3.91655
3.90609
3.89962
3.90095
3.88887
3.87035
3.82999
3.74621
3.64615
3.54417
3.44562
3.35641
3.27278
3.19825
3.12803
3.06632
3.00909
2.96065
2.91822
2.88587
2.86019
2.84553
2.83511
2.83915
2.84209
2.85112
2.86759
2.88843
2.91871
2.95025
2.97977
3.00735
3.03019
3.05069
3.06725
3.08171
3.09371
3.10323
3.11099
3.11685
3.11964
3.12116
3.12167
3.12168
3.11941
3.11522
3.10833
3.10051
3.08995
3.07894
3.06521
3.05162
3.03555
3.02003
3.00232
2.98512
2.96606
2.94715
2.92684
2.90628
2.8851
2.86347
2.84178
2.81944
2.79731
2.77447
2.75192
2.72871
2.70577
2.68224
2.65897
2.63524
2.61171
2.58802
2.56436
2.54102
2.51741
2.49462
2.4714
2.44921
2.42677
2.40529
2.38405
2.36364
2.34418
2.32558
2.3086
2.29224
2.27856
2.26646
2.25803
2.25195
2.25144
2.25184
2.25387
2.26065
2.28177
4.20624
4.15734
4.13793
4.13155
4.12749
4.12828
4.11412
4.09199
4.04337
3.94803
3.8445
3.74233
3.64685
3.55594
3.47318
3.39362
3.32087
3.24986
3.18515
3.12243
3.06683
3.01571
2.97362
2.93732
2.91074
2.88957
2.87835
2.87237
2.87623
2.88081
2.89064
2.90789
2.93141
2.95968
2.98699
3.01243
3.03523
3.05442
3.07117
3.08433
3.0957
3.10414
3.11081
3.11505
3.11687
3.11761
3.11842
3.11673
3.11346
3.10674
3.09983
3.08942
3.07929
3.06571
3.05283
3.03688
3.02182
3.00417
2.98728
2.96828
2.9496
2.92936
2.90921
2.88816
2.867
2.84534
2.82349
2.8013
2.77901
2.7564
2.73373
2.71079
2.68771
2.66458
2.64113
2.61801
2.5944
2.57145
2.54801
2.52533
2.50245
2.48009
2.45814
2.43637
2.41564
2.39501
2.37598
2.35741
2.34081
2.3248
2.31136
2.29997
2.29195
2.28758
2.2871
2.28769
2.29143
2.29965
2.31324
2.34967
4.36075
4.34269
4.34665
4.36599
4.36402
4.34793
4.3215
4.26379
4.15788
4.04474
3.93818
3.84028
3.75123
3.66665
3.58766
3.51071
3.43849
3.36658
3.29877
3.23236
3.17127
3.1143
3.06412
3.01971
2.98291
2.95196
2.92933
2.91216
2.90326
2.90085
2.90501
2.91014
2.92069
2.94122
2.96323
2.98891
3.01299
3.03547
3.05467
3.0704
3.08354
3.09326
3.10097
3.1064
3.10904
3.11008
3.1107
3.10997
3.10734
3.10214
3.09543
3.08664
3.07673
3.0646
3.05176
3.03685
3.02159
3.00462
2.98739
2.96884
2.94987
2.93018
2.91003
2.88957
2.86858
2.8474
2.82585
2.804
2.78213
2.75969
2.73761
2.71473
2.69242
2.66928
2.6467
2.62358
2.60075
2.57794
2.55508
2.53283
2.5103
2.48883
2.46709
2.4467
2.42636
2.40752
2.38951
2.37309
2.35785
2.3445
2.33413
2.32646
2.32377
2.3233
2.32453
2.32821
2.33973
2.36005
2.37901
2.42028
4.55053
4.55586
4.59367
4.60883
4.59076
4.56049
4.49395
4.37482
4.25039
4.13579
4.03425
3.94265
3.85809
3.77783
3.70021
3.62503
3.55168
3.47966
3.40895
3.34069
3.2748
3.21375
3.15674
3.10604
3.06086
3.02177
2.98916
2.96259
2.94292
2.92936
2.92287
2.92311
2.92694
2.93235
2.94336
2.96416
2.98637
3.0098
3.03099
3.05021
3.06539
3.07825
3.08738
3.09429
3.0988
3.0998
3.10099
3.10083
3.09952
3.09533
3.0891
3.08137
3.07166
3.06065
3.04791
3.034
3.01881
3.00264
2.98551
2.96755
2.94887
2.9298
2.90998
2.89009
2.86929
2.84876
2.82719
2.80609
2.784
2.76234
2.74001
2.71777
2.69543
2.67271
2.65046
2.62752
2.6054
2.58265
2.5608
2.53864
2.51734
2.49624
2.47587
2.45637
2.43758
2.42049
2.4044
2.39001
2.37708
2.36779
2.36059
2.35967
2.35954
2.36066
2.36714
2.3804
2.40183
2.42848
2.44983
2.4896
4.79658
4.83985
4.86205
4.84181
4.80904
4.73793
4.60382
4.46606
4.34172
4.23159
4.13635
4.0496
3.96896
3.89014
3.81349
3.73778
3.66349
3.5899
3.517
3.44649
3.37723
3.31303
3.25096
3.19586
3.14348
3.09835
3.05685
3.02221
2.99227
2.96938
2.95175
2.9416
2.93787
2.93708
2.94071
2.94748
2.96067
2.98021
3.00156
3.02174
3.04089
3.05602
3.06889
3.07759
3.0841
3.08656
3.08806
3.08808
3.08776
3.08446
3.07952
3.07237
3.06395
3.05367
3.04203
3.02881
3.01451
2.99878
2.98228
2.96456
2.94657
2.92762
2.90856
2.88876
2.86878
2.84836
2.82755
2.80671
2.78513
2.764
2.74182
2.72043
2.69796
2.67627
2.65389
2.63194
2.60996
2.58803
2.56667
2.54522
2.52482
2.50446
2.48551
2.46709
2.45043
2.43526
2.42124
2.40951
2.4007
2.39574
2.39489
2.39489
2.39819
2.40545
2.42384
2.44611
2.47226
2.50027
2.52006
2.55387
5.09654
5.1291
5.10786
5.07175
4.99359
4.84495
4.69329
4.55637
4.43811
4.33497
4.24437
4.16078
4.08079
4.00225
3.92459
3.84808
3.7722
3.69735
3.62297
3.55058
3.4791
3.41133
3.34607
3.28584
3.22891
3.17751
3.12962
3.08778
3.04975
3.01851
2.9911
2.97163
2.95629
2.95047
2.94343
2.94624
2.94969
2.95723
2.97061
2.98986
3.00892
3.02744
3.04253
3.05524
3.06373
3.06969
3.07135
3.07225
3.07226
3.07087
3.06676
3.0607
3.05299
3.04379
3.033
3.02087
3.00728
2.99239
2.97643
2.9594
2.94195
2.92345
2.90503
2.88546
2.8664
2.84603
2.8264
2.80545
2.78515
2.76388
2.74284
2.72146
2.69986
2.67849
2.65665
2.63544
2.61372
2.59291
2.57189
2.55179
2.53219
2.51339
2.49603
2.47963
2.46572
2.4523
2.44176
2.4338
2.43116
2.43031
2.43151
2.43558
2.44768
2.46669
2.49176
2.51852
2.54494
2.56991
2.58501
2.61091
5.418
5.39447
5.35375
5.26346
5.10046
4.93249
4.78495
4.65648
4.54576
4.44782
4.35867
4.27558
4.19401
4.1146
4.03506
3.95721
3.87929
3.80301
3.72648
3.65186
3.57877
3.50857
3.4413
3.37727
3.31709
3.26015
3.20779
3.15896
3.11501
3.07557
3.04091
3.01186
2.98763
2.97022
2.9588
2.95024
2.94413
2.94766
2.95142
2.95939
2.97507
2.99095
3.0089
3.02339
3.03626
3.04466
3.05011
3.05138
3.05178
3.05135
3.04919
3.04421
3.03717
3.02897
3.01898
3.00808
2.99524
2.9817
2.96632
2.95072
2.93364
2.91655
2.89833
2.88005
2.86112
2.84186
2.82246
2.80242
2.78256
2.76192
2.74162
2.72061
2.70003
2.67896
2.65829
2.63757
2.61707
2.59718
2.57734
2.55878
2.54048
2.52394
2.50859
2.49534
2.48336
2.47368
2.4673
2.46597
2.46598
2.46777
2.4746
2.49007
2.51212
2.53762
2.56519
2.59153
2.61383
2.63302
2.6421
2.66062
5.70486
5.65734
5.54633
5.35946
5.17558
5.01471
4.87815
4.76178
4.65893
4.56605
4.47793
4.39351
4.31004
4.22776
4.14601
4.06558
3.98588
3.90766
3.82977
3.7538
3.67918
3.60699
3.53726
3.47009
3.40641
3.34525
3.28848
3.23421
3.1852
3.13855
3.0977
3.05989
3.02808
3.00037
2.97869
2.96369
2.95023
2.93952
2.93854
2.94074
2.94517
2.95353
2.96806
2.98306
2.99723
3.00985
3.01798
3.02336
3.02446
3.02448
3.02385
3.0211
3.01571
3.00802
2.99951
2.98939
2.97817
2.96566
2.95181
2.93734
2.92133
2.90534
2.8878
2.87068
2.8522
2.83414
2.81515
2.7963
2.77697
2.7575
2.7379
2.71804
2.69833
2.67833
2.65876
2.63905
2.6199
2.60117
2.58294
2.56611
2.54985
2.53613
2.52366
2.51323
2.5044
2.50091
2.50003
2.5004
2.50436
2.51499
2.53327
2.55771
2.58426
2.61213
2.63749
2.6594
2.67547
2.68774
2.69174
2.70399
5.97914
5.84799
5.62261
5.41344
5.24071
5.0988
4.97861
4.87232
4.77467
4.68301
4.5942
4.50714
4.42114
4.3361
4.25252
4.17012
4.08908
4.00935
3.9305
3.8533
3.7773
3.70349
3.63149
3.56199
3.49511
3.43088
3.36994
3.31172
3.25712
3.20575
3.15829
3.11434
3.07456
3.0389
3.00793
2.98147
2.96221
2.94408
2.93015
2.92174
2.92272
2.92414
2.92834
2.93697
2.94926
2.96286
2.97393
2.98341
2.98832
2.98976
2.9897
2.9887
2.98635
2.97995
2.97287
2.96335
2.95399
2.94222
2.93076
2.91701
2.90335
2.88799
2.87244
2.85601
2.83904
2.82186
2.80398
2.78616
2.76777
2.74941
2.73079
2.71203
2.69346
2.67458
2.6564
2.63789
2.62064
2.6033
2.58771
2.57289
2.56026
2.54966
2.54068
2.53355
2.53232
2.53229
2.53397
2.54056
2.55576
2.57749
2.60311
2.63128
2.65855
2.68355
2.70365
2.71861
2.72815
2.73382
2.73547
2.74209
6.12899
5.87375
5.63073
5.44155
5.29708
5.1798
5.07628
4.97956
4.88549
4.79352
4.70322
4.61409
4.52627
4.4395
4.35444
4.27064
4.18839
4.10723
4.02752
3.94882
3.87176
3.79632
3.72273
3.65115
3.58188
3.51486
3.45056
3.38857
3.32966
3.27319
3.22012
3.16991
3.12351
3.08023
3.04155
3.00693
2.97729
2.95328
2.9315
2.91245
2.90026
2.89354
2.89359
2.89518
2.89882
2.90751
2.91934
2.92985
2.93965
2.94463
2.9466
2.94652
2.94569
2.94351
2.93768
2.93065
2.92158
2.91191
2.90123
2.88947
2.87716
2.86353
2.84952
2.83442
2.81905
2.80298
2.78669
2.77001
2.75303
2.73607
2.71868
2.70173
2.68437
2.66764
2.65093
2.63481
2.6196
2.60494
2.59233
2.58104
2.57255
2.56473
2.56141
2.56083
2.56105
2.56615
2.57686
2.59615
2.62012
2.64763
2.67602
2.70321
2.72694
2.74585
2.75933
2.76743
2.77158
2.77258
2.77279
2.77633
6.05516
5.79269
5.59206
5.44884
5.33961
5.24548
5.15537
5.06578
4.97482
4.88376
4.79386
4.70498
4.61737
4.53093
4.44578
4.3619
4.27908
4.1977
4.11719
4.038
3.96011
3.88344
3.8086
3.73506
3.66355
3.59381
3.52617
3.46073
3.39772
3.33713
3.27933
3.22411
3.17197
3.12265
3.07695
3.03419
2.99596
2.96132
2.93315
2.90646
2.88384
2.86719
2.8574
2.85278
2.85295
2.85434
2.85811
2.86739
2.87724
2.88556
2.89209
2.89464
2.89476
2.89426
2.89241
2.88844
2.88127
2.87315
2.86358
2.85368
2.84257
2.83099
2.81831
2.80516
2.79121
2.77679
2.76206
2.74679
2.73166
2.71608
2.70076
2.68545
2.67021
2.65572
2.64113
2.62807
2.61523
2.60469
2.59545
2.58937
2.5835
2.58314
2.58372
2.58673
2.59398
2.61141
2.63349
2.66014
2.68891
2.71787
2.74428
2.76704
2.78454
2.79673
2.80361
2.80646
2.80668
2.80651
2.80423
2.80752
5.8941
5.66013
5.51968
5.42797
5.35169
5.27833
5.20204
5.12184
5.03824
4.95168
4.86391
4.77644
4.69001
4.60492
4.52026
4.43689
4.35389
4.27262
4.19202
4.11289
4.03449
3.95736
3.88152
3.80675
3.73338
3.66149
3.5912
3.5228
3.45646
3.39215
3.33013
3.27039
3.21304
3.15835
3.1064
3.05767
3.01229
2.9709
2.93336
2.90156
2.87196
2.84561
2.82475
2.81086
2.80098
2.79887
2.79863
2.79985
2.80443
2.8132
2.82123
2.82818
2.83204
2.83275
2.83292
2.83219
2.83011
2.82396
2.81689
2.80845
2.79959
2.78969
2.77928
2.76815
2.75629
2.7441
2.73116
2.71822
2.70483
2.69154
2.67832
2.66509
2.65266
2.64023
2.62931
2.61884
2.61045
2.60423
2.59967
2.5981
2.59855
2.60083
2.60691
2.62107
2.6413
2.66664
2.69567
2.72555
2.75481
2.78073
2.80224
2.81848
2.82919
2.83519
2.83672
2.83688
2.83639
2.83483
2.82887
2.832
5.72654
5.53807
5.45015
5.39238
5.3352
5.272
5.20316
5.12917
5.05214
4.97329
4.89379
4.8137
4.73326
4.65252
4.57156
4.49056
4.40997
4.32971
4.24999
4.17073
4.09222
4.01443
3.9376
3.86176
3.78651
3.71317
3.64052
3.57031
3.50123
3.43444
3.36902
3.30602
3.24451
3.18584
3.12932
3.07569
3.02522
2.97754
2.93407
2.89346
2.85888
2.82561
2.79683
2.77244
2.75522
2.74223
2.73485
2.73322
2.73247
2.73405
2.74043
2.74782
2.75545
2.76029
2.76283
2.76346
2.76391
2.76285
2.75934
2.75343
2.74664
2.73878
2.73058
2.72164
2.7121
2.70215
2.69148
2.68084
2.66969
2.65883
2.64801
2.63761
2.62797
2.61912
2.61168
2.60579
2.60248
2.60147
2.60206
2.60477
2.61043
2.62182
2.64098
2.66524
2.6937
2.72438
2.75555
2.78454
2.80998
2.83061
2.84556
2.85585
2.86097
2.86158
2.86155
2.86106
2.85842
2.85479
2.84644
2.84928
5.61712
5.44798
5.3843
5.34039
5.2886
5.22815
5.16355
5.09658
5.02803
4.95806
4.88716
4.81468
4.74134
4.66555
4.59039
4.5128
4.43692
4.35878
4.2818
4.2033
4.12517
4.04696
3.9696
3.89334
3.81791
3.74417
3.67137
3.59992
3.53003
3.46064
3.39381
3.3273
3.26394
3.20153
3.14213
3.08462
3.02942
2.97745
2.92729
2.88182
2.83843
2.8014
2.76535
2.73418
2.7071
2.68695
2.67094
2.66024
2.65687
2.65469
2.65549
2.65823
2.66655
2.67404
2.68089
2.68586
2.68774
2.68991
2.69114
2.69059
2.68671
2.68126
2.67538
2.66866
2.66157
2.65415
2.64609
2.63822
2.62961
2.62163
2.61357
2.60629
2.60023
2.59502
2.59212
2.59161
2.59353
2.59578
2.60151
2.61168
2.62928
2.65189
2.67898
2.7103
2.74248
2.77458
2.8036
2.8285
2.84823
2.86262
2.87204
2.87711
2.87768
2.87818
2.87749
2.87588
2.87047
2.86644
2.85745
2.86006
5.55874
5.39328
5.33513
5.28999
5.23739
5.17793
5.11662
5.05434
4.99094
4.92554
4.85902
4.78999
4.72087
4.64838
4.57719
4.50255
4.429
4.35344
4.2774
4.20153
4.12441
4.04897
3.9733
3.8998
3.8263
3.75425
3.68217
3.61084
3.5402
3.4698
3.40128
3.3331
3.26724
3.20233
3.13958
3.07851
3.01942
2.96347
2.9089
2.85952
2.81118
2.76869
2.7288
2.69238
2.65854
2.63051
2.60724
2.58949
2.57705
2.57123
2.56936
2.56921
2.57223
2.58003
2.58974
2.59919
2.60645
2.61169
2.61502
2.6186
2.62015
2.61893
2.61553
2.61116
2.60622
2.60103
2.59547
2.59009
2.58434
2.57948
2.57463
2.57149
2.56908
2.56933
2.5718
2.57522
2.58047
2.59046
2.60609
2.62718
2.65421
2.68476
2.71817
2.75191
2.78439
2.81347
2.8379
2.857
2.87111
2.87982
2.88497
2.88572
2.88582
2.88557
2.88332
2.87967
2.87344
2.86888
2.85952
2.86165
5.53228
5.36839
5.30471
5.25355
5.19702
5.13827
5.07694
5.01518
4.95126
4.88675
4.82008
4.75293
4.68405
4.61395
4.54274
4.47103
4.39773
4.32616
4.25249
4.18135
4.10862
4.03715
3.96517
3.8936
3.82184
3.74934
3.67714
3.604
3.53228
3.45995
3.39002
3.32024
3.25263
3.18668
3.12197
3.06031
2.99978
2.94256
2.88719
2.83456
2.78477
2.73694
2.6934
2.652
2.61439
2.57942
2.55046
2.52663
2.50883
2.49614
2.49121
2.492
2.49488
2.49979
2.50841
2.51968
2.53062
2.5386
2.54591
2.54854
2.55263
2.55366
2.55462
2.5509
2.54748
2.54302
2.53879
2.53504
2.53163
2.52925
2.52823
2.52851
2.53142
2.53566
2.54089
2.55055
2.5648
2.58456
2.61001
2.63989
2.67378
2.70874
2.74428
2.77674
2.80589
2.82956
2.84829
2.86186
2.87085
2.87615
2.87751
2.87829
2.87845
2.87768
2.87374
2.87018
2.86383
2.86003
2.85084
2.85391
5.52151
5.36151
5.28427
5.2271
5.16984
5.1106
5.05025
4.98486
4.91961
4.8521
4.78357
4.71496
4.64584
4.57634
4.5073
4.43886
4.36971
4.30244
4.23347
4.16489
4.09534
4.02346
3.95181
3.87739
3.80427
3.72903
3.65581
3.58171
3.50979
3.4383
3.36868
3.30037
3.23331
3.16855
3.10416
3.04278
2.98167
2.92314
2.86566
2.81039
2.75696
2.70622
2.65857
2.61409
2.5746
2.53752
2.506
2.47995
2.45909
2.44466
2.43559
2.43158
2.43396
2.4385
2.44229
2.44957
2.45938
2.47047
2.47762
2.48318
2.4865
2.48749
2.48816
2.48777
2.48602
2.48271
2.4799
2.47735
2.47651
2.47686
2.47982
2.48358
2.48915
2.49846
2.51094
2.52783
2.55156
2.57911
2.6119
2.64611
2.68256
2.71691
2.74902
2.77647
2.79919
2.81706
2.83052
2.84003
2.84656
2.84822
2.85083
2.85159
2.85287
2.85096
2.84893
2.84638
2.84214
2.84018
2.83227
2.8376
5.51783
5.35388
5.26824
5.20771
5.15486
5.09734
5.03592
4.96871
4.89896
4.82885
4.75698
4.68788
4.61907
4.55171
4.48648
4.42041
4.35544
4.28819
4.22066
4.14996
4.07871
4.00468
3.93025
3.85496
3.78015
3.70622
3.63303
3.56171
3.49044
3.42184
3.35248
3.28611
3.21858
3.15428
3.08848
3.02615
2.96279
2.90235
2.84293
2.78549
2.73138
2.67948
2.63187
2.58761
2.54808
2.51228
2.48019
2.45274
2.42936
2.41077
2.39567
2.3862
2.38033
2.3794
2.37995
2.38179
2.38493
2.39354
2.40275
2.41036
2.41627
2.42091
2.42425
2.42617
2.42716
2.42843
2.4287
2.42997
2.43207
2.43537
2.43951
2.44745
2.45902
2.47286
2.49197
2.51577
2.54529
2.57733
2.61317
2.64821
2.68342
2.71457
2.74189
2.76466
2.78183
2.79645
2.80709
2.81406
2.81948
2.82258
2.82769
2.82956
2.83226
2.83066
2.83118
2.8274
2.8254
2.82064
2.81414
2.81564
5.52386
5.34742
5.2539
5.19484
5.14594
5.09435
5.03189
4.96331
4.88921
4.8162
4.74425
4.67532
4.61014
4.54458
4.48107
4.41557
4.34829
4.28019
4.20833
4.13692
4.06275
3.98893
3.91449
3.84017
3.76671
3.69415
3.62225
3.55166
3.48144
3.41209
3.34342
3.27491
3.20777
3.14019
3.07475
3.00921
2.94619
2.88431
2.82559
2.76883
2.71634
2.66596
2.62023
2.57693
2.53766
2.50124
2.46701
2.43621
2.40715
2.38187
2.35962
2.34131
2.32847
2.32066
2.31929
2.31958
2.32173
2.32625
2.33556
2.34637
2.35634
2.36383
2.37055
2.37556
2.37943
2.38279
2.38591
2.38867
2.39339
2.39865
2.40892
2.4198
2.43527
2.45564
2.48176
2.51212
2.54609
2.58255
2.61909
2.65478
2.68647
2.71518
2.73794
2.75779
2.77365
2.78596
2.79562
2.80203
2.80756
2.81134
2.81553
2.81662
2.81706
2.81389
2.81142
2.80502
2.80008
2.79169
2.78397
2.78145
5.53929
5.34648
5.24234
5.1863
5.14098
5.09213
5.03058
4.96015
4.88678
4.81352
4.74492
4.67857
4.61526
4.55198
4.48648
4.42041
4.35001
4.27977
4.20636
4.13344
4.05943
3.98577
3.91205
3.83864
3.76551
3.69329
3.62097
3.55009
3.4786
3.40839
3.33786
3.26811
3.19882
3.13049
3.06348
2.99842
2.9354
2.87544
2.81801
2.76402
2.71271
2.66419
2.61834
2.57455
2.53273
2.49361
2.45516
2.41988
2.38581
2.35638
2.33008
2.30812
2.29122
2.27848
2.27173
2.27147
2.27222
2.27487
2.27965
2.29037
2.30194
2.31257
2.32188
2.32961
2.33604
2.34167
2.34746
2.35405
2.36175
2.37253
2.38548
2.40311
2.42482
2.45343
2.48487
2.5214
2.55876
2.59735
2.63353
2.66701
2.69631
2.72051
2.7412
2.75737
2.7706
2.77986
2.78766
2.79159
2.795
2.79689
2.79821
2.79612
2.7932
2.78795
2.78253
2.77497
2.76786
2.75859
2.74978
2.7455
5.55359
5.34998
5.23605
5.17901
5.13667
5.08845
5.02805
4.95932
4.88837
4.81973
4.75404
4.69126
4.62822
4.56524
4.49968
4.43175
4.36184
4.28938
4.21673
4.14227
4.06843
3.99382
3.91959
3.8457
3.77172
3.699
3.6258
3.55373
3.48135
3.40913
3.33755
3.26584
3.19595
3.12688
3.06037
2.99612
2.93461
2.8761
2.82025
2.76686
2.71606
2.66674
2.61981
2.57379
2.52983
2.48744
2.4474
2.40955
2.37446
2.3418
2.31345
2.28709
2.26664
2.249
2.23772
2.23109
2.23104
2.23174
2.23423
2.2389
2.24991
2.26285
2.27484
2.28678
2.2968
2.3069
2.31635
2.32819
2.34044
2.35763
2.37581
2.40125
2.43
2.46432
2.50147
2.54074
2.57979
2.61668
2.65066
2.67946
2.70435
2.72426
2.7403
2.75274
2.76259
2.76917
2.77363
2.77582
2.77742
2.77791
2.77687
2.77361
2.7693
2.76322
2.75671
2.74834
2.73991
2.73015
2.71967
2.7136
5.56599
5.35337
5.23305
5.1723
5.12937
5.08044
5.02174
4.95814
4.89303
4.83035
4.76878
4.708
4.64613
4.58192
4.51603
4.44724
4.37767
4.30525
4.23262
4.15741
4.08286
4.00685
3.93193
3.85669
3.78239
3.70802
3.63438
3.55999
3.48667
3.41228
3.33972
3.26719
3.19699
3.12866
3.06282
2.99997
2.9395
2.88192
2.82634
2.77304
2.72122
2.6713
2.62264
2.57573
2.53047
2.48664
2.44563
2.40549
2.36952
2.33375
2.30326
2.27399
2.24955
2.22864
2.21203
2.20067
2.19489
2.19464
2.19532
2.1979
2.2034
2.21609
2.23061
2.24613
2.261
2.27707
2.29237
2.31041
2.32984
2.35292
2.37903
2.41136
2.446
2.4849
2.5245
2.5635
2.60097
2.63364
2.66311
2.68712
2.70736
2.72333
2.73606
2.74591
2.75358
2.75855
2.76124
2.76286
2.76369
2.76336
2.7614
2.75759
2.75222
2.74552
2.73784
2.72883
2.71874
2.70758
2.69659
2.68916
5.57548
5.35724
5.22984
5.16387
5.11605
5.06815
5.01389
4.9578
4.90043
4.84308
4.78485
4.72448
4.66252
4.59752
4.53161
4.46317
4.39384
4.3219
4.24937
4.17399
4.09883
4.02177
3.94585
3.86884
3.79331
3.7164
3.64117
3.56421
3.48935
3.41374
3.34045
3.26863
3.1989
3.13236
3.06774
3.00631
2.94696
2.88965
2.83444
2.7806
2.72824
2.6777
2.62778
2.58041
2.53342
2.4894
2.44597
2.40594
2.36663
2.33108
2.29676
2.26663
2.23811
2.21489
2.19328
2.17851
2.16632
2.16271
2.16154
2.16248
2.16492
2.17404
2.18963
2.20832
2.22855
2.25052
2.27341
2.29879
2.32563
2.3571
2.39099
2.42918
2.46822
2.50934
2.54827
2.58541
2.61882
2.64726
2.67234
2.69236
2.70923
2.72263
2.7335
2.74188
2.74852
2.75257
2.75475
2.75617
2.75663
2.75599
2.75334
2.74866
2.74231
2.73466
2.72591
2.71566
2.70472
2.69235
2.68082
2.67307
5.57799
5.36014
5.22386
5.15077
5.10116
5.05473
5.00834
4.95903
4.90962
4.85535
4.79952
4.73835
4.67584
4.61038
4.54405
4.47648
4.40702
4.33641
4.26318
4.18892
4.11272
4.03605
3.95838
3.88009
3.80175
3.72231
3.64394
3.56502
3.4881
3.41258
3.33908
3.26915
3.20056
3.1363
3.07313
3.01296
2.95464
2.89711
2.8425
2.78731
2.73547
2.68301
2.63362
2.58432
2.53762
2.49199
2.44838
2.4067
2.36682
2.32956
2.29388
2.26201
2.23101
2.20532
2.18068
2.16157
2.14599
2.13559
2.13412
2.13263
2.13423
2.13809
2.15281
2.17317
2.19815
2.22644
2.2575
2.29147
2.32746
2.36684
2.40796
2.45093
2.49294
2.53415
2.57106
2.60516
2.634
2.65895
2.68003
2.69748
2.71199
2.72409
2.73383
2.74152
2.74732
2.75123
2.75314
2.75416
2.75441
2.75341
2.75003
2.74466
2.73766
2.72928
2.71996
2.70847
2.69667
2.68343
2.67159
2.66371
5.58178
5.35997
5.2149
5.13909
5.08771
5.04352
5.00565
4.96225
4.91771
4.86556
4.81066
4.74922
4.68545
4.62011
4.55331
4.48713
4.41705
4.34782
4.27312
4.20051
4.12248
4.04695
3.96663
3.88774
3.80558
3.72456
3.64253
3.56305
3.48425
3.41013
3.33698
3.26941
3.20242
3.14012
3.0782
3.01916
2.96084
2.90387
2.84829
2.79331
2.74039
2.68761
2.63798
2.58753
2.54147
2.49402
2.45114
2.40776
2.36797
2.32918
2.29311
2.25897
2.22749
2.19847
2.17246
2.14954
2.13155
2.11566
2.11152
2.10885
2.10936
2.11145
2.12222
2.14327
2.17143
2.20528
2.24398
2.28656
2.33169
2.37874
2.42593
2.47212
2.51531
2.55504
2.58951
2.62026
2.64568
2.66787
2.68637
2.70207
2.7154
2.72656
2.73572
2.74319
2.74874
2.75259
2.75449
2.75543
2.75558
2.75426
2.75029
2.74425
2.73654
2.72741
2.71731
2.70486
2.69239
2.67877
2.6667
2.6587
5.58846
5.35622
5.20714
5.12838
5.07619
5.03515
5.00443
4.96684
4.92338
4.87284
4.81678
4.75615
4.69191
4.62662
4.55988
4.49402
4.42529
4.35582
4.28133
4.20754
4.12889
4.05252
3.9711
3.89097
3.8067
3.72388
3.63975
3.55938
3.48003
3.40661
3.33456
3.26852
3.20335
3.14219
3.08174
3.02313
2.96517
2.90845
2.85211
2.79753
2.74342
2.6912
2.64039
2.59041
2.54363
2.496
2.45307
2.40874
2.36902
2.32911
2.29258
2.25725
2.225
2.19405
2.16729
2.14168
2.12205
2.10369
2.09534
2.09272
2.09162
2.09371
2.10149
2.12225
2.15201
2.1896
2.23412
2.28366
2.33619
2.3893
2.4406
2.48844
2.53152
2.56945
2.60177
2.62982
2.65307
2.67332
2.6905
2.7051
2.71781
2.72852
2.73753
2.74477
2.75041
2.75416
2.7562
2.75701
2.75705
2.75555
2.75127
2.74478
2.73657
2.7269
2.71624
2.70325
2.69029
2.67635
2.66407
2.65594
5.59161
5.35482
5.20385
5.12241
5.06987
5.03002
5.0039
4.96985
4.92702
4.87725
4.82016
4.75965
4.6956
4.63053
4.56365
4.4975
4.42938
4.35973
4.28548
4.21059
4.13157
4.05444
3.97276
3.89216
3.8071
3.72353
3.6384
3.55747
3.47785
3.40451
3.33303
3.26751
3.20325
3.14255
3.08285
3.02448
2.96679
2.91022
2.85367
2.79927
2.74473
2.69278
2.6414
2.59184
2.54439
2.49709
2.45364
2.4092
2.36925
2.32876
2.29206
2.25607
2.2234
2.19163
2.16445
2.13752
2.11714
2.09786
2.08693
2.0842
2.08252
2.08476
2.09102
2.11152
2.1419
2.18157
2.22956
2.28334
2.34006
2.39638
2.44956
2.49782
2.54035
2.57698
2.60798
2.63458
2.65676
2.6761
2.69261
2.70687
2.7192
2.72967
2.73856
2.74569
2.75134
2.75504
2.75718
2.75794
2.75795
2.75636
2.75194
2.74525
2.73681
2.72691
2.71599
2.70278
2.68961
2.67556
2.66317
2.65498
)
;

boundaryField
{
    inlet
    {
        type            calculated;
        value           uniform 1.40001;
    }
    outlet
    {
        type            calculated;
        value           nonuniform List<scalar> 
40
(
1.62536
1.69617
1.76871
1.84783
1.89872
1.93589
1.97115
2.02424
2.06409
2.09059
2.13744
2.17187
2.21853
2.27382
2.3414
2.41179
2.48119
2.54567
2.60292
2.65274
2.69612
2.73416
2.76819
2.79925
2.82366
2.84087
2.85162
2.85323
2.84555
2.82931
2.80745
2.77336
2.73748
2.70565
2.68126
2.66516
2.65575
2.65071
2.64792
2.64695
)
;
    }
    bottom
    {
        type            symmetryPlane;
    }
    top
    {
        type            symmetryPlane;
    }
    obstacle
    {
        type            calculated;
        value           nonuniform List<scalar> 
110
(
6.00524
6.00602
5.99209
5.96779
5.93096
5.88188
5.81037
5.70813
5.54749
5.29368
2.25421
1.84282
2.15389
1.98961
1.87588
1.8585
1.84476
1.81336
1.77825
1.74883
1.72562
1.70288
1.68919
1.68444
1.68308
1.69238
1.71179
1.74129
1.77518
1.81218
1.84887
1.88615
1.92207
1.95704
1.9918
2.02484
2.05873
2.08967
2.12167
2.15196
2.18129
2.20873
2.23396
2.25797
2.28016
2.29968
2.31605
2.33211
2.34697
2.35819
2.36882
2.37678
2.38291
2.38774
2.39071
2.39332
2.39224
2.39142
2.38848
2.38561
2.37963
2.37472
2.36686
2.35973
2.35021
2.34076
2.32975
2.31877
2.3058
2.29365
2.27927
2.26588
2.2499
2.23559
2.21845
2.20306
2.18539
2.16862
2.15062
2.13278
2.11426
2.09593
2.07681
2.05824
2.03874
2.02005
2.00036
1.98182
1.96201
1.94382
1.92403
1.90622
1.88669
1.86912
1.85018
1.83269
1.81455
1.7972
1.77983
1.76285
1.74617
1.72988
1.71388
1.69861
1.68369
1.66991
1.65674
1.64536
1.63527
1.62947
)
;
    }
    defaultFaces
    {
        type            empty;
    }
}


// ************************************************************************* //
