/*--------------------------------*- C++ -*----------------------------------*\
  =========                 |
  \\      /  F ield         | OpenFOAM: The Open Source CFD Toolbox
   \\    /   O peration     | Website:  https://openfoam.org
    \\  /    A nd           | Version:  10
     \\/     M anipulation  |
\*---------------------------------------------------------------------------*/
FoamFile
{
    format      ascii;
    class       volScalarField;
    location    "8.5";
    object      Ma;
}
// * * * * * * * * * * * * * * * * * * * * * * * * * * * * * * * * * * * * * //

dimensions      [0 0 0 0 0 0 0];

internalField   nonuniform List<scalar> 
5250
(
2.99999
2.99996
2.99988
2.99968
2.99921
2.99804
2.99509
2.98821
2.96975
2.92764
2.81607
2.54884
1.95717
0.983881
0.405831
0.328279
0.343013
0.337752
0.304626
0.252089
0.202968
0.161936
0.120867
0.0754754
0.0418406
2.99999
2.99996
2.99989
2.99968
2.99925
2.99796
2.99544
2.98752
2.97188
2.92548
2.82162
2.5508
1.96778
0.995971
0.413679
0.329502
0.344562
0.339872
0.30718
0.255551
0.207642
0.167995
0.12915
0.0890085
0.0650692
2.99999
2.99996
2.99988
2.99972
2.99919
2.9982
2.99511
2.9888
2.97072
2.93012
2.82224
2.56399
1.98705
1.02319
0.431652
0.333059
0.349171
0.346184
0.314854
0.265576
0.22059
0.184387
0.150615
0.119061
0.103496
2.99999
2.99996
2.99989
2.9997
2.99929
2.99808
2.9957
2.98826
2.97351
2.92991
2.83214
2.57652
2.01987
1.06605
0.458742
0.337935
0.356329
0.356368
0.327164
0.281361
0.240269
0.20862
0.180572
0.156296
0.145432
2.99999
2.99997
2.99989
2.99974
2.99927
2.99832
2.99561
2.98954
2.97363
2.93535
2.83834
2.59953
2.06194
1.12614
0.495238
0.344057
0.36598
0.370172
0.343584
0.30183
0.265153
0.238234
0.215761
0.19728
0.189678
3
2.99997
2.9999
2.99975
2.99932
2.99844
2.99589
2.99027
2.9753
2.9398
2.84901
2.62606
2.11694
1.20632
0.541759
0.352167
0.378538
0.387873
0.364172
0.32689
0.294887
0.273007
0.256054
0.243182
0.238979
3
2.99997
2.99991
2.99978
2.99936
2.99861
2.99612
2.99136
2.97688
2.94584
2.86084
2.6589
2.1842
1.31008
0.598879
0.363931
0.395389
0.410227
0.389247
0.356553
0.329355
0.312774
0.301876
0.295367
0.296526
3
2.99997
2.99993
2.99977
2.9995
2.99859
2.99688
2.99157
2.98057
2.94955
2.87846
2.6925
2.26595
1.44004
0.66719
0.38395
0.41948
0.438696
0.41975
0.391463
0.369016
0.358113
0.354234
0.356431
0.367996
3
2.99998
2.99993
2.99982
2.99951
2.99888
2.99698
2.99323
2.98168
2.9582
2.89073
2.73551
2.35335
1.59758
0.748181
0.419005
0.454859
0.474627
0.457266
0.432767
0.414938
0.409558
0.414024
0.430237
0.464138
3
2.99998
2.99994
2.99985
2.99957
2.99904
2.99735
2.9942
2.984
2.9641
2.90551
2.77288
2.44004
1.76055
0.836058
0.462709
0.496886
0.513191
0.499959
0.479661
0.466797
0.466975
0.484193
0.527081
0.627833
3
2.99998
2.99995
2.99985
2.99967
2.99906
2.99792
2.9944
2.98714
2.96657
2.92023
2.79777
2.5076
1.88044
0.928388
0.512164
0.526394
0.540694
0.539521
0.526834
0.520492
0.529226
0.564155
0.643626
0.802176
3
2.99999
2.99996
2.99988
2.9997
2.99921
2.99817
2.99512
2.98895
2.9704
2.93147
2.82281
2.56941
2.00028
1.06536
0.586902
0.545637
0.562166
0.571141
0.56921
0.571987
0.591281
0.64055
0.736716
0.893007
3
2.99999
2.99996
2.9999
2.99973
2.99937
2.99832
2.99608
2.98998
2.97573
2.93954
2.85038
2.62783
2.12545
1.23413
0.676008
0.562201
0.579927
0.597326
0.60627
0.618895
0.647947
0.703392
0.795008
0.923315
3
2.99999
2.99997
2.99991
2.99979
2.99944
2.99866
2.99662
2.99173
2.97971
2.94939
2.87549
2.6893
2.25723
1.43753
0.782711
0.588637
0.603758
0.624262
0.641278
0.661029
0.695356
0.750873
0.832174
0.938277
3
3
2.99998
2.99993
2.99984
2.99953
2.99895
2.99718
2.99353
2.98321
2.96002
2.89909
2.7525
2.39768
1.68527
0.909555
0.638409
0.64177
0.658308
0.678682
0.700678
0.735367
0.78769
0.859669
0.950983
3
3
2.99998
2.99995
2.99986
2.99966
2.99911
2.99786
2.99468
2.98689
2.96809
2.92052
2.80477
2.52204
1.92117
1.05067
0.701235
0.683976
0.697959
0.717806
0.739243
0.771719
0.819275
0.88293
0.962336
3.00001
3
2.99999
2.99996
2.99989
2.99972
2.9993
2.99827
2.99571
2.98971
2.97377
2.93751
2.84178
2.61361
2.09832
1.22941
0.783548
0.716809
0.730391
0.74985
0.773711
0.804844
0.84792
0.904172
0.973213
3.00001
3
2.99999
2.99997
2.99992
2.99977
2.99948
2.99858
2.99677
2.99158
2.98007
2.94968
2.87719
2.69334
2.27109
1.47312
0.900954
0.750957
0.758121
0.777119
0.80322
0.834083
0.873766
0.923833
0.984028
3.00001
3
3
2.99998
2.99994
2.99983
2.99958
2.99899
2.99738
2.99398
2.98409
2.96351
2.90534
2.77278
2.44409
1.77854
1.0484
0.805033
0.793335
0.807505
0.832829
0.862765
0.89854
0.942792
0.995426
3.00001
3
3
2.99999
2.99995
2.99988
2.99969
2.99922
2.99812
2.99521
2.98884
2.97109
2.93217
2.82795
2.58431
2.0455
1.22192
0.875192
0.831209
0.841338
0.862991
0.891486
0.923212
0.961691
1.00749
3.00001
3.00001
3
2.99999
2.99997
2.99991
2.99976
2.99944
2.99855
2.99651
2.99144
2.97874
2.94859
2.87164
2.68528
2.25476
1.4695
0.983821
0.86863
0.871631
0.88964
0.916824
0.946189
0.980401
1.02024
3.00001
3.00001
3
3
2.99998
2.99994
2.99983
2.9996
2.9989
2.99761
2.99337
2.98553
2.96103
2.91002
2.77023
2.45393
1.79528
1.13299
0.922196
0.905265
0.917014
0.940411
0.968537
0.99899
1.03408
3.00001
3.00001
3
3
2.99999
2.99995
2.99989
2.99968
2.99931
2.99807
2.99582
2.98858
2.97443
2.93332
2.84186
2.60828
2.10373
1.32766
0.997033
0.940992
0.946994
0.965169
0.990712
1.0181
1.04849
3.00001
3.00001
3.00001
3
2.99999
2.99997
2.99991
2.9998
2.99945
2.99876
2.99677
2.99238
2.98102
2.95365
2.88627
2.71994
2.33468
1.60667
1.11559
0.9827
0.976591
0.987581
1.01003
1.03679
1.0642
3.00001
3.00001
3.00001
3
3
2.99998
2.99995
2.99985
2.99966
2.99907
2.99794
2.99454
2.98756
2.96807
2.92459
2.81166
2.55123
1.98746
1.28902
1.04419
1.01037
1.01483
1.03214
1.05615
1.08004
3.00001
3.00001
3.00001
3
3
2.99999
2.99997
2.9999
2.99977
2.99936
2.99858
2.9962
2.99138
2.97777
2.94756
2.86862
2.68243
2.25356
1.51373
1.12581
1.04251
1.04039
1.05265
1.07311
1.09359
3.00001
3.00001
3.00001
3.00001
3
3
2.99998
2.99993
2.99984
2.99957
2.99904
2.99737
2.99432
2.98445
2.96538
2.90976
2.78622
2.47993
1.86157
1.27327
1.09027
1.06779
1.0737
1.08833
1.10418
3.00001
3.00001
3.00001
3.00001
3
3
2.99999
2.99996
2.99989
2.99973
2.99933
2.99832
2.99607
2.98986
2.97684
2.94008
2.8594
2.65196
2.19819
1.48752
1.16769
1.10077
1.0952
1.10086
1.10827
3.00001
3.00001
3.00001
3.00001
3.00001
3
2.99999
2.99998
2.99993
2.99983
2.99955
2.99891
2.99733
2.99342
2.9844
2.96056
2.90681
2.76759
2.45059
1.81471
1.29815
1.14054
1.11481
1.10978
1.10454
3.00001
3.00001
3.00001
3.00001
3.00001
3
3
2.99999
2.99996
2.99989
2.99971
2.99931
2.99821
2.99595
2.98932
2.97602
2.93768
2.8544
2.64127
2.17833
1.5006
1.20916
1.13809
1.11317
1.09145
3.00001
3.00001
3.00001
3.00001
3.00001
3.00001
3
2.99999
2.99998
2.99992
2.99983
2.99951
2.99894
2.99714
2.99357
2.98343
2.96124
2.90313
2.76723
2.44369
1.81798
1.32469
1.15822
1.1036
1.05812
3.00001
3.00001
3.00001
3.00001
3.00001
3.00001
3
3
2.99999
2.99995
2.99989
2.9997
2.99929
2.99821
2.99574
2.98962
2.97459
2.93894
2.85017
2.64001
2.17457
1.50625
1.19604
1.08173
0.998384
3.00001
3.00001
3.00001
3.00001
3.00001
3.00001
3.00001
3
2.99999
2.99997
2.99993
2.99981
2.99953
2.99881
2.99726
2.99286
2.98399
2.95788
2.90342
2.75639
2.43183
1.79707
1.2615
1.02933
0.9032
3.00001
3.00001
3.00001
3.00001
3.00001
3.00001
3.00001
3
3
2.99998
2.99995
2.99987
2.99969
2.99916
2.99814
2.99494
2.98898
2.97037
2.93275
2.82822
2.59306
2.07594
1.34371
0.93566
0.778776
3.00001
3.00001
3.00001
3.00001
3.00001
3.00001
3.00001
3
3
2.99999
2.99996
2.99991
2.99975
2.9994
2.9985
2.99633
2.99112
2.97764
2.94665
2.8655
2.67292
2.22864
1.45157
0.821245
0.624724
3.00001
3.00001
3.00001
3.00001
3.00001
3.00001
3.00001
3.00001
3
2.99999
2.99997
2.99993
2.99979
2.99951
2.99875
2.99695
2.99253
2.98128
2.95476
2.886
2.71946
2.3234
1.56551
0.723373
0.461671
3.00001
3.00001
3.00001
3.00001
3.00001
3.00001
3.00001
3.00001
3
3
2.99998
2.99994
2.99981
2.99956
2.99886
2.99724
2.99315
2.98293
2.95818
2.89508
2.73881
2.3633
1.61007
0.657846
0.32382
3.00001
3.00001
3.00001
3.00001
3.00001
3.00001
3.00001
3.00001
3
3
2.99998
2.99994
2.99983
2.99958
2.99893
2.99744
2.99328
2.9844
2.95869
2.9018
2.7475
2.38611
1.63839
0.649917
0.258918
3.00001
3.00001
3.00001
3.00001
3.00001
3.00001
3.00001
3.00001
3
3
2.99998
2.99994
2.99984
2.99958
2.99902
2.99734
2.99404
2.98361
2.96269
2.90104
2.7593
2.40103
1.66674
0.669967
0.250434
3.00001
3.00001
3.00001
3.00001
3.00001
3.00001
3.00001
3.00001
3
3
2.99998
2.99995
2.99984
2.99963
2.99894
2.99771
2.99353
2.98554
2.96106
2.90766
2.76162
2.41915
1.69409
0.69576
0.260625
3.00001
3.00001
3.00001
3.00001
3.00001
3.00001
3.00001
3.00001
3
3
2.99998
2.99995
2.99985
2.99962
2.99903
2.99759
2.9941
2.98496
2.96368
2.90732
2.77037
2.43147
1.72094
0.722132
0.275348
3.00001
3.00001
3.00001
3.00001
3.00001
3.00001
3.00001
3.00001
3
3
2.99998
2.99995
2.99984
2.99964
2.99902
2.9977
2.99409
2.98554
2.96394
2.91019
2.7746
2.44483
1.74534
0.747732
0.29143
3.00001
3.00001
3.00001
3.00001
3.00001
3.00001
3.00001
3.00001
3
3
2.99998
2.99994
2.99986
2.99962
2.99908
2.99769
2.99421
2.98596
2.96401
2.91282
2.77836
2.45625
1.76756
0.772297
0.307759
3.00001
3.00001
3.00001
3.00001
3.00001
3.00001
3.00001
3.00001
3
3
2.99998
2.99995
2.99985
2.99966
2.99902
2.99785
2.99404
2.9865
2.9642
2.91472
2.7815
2.46678
1.78695
0.794262
0.322995
3.00001
3.00001
3.00001
3.00001
3.00001
3.00001
3.00001
3.00001
3
3
2.99998
2.99995
2.99985
2.99965
2.99904
2.99786
2.99407
2.98685
2.96426
2.91661
2.78422
2.47543
1.80439
0.81329
0.336487
3.00001
3.00001
3.00001
3.00001
3.00001
3.00001
3.00001
3.00001
3
3
2.99998
2.99995
2.99985
2.99965
2.99906
2.99788
2.99415
2.98698
2.96468
2.9177
2.7871
2.48253
1.82071
0.828727
0.347763
3.00001
3.00001
3.00001
3.00001
3.00001
3.00001
3.00001
3.00001
3
3
2.99998
2.99995
2.99985
2.99966
2.99906
2.99786
2.99435
2.98668
2.96593
2.91722
2.79092
2.48764
1.83537
0.840352
0.356334
3.00001
3.00001
3.00001
3.00001
3.00001
3.00001
3.00001
3.00001
3
3
2.99998
2.99994
2.99987
2.99962
2.99916
2.9977
2.99473
2.98618
2.96721
2.91638
2.79489
2.49042
1.84803
0.849346
0.362867
3.00001
3.00001
3.00001
3.00001
3.00001
3.00001
3.00001
3.00001
3
3
2.99999
2.99994
2.99987
2.99963
2.99914
2.99776
2.99462
2.98657
2.96675
2.91791
2.79502
2.49434
1.85592
0.855349
0.367609
3.00001
3.00001
3.00001
3.00001
3.00001
3.00001
3.00001
3.00001
3
3
2.99998
2.99995
2.99986
2.99964
2.99912
2.99782
2.99453
2.98685
2.96627
2.91906
2.79451
2.49654
1.85854
0.858376
0.370065
0.978699
0.781184
0.264953
0.244056
0.314328
0.401973
0.435487
0.466523
0.5079
0.548219
0.581535
0.610928
0.641759
0.669367
0.684954
0.689109
0.687147
0.676455
0.65492
0.624501
0.588147
0.548855
0.508791
0.469198
0.431053
0.394511
0.359509
0.325685
0.292908
0.260852
0.229244
0.197637
0.16665
0.136517
0.107347
0.0789858
0.0514554
0.0262561
0.0157783
0.037765
0.0622949
0.0872222
0.111592
0.134922
0.156911
0.178462
0.201045
0.223436
0.244978
0.265803
0.286164
0.306082
0.325583
0.34478
0.363534
0.382012
0.400112
0.41793
0.43544
0.452701
0.469633
0.486409
0.502858
0.519196
0.535171
0.551152
0.566709
0.582333
0.597569
0.612823
0.627791
0.642713
0.657395
0.672038
0.686408
0.700775
0.714839
0.728907
0.742669
0.756436
0.769883
0.783375
0.796477
0.809726
0.822459
0.835468
0.84784
0.860555
0.87262
0.884941
0.896702
0.908534
0.91988
0.931082
0.941745
0.951973
0.961254
0.969467
0.975591
0.980027
0.961545
0.841556
0.575853
0.421206
0.284632
0.148598
0.0648594
0.161182
0.244143
0.301879
0.340525
0.371128
0.402682
0.434726
0.454351
0.45699
0.450651
0.437041
0.412865
0.380169
0.342859
0.304181
0.265718
0.228424
0.193333
0.159967
0.128341
0.0984745
0.0707418
0.0472461
0.0351581
0.0442982
0.0650762
0.0886564
0.113247
0.137659
0.161709
0.185061
0.207556
0.229207
0.25063
0.271983
0.293058
0.313742
0.333382
0.352409
0.37193
0.391985
0.411185
0.429838
0.44793
0.465755
0.483193
0.500373
0.517148
0.533756
0.549955
0.566018
0.581686
0.597275
0.612429
0.627614
0.642321
0.657113
0.671477
0.685885
0.699983
0.714041
0.727889
0.741657
0.755246
0.768761
0.782094
0.795358
0.808452
0.821446
0.834307
0.847029
0.85964
0.872108
0.884441
0.896687
0.908716
0.920753
0.932477
0.944277
0.955726
0.967233
0.978461
0.989623
1.00067
1.01146
1.02221
1.0325
1.04264
1.05199
1.06084
1.06829
1.07415
1.07786
0.97626
0.944381
0.83637
0.742304
0.634862
0.517535
0.398794
0.296307
0.206013
0.126282
0.0619803
0.0811226
0.124605
0.167004
0.196169
0.196766
0.172847
0.157607
0.135151
0.108387
0.0846261
0.067932
0.064566
0.075186
0.0934045
0.115084
0.138276
0.162065
0.185785
0.209403
0.232308
0.254476
0.276057
0.297714
0.318839
0.339815
0.360106
0.380055
0.399183
0.417974
0.436237
0.454469
0.472345
0.490064
0.506943
0.523039
0.53944
0.556387
0.573164
0.589217
0.604865
0.620213
0.635343
0.650201
0.664846
0.679276
0.693455
0.707493
0.721263
0.734907
0.748348
0.761599
0.77478
0.787668
0.800617
0.813202
0.825925
0.838269
0.85078
0.862924
0.875243
0.887208
0.899352
0.911144
0.923107
0.934723
0.94648
0.957923
0.969438
0.980729
0.991976
1.00314
1.0141
1.02512
1.03585
1.04671
1.05729
1.06804
1.07855
1.08909
1.09945
1.10966
1.1197
1.12945
1.1389
1.14786
1.15613
1.1634
1.16891
1.17256
1.00476
1.01928
0.98496
0.932276
0.863454
0.781883
0.6955
0.609255
0.527441
0.446835
0.372167
0.303677
0.245727
0.195709
0.156321
0.133108
0.139064
0.163121
0.187668
0.220085
0.2506
0.276178
0.298246
0.318288
0.337512
0.356477
0.375388
0.394286
0.413051
0.431595
0.449671
0.467231
0.484416
0.50137
0.518094
0.53453
0.55067
0.566406
0.581804
0.596777
0.611558
0.626157
0.640624
0.655048
0.668804
0.681999
0.69507
0.708945
0.722956
0.736531
0.749581
0.762551
0.775178
0.787885
0.800203
0.812645
0.824687
0.836854
0.84867
0.860583
0.872202
0.883888
0.895312
0.90681
0.918033
0.929379
0.940415
0.951641
0.962527
0.973643
0.984395
0.995386
1.00601
1.01687
1.02736
1.03811
1.04844
1.05907
1.0692
1.0797
1.08963
1.1
1.10976
1.12007
1.12982
1.14006
1.14976
1.15975
1.16935
1.17904
1.18851
1.19786
1.20708
1.21598
1.22473
1.23289
1.24064
1.24725
1.25256
1.25564
1.02393
1.06345
1.06697
1.0458
1.00914
0.957941
0.899902
0.837573
0.774876
0.709446
0.642719
0.5812
0.52706
0.482667
0.449734
0.433612
0.436316
0.453585
0.474444
0.496888
0.519455
0.537652
0.552225
0.564808
0.576566
0.58837
0.600215
0.612515
0.624787
0.637271
0.649406
0.661452
0.673149
0.684842
0.69634
0.707844
0.719134
0.730388
0.741377
0.752328
0.76313
0.773977
0.784843
0.79582
0.806446
0.816605
0.826601
0.837393
0.848567
0.859793
0.870438
0.881204
0.891574
0.90224
0.912551
0.92312
0.933366
0.943797
0.953989
0.964293
0.974449
0.984662
0.994797
1.00495
1.01507
1.02517
1.03529
1.04536
1.05549
1.06549
1.07564
1.08557
1.09571
1.10558
1.11566
1.12543
1.13536
1.14502
1.15479
1.1644
1.17413
1.18385
1.19357
1.20322
1.2128
1.22228
1.23177
1.24104
1.25042
1.25945
1.26866
1.2774
1.28635
1.29469
1.30317
1.31086
1.31842
1.32474
1.33006
1.33298
1.03501
1.0857
1.11133
1.11416
1.10072
1.07371
1.03767
0.995702
0.949647
0.900422
0.848258
0.796104
0.748286
0.70748
0.678837
0.664824
0.669268
0.68707
0.710788
0.734521
0.755231
0.769252
0.778108
0.783121
0.787267
0.790945
0.79587
0.800952
0.807014
0.812906
0.819294
0.825397
0.831804
0.838094
0.844704
0.851322
0.8582
0.865104
0.872196
0.879316
0.886591
0.894003
0.901599
0.909536
0.917306
0.924835
0.932237
0.94035
0.949058
0.958196
0.967004
0.975895
0.984607
0.993512
1.00237
1.01136
1.02037
1.02939
1.03849
1.04751
1.05666
1.06567
1.07484
1.08385
1.09303
1.10206
1.11127
1.12034
1.12957
1.13869
1.14795
1.15712
1.16637
1.17557
1.18476
1.194
1.20309
1.21243
1.22156
1.23107
1.24013
1.2496
1.25853
1.26793
1.27677
1.28605
1.29481
1.30391
1.31259
1.32148
1.33003
1.33865
1.347
1.35525
1.36322
1.37088
1.37806
1.38449
1.38966
1.39284
1.04165
1.09681
1.13403
1.15363
1.1575
1.14879
1.12966
1.10296
1.07062
1.03273
0.990672
0.946437
0.905194
0.869557
0.845619
0.835714
0.841594
0.859642
0.885304
0.911898
0.933736
0.948322
0.953739
0.953544
0.94981
0.946193
0.943757
0.942902
0.943227
0.944438
0.946122
0.948195
0.950534
0.953264
0.956333
0.959794
0.963546
0.967651
0.972012
0.976648
0.981514
0.986661
0.992102
0.998025
1.00396
1.00976
1.01549
1.0218
1.02878
1.03638
1.04392
1.05153
1.05909
1.06676
1.07452
1.08239
1.09039
1.09846
1.10669
1.11492
1.12333
1.13171
1.14027
1.14877
1.15745
1.16603
1.17479
1.18346
1.1923
1.20103
1.20991
1.2187
1.22756
1.2364
1.24518
1.2541
1.26293
1.27198
1.2807
1.28973
1.29833
1.30734
1.31586
1.32478
1.33325
1.34203
1.35046
1.35903
1.36742
1.37574
1.38403
1.39206
1.40017
1.40783
1.41559
1.42269
1.42973
1.43571
1.44089
1.44372
1.04663
1.10201
1.14512
1.17444
1.19083
1.19492
1.18884
1.17387
1.15073
1.12004
1.08354
1.04456
1.00771
0.975221
0.955245
0.948752
0.956936
0.978535
1.00949
1.0379
1.05944
1.07455
1.08359
1.0843
1.07837
1.06916
1.06084
1.05454
1.05055
1.04821
1.04688
1.04631
1.04606
1.0464
1.04711
1.04826
1.0498
1.05188
1.05425
1.05714
1.06028
1.06391
1.0678
1.07232
1.07688
1.08147
1.08594
1.09095
1.09658
1.1029
1.10945
1.11612
1.12291
1.12974
1.13679
1.14385
1.15122
1.15854
1.16617
1.17371
1.18152
1.18923
1.19719
1.20504
1.21313
1.22111
1.22935
1.23747
1.24583
1.25409
1.26252
1.27089
1.27933
1.28784
1.29639
1.30503
1.31351
1.32216
1.3306
1.33924
1.34766
1.35626
1.36468
1.3732
1.38162
1.39
1.3984
1.40663
1.41497
1.423
1.43123
1.43903
1.44707
1.45455
1.46224
1.4692
1.47619
1.48208
1.48729
1.49015
1.05172
1.1048
1.14985
1.18448
1.20826
1.22127
1.22348
1.2158
1.19743
1.16932
1.13724
1.10151
1.06501
1.03551
1.02156
1.01967
1.03192
1.05926
1.09438
1.12622
1.14911
1.16385
1.17403
1.1783
1.17612
1.16807
1.15702
1.14645
1.13807
1.13193
1.12756
1.1244
1.12207
1.12042
1.11928
1.11867
1.11852
1.1189
1.11972
1.12107
1.12274
1.12501
1.12749
1.1307
1.134
1.1376
1.14099
1.14497
1.14933
1.15453
1.15994
1.16576
1.17162
1.17771
1.18391
1.1903
1.19689
1.20362
1.21058
1.21762
1.22488
1.23219
1.23971
1.24724
1.25499
1.26272
1.27067
1.27859
1.28669
1.29477
1.30296
1.31117
1.31948
1.32782
1.33608
1.34446
1.35269
1.36113
1.36933
1.37782
1.38599
1.39448
1.40263
1.41109
1.41923
1.42759
1.43573
1.44395
1.45206
1.46009
1.46812
1.4759
1.48375
1.4912
1.4987
1.50563
1.51243
1.51833
1.52339
1.52641
1.05766
1.10698
1.15134
1.18801
1.21535
1.23294
1.23931
1.23368
1.21551
1.1897
1.15978
1.12241
1.08612
1.06543
1.0579
1.06238
1.08124
1.11398
1.15109
1.1836
1.20858
1.22516
1.23505
1.24221
1.24425
1.24089
1.23271
1.22164
1.21027
1.20024
1.19219
1.18584
1.18122
1.17756
1.17496
1.17276
1.17133
1.17023
1.16978
1.16974
1.17031
1.1713
1.17276
1.17481
1.17731
1.17998
1.18265
1.1856
1.1891
1.19328
1.19802
1.20312
1.20857
1.21418
1.22009
1.22608
1.2324
1.23876
1.24545
1.25215
1.25916
1.26616
1.27345
1.28074
1.28827
1.29582
1.30356
1.31133
1.31921
1.32717
1.33518
1.34332
1.35128
1.35948
1.36738
1.37567
1.38355
1.39189
1.39978
1.40814
1.41604
1.42437
1.43229
1.44054
1.44848
1.45661
1.46454
1.47251
1.4804
1.48816
1.49595
1.50345
1.51104
1.51818
1.5254
1.53198
1.53847
1.54401
1.54877
1.55162
1.0645
1.10951
1.15137
1.18745
1.21521
1.23339
1.23914
1.23044
1.21212
1.18761
1.15446
1.11565
1.08762
1.0765
1.07561
1.08775
1.11519
1.15166
1.18707
1.21809
1.24332
1.26227
1.27484
1.28295
1.28867
1.29038
1.28754
1.28065
1.27085
1.25934
1.24817
1.23879
1.23118
1.22562
1.22119
1.2181
1.21551
1.21381
1.21251
1.21186
1.21167
1.21204
1.21288
1.21431
1.21621
1.21853
1.2208
1.22339
1.22639
1.23008
1.23433
1.23901
1.24407
1.24936
1.25494
1.26064
1.26663
1.27267
1.27904
1.28542
1.29214
1.29886
1.3059
1.31294
1.32028
1.32762
1.33521
1.34281
1.3506
1.35844
1.36631
1.37422
1.38209
1.39009
1.39799
1.40605
1.41397
1.42207
1.43001
1.43811
1.44607
1.45415
1.46214
1.47017
1.47817
1.4861
1.49408
1.50188
1.50978
1.5174
1.52516
1.5325
1.54001
1.54692
1.55398
1.56022
1.56642
1.57157
1.57601
1.57859
1.07264
1.11281
1.15074
1.18397
1.20889
1.22355
1.22325
1.21076
1.19213
1.16419
1.12648
1.09437
1.07986
1.07673
1.0835
1.10498
1.13838
1.17372
1.20636
1.23512
1.25977
1.28026
1.29621
1.30819
1.31568
1.321
1.32333
1.32174
1.31666
1.30885
1.29808
1.28656
1.27629
1.2679
1.26132
1.25644
1.2527
1.25003
1.24801
1.2466
1.24578
1.24538
1.24563
1.24634
1.24761
1.24944
1.25126
1.2533
1.25566
1.25865
1.26222
1.26631
1.27089
1.2758
1.28106
1.28649
1.29221
1.29802
1.30413
1.3103
1.31678
1.3233
1.33014
1.33702
1.34419
1.35142
1.35886
1.3664
1.37402
1.38171
1.38935
1.39715
1.40481
1.41272
1.42041
1.42839
1.43609
1.44411
1.45184
1.45985
1.46759
1.47558
1.48334
1.49128
1.49904
1.5069
1.51464
1.52236
1.53004
1.53755
1.54507
1.55226
1.55949
1.56618
1.57288
1.57877
1.58456
1.58932
1.59309
1.59541
1.08237
1.11683
1.14952
1.17702
1.19616
1.20162
1.19476
1.18005
1.15677
1.12232
1.08927
1.0731
1.06901
1.07284
1.08923
1.1186
1.15215
1.18426
1.21358
1.24001
1.26409
1.2853
1.30396
1.31911
1.33122
1.33943
1.3448
1.34764
1.34771
1.34505
1.33912
1.32972
1.31884
1.3084
1.29951
1.29226
1.28681
1.28278
1.27991
1.27801
1.27664
1.276
1.27573
1.27605
1.27689
1.27832
1.27999
1.28176
1.28383
1.2864
1.28967
1.29342
1.29775
1.30241
1.30751
1.31278
1.3184
1.3241
1.33012
1.33617
1.34255
1.34897
1.35572
1.36251
1.36962
1.37678
1.38419
1.39161
1.3991
1.40664
1.41417
1.42181
1.42937
1.43711
1.44469
1.45251
1.46012
1.46798
1.47563
1.4835
1.49119
1.49902
1.50672
1.51448
1.52216
1.5298
1.53743
1.54489
1.55242
1.55961
1.56693
1.57373
1.58065
1.58683
1.59303
1.5983
1.60347
1.6073
1.61006
1.61173
1.09249
1.1211
1.1463
1.1658
1.17369
1.1699
1.15771
1.13786
1.10686
1.07567
1.05899
1.05457
1.05739
1.07139
1.09713
1.12782
1.15776
1.18572
1.21207
1.23677
1.26046
1.28226
1.30272
1.32037
1.33601
1.34814
1.35784
1.36368
1.36745
1.36913
1.36844
1.36467
1.35734
1.34756
1.33759
1.32838
1.32086
1.31487
1.3107
1.30752
1.30564
1.30426
1.30375
1.30363
1.30413
1.30519
1.30669
1.30829
1.31005
1.3122
1.31502
1.31838
1.32232
1.32665
1.33146
1.3365
1.3419
1.34741
1.35325
1.35914
1.36536
1.37161
1.37822
1.38486
1.39184
1.39888
1.40609
1.41334
1.42065
1.42807
1.43544
1.44299
1.45039
1.45802
1.46546
1.47312
1.48061
1.48828
1.49581
1.50346
1.51103
1.51863
1.52621
1.53375
1.5413
1.54874
1.55619
1.56346
1.57075
1.57772
1.58471
1.59117
1.59764
1.60327
1.60891
1.61348
1.61768
1.62032
1.62182
1.62302
1.10256
1.12318
1.13909
1.14596
1.14263
1.13124
1.11245
1.08388
1.05518
1.03984
1.03571
1.03858
1.0518
1.07559
1.1034
1.1307
1.15659
1.18139
1.2056
1.2292
1.25252
1.27477
1.2962
1.31571
1.33371
1.34915
1.36251
1.37293
1.38071
1.38535
1.38835
1.38916
1.38756
1.38246
1.37436
1.36517
1.35626
1.34867
1.34237
1.33788
1.33456
1.33257
1.33138
1.33092
1.33109
1.33178
1.333
1.33449
1.3361
1.33797
1.34041
1.34344
1.34708
1.35113
1.3557
1.36051
1.36573
1.37107
1.37677
1.38251
1.38858
1.3947
1.40115
1.40769
1.41453
1.42141
1.42843
1.43553
1.44268
1.44995
1.45717
1.46455
1.47183
1.47929
1.4866
1.49413
1.50147
1.50902
1.51639
1.52391
1.53131
1.53875
1.54613
1.55345
1.56079
1.56795
1.57517
1.58208
1.58909
1.59561
1.60221
1.60811
1.61393
1.61891
1.62369
1.62724
1.62993
1.63101
1.63106
1.63235
1.10983
1.12115
1.12376
1.11838
1.10588
1.08545
1.05728
1.03075
1.0176
1.01458
1.0181
1.03202
1.05502
1.08061
1.10545
1.12893
1.15169
1.17426
1.19693
1.21987
1.24279
1.26534
1.28734
1.30812
1.32781
1.34567
1.36181
1.37582
1.38751
1.39675
1.40307
1.40704
1.40934
1.40965
1.40687
1.40089
1.3932
1.38491
1.37726
1.3708
1.36578
1.3624
1.36007
1.35899
1.35853
1.35886
1.35977
1.36111
1.36264
1.36426
1.36632
1.36891
1.37214
1.37581
1.38003
1.38453
1.38949
1.39459
1.40011
1.40568
1.41163
1.41762
1.424
1.43043
1.43714
1.44382
1.45074
1.45762
1.46466
1.4717
1.47879
1.48596
1.49307
1.50032
1.50747
1.51473
1.52195
1.52916
1.53646
1.5436
1.55093
1.558
1.5653
1.57229
1.57946
1.58632
1.59325
1.59987
1.60638
1.61257
1.61837
1.62378
1.62855
1.63295
1.63614
1.63844
1.63893
1.63857
1.63736
1.63845
1.11212
1.11036
1.10085
1.08563
1.06105
1.03088
1.00512
0.993364
0.991461
0.99674
1.01273
1.03618
1.06016
1.08284
1.10429
1.12481
1.1454
1.16643
1.18827
1.2106
1.23322
1.25581
1.27809
1.2997
1.32045
1.34008
1.35824
1.37508
1.38972
1.40275
1.4131
1.42119
1.42629
1.4299
1.43175
1.43166
1.42799
1.42157
1.4142
1.40661
1.40014
1.39471
1.39106
1.38842
1.38728
1.38672
1.38714
1.38817
1.38958
1.39103
1.39281
1.39498
1.39788
1.40115
1.40507
1.40924
1.414
1.41885
1.42422
1.42958
1.43545
1.44124
1.44757
1.45377
1.46032
1.4668
1.47349
1.48023
1.48699
1.49393
1.50074
1.50781
1.51465
1.52177
1.52868
1.53579
1.54275
1.54984
1.55684
1.56386
1.57087
1.57777
1.58473
1.59144
1.59829
1.60471
1.6113
1.6173
1.62335
1.6287
1.6338
1.63817
1.64214
1.64497
1.64655
1.64668
1.64587
1.64419
1.64081
1.64004
1.1055
1.09156
1.07245
1.04152
1.00668
0.980409
0.969508
0.968489
0.97617
0.994377
1.01856
1.04207
1.0635
1.08307
1.10186
1.12052
1.13977
1.15987
1.18101
1.20277
1.22511
1.24748
1.2699
1.29183
1.31328
1.33394
1.35354
1.37227
1.3892
1.40517
1.41867
1.43071
1.43992
1.44685
1.45148
1.45516
1.45648
1.45558
1.45123
1.44486
1.43763
1.43101
1.42512
1.42094
1.41789
1.4164
1.41578
1.41627
1.41745
1.41876
1.42042
1.42218
1.42468
1.42751
1.43104
1.4348
1.43919
1.44373
1.44882
1.45401
1.45965
1.46541
1.47148
1.47757
1.48386
1.49021
1.49666
1.50323
1.50978
1.51649
1.52313
1.52994
1.53665
1.5435
1.55022
1.55709
1.56379
1.57066
1.5773
1.58417
1.59071
1.59751
1.60393
1.61054
1.61677
1.62299
1.62887
1.63445
1.63966
1.64418
1.64834
1.65169
1.65419
1.65498
1.65467
1.65352
1.65128
1.64659
1.63887
1.6354
1.08954
1.06492
1.02742
0.986538
0.95809
0.946837
0.946327
0.956317
0.976955
1.0023
1.02611
1.04691
1.06544
1.08275
1.09978
1.11737
1.13574
1.15523
1.17564
1.19695
1.21875
1.24096
1.26317
1.28528
1.30708
1.32839
1.34909
1.36899
1.38783
1.40563
1.4219
1.43674
1.4495
1.46027
1.46831
1.47475
1.4793
1.48226
1.48314
1.48143
1.47659
1.46994
1.4633
1.45709
1.45234
1.44873
1.44685
1.44594
1.44633
1.44737
1.44879
1.45022
1.45226
1.45459
1.45776
1.4611
1.46518
1.46933
1.47416
1.47901
1.4845
1.48994
1.49584
1.50163
1.50779
1.51386
1.52019
1.52645
1.53291
1.53928
1.54584
1.55229
1.55892
1.5654
1.57206
1.57852
1.58515
1.5916
1.59813
1.60457
1.61094
1.61729
1.62342
1.62957
1.63533
1.64103
1.64616
1.65104
1.65508
1.65878
1.66157
1.66348
1.66362
1.66269
1.66113
1.65782
1.65233
1.64352
1.6318
1.62631
1.05925
1.01463
0.969427
0.938513
0.926437
0.926404
0.93849
0.961442
0.987967
1.01214
1.03285
1.05079
1.06706
1.08295
1.09902
1.11595
1.13381
1.15282
1.17272
1.19352
1.21487
1.2367
1.25868
1.28074
1.30266
1.32431
1.34552
1.36626
1.38628
1.40547
1.42366
1.44051
1.45613
1.4698
1.4818
1.49119
1.49894
1.50507
1.50932
1.51138
1.51158
1.50868
1.50318
1.49671
1.49028
1.4848
1.48065
1.47798
1.47671
1.47676
1.47766
1.4789
1.48041
1.48234
1.48498
1.48802
1.4916
1.49546
1.49982
1.50445
1.50952
1.51481
1.52031
1.526
1.53183
1.53779
1.54387
1.54998
1.55621
1.56242
1.56875
1.57502
1.58142
1.58767
1.5941
1.60027
1.6067
1.61276
1.61911
1.62505
1.6312
1.63697
1.6428
1.64823
1.65355
1.65833
1.66274
1.66638
1.66952
1.67189
1.67298
1.67267
1.6714
1.66908
1.66505
1.65743
1.64734
1.63542
1.62208
1.61629
1.00306
0.951731
0.919771
0.90743
0.908114
0.922881
0.948495
0.97584
1.00039
1.02108
1.03873
1.05453
1.06951
1.08461
1.10027
1.11684
1.13438
1.15292
1.17235
1.19261
1.21348
1.23483
1.25647
1.27828
1.3001
1.32189
1.3434
1.3647
1.38541
1.4056
1.42505
1.44343
1.46101
1.47692
1.49178
1.50439
1.51535
1.5239
1.53161
1.53677
1.54013
1.5412
1.54031
1.53633
1.53026
1.52387
1.5177
1.51281
1.50931
1.50749
1.50702
1.50775
1.50879
1.51023
1.51208
1.51465
1.51773
1.5213
1.52524
1.52962
1.53429
1.53931
1.5445
1.55002
1.55557
1.56142
1.56719
1.57327
1.57913
1.58536
1.59125
1.59755
1.60347
1.60975
1.6157
1.62184
1.62779
1.63374
1.63961
1.64534
1.651
1.65639
1.66165
1.66649
1.67104
1.67489
1.67817
1.6807
1.68253
1.68286
1.68191
1.68016
1.67718
1.67141
1.66294
1.6511
1.63828
1.62543
1.61283
1.60802
0.932401
0.897342
0.885642
0.888848
0.908235
0.937742
0.966114
0.990767
1.01147
1.02904
1.04454
1.05908
1.07343
1.08815
1.10362
1.11999
1.13729
1.15545
1.17444
1.19412
1.21445
1.23527
1.25648
1.27796
1.29956
1.32128
1.34286
1.36436
1.38551
1.40626
1.42648
1.44598
1.46469
1.4824
1.49892
1.51414
1.52761
1.53935
1.549
1.55737
1.5641
1.56828
1.57001
1.57026
1.56803
1.563
1.55656
1.54997
1.54425
1.53986
1.53716
1.536
1.53627
1.53716
1.53842
1.54014
1.54274
1.54591
1.54968
1.55367
1.55813
1.56268
1.56768
1.57276
1.57823
1.58372
1.58948
1.59522
1.60109
1.60699
1.61287
1.61886
1.6247
1.63073
1.6365
1.64248
1.64813
1.65394
1.65939
1.66489
1.67
1.67498
1.6795
1.6836
1.68704
1.68975
1.69174
1.69289
1.69258
1.6911
1.68885
1.68465
1.67772
1.6672
1.65509
1.64144
1.62838
1.6168
1.60681
1.60376
0.858704
0.851255
0.860641
0.888126
0.924221
0.955734
0.981478
1.00241
1.02007
1.03556
1.05002
1.06414
1.07846
1.09337
1.10888
1.12526
1.14226
1.16015
1.1786
1.19782
1.21755
1.23784
1.25856
1.27963
1.30098
1.32245
1.34395
1.36537
1.38659
1.40756
1.42815
1.44819
1.46769
1.48627
1.50413
1.52073
1.53628
1.55017
1.56248
1.5728
1.58178
1.58931
1.5944
1.59686
1.59745
1.59652
1.59269
1.58661
1.57989
1.57343
1.56814
1.56449
1.5626
1.56234
1.56301
1.56403
1.56556
1.56807
1.57142
1.57519
1.57933
1.58367
1.5884
1.59325
1.59855
1.60378
1.60952
1.61499
1.62098
1.62657
1.6326
1.63825
1.64419
1.64982
1.65561
1.66115
1.66674
1.67209
1.67734
1.68235
1.68705
1.69137
1.69516
1.69819
1.70048
1.70197
1.70238
1.70149
1.69972
1.69644
1.69121
1.68228
1.6711
1.65775
1.64432
1.63125
1.62007
1.61159
1.60499
1.60375
0.778728
0.80544
0.84976
0.897875
0.936627
0.966155
0.989038
1.00767
1.02398
1.0391
1.05375
1.06841
1.08323
1.09857
1.11434
1.13082
1.14781
1.16552
1.18371
1.20254
1.2218
1.24157
1.26177
1.28237
1.30324
1.32434
1.3455
1.36674
1.38785
1.40876
1.42938
1.44951
1.46926
1.48825
1.50669
1.52414
1.54078
1.55621
1.57034
1.58284
1.59351
1.60278
1.61087
1.61678
1.61986
1.62053
1.62022
1.61785
1.61268
1.60582
1.59895
1.5928
1.5882
1.58533
1.58438
1.58465
1.58554
1.58711
1.5895
1.593
1.59677
1.6011
1.60544
1.61031
1.61514
1.62047
1.62579
1.63144
1.63709
1.64291
1.64871
1.65455
1.6603
1.66605
1.67165
1.67721
1.68255
1.68775
1.69264
1.69721
1.70133
1.70485
1.70757
1.7094
1.71051
1.7103
1.70897
1.70662
1.70269
1.69539
1.68545
1.67281
1.65936
1.64561
1.63318
1.62277
1.61487
1.61009
1.60643
1.60674
0.679389
0.753073
0.830216
0.886618
0.927542
0.957598
0.981083
1.00085
1.01879
1.03576
1.05225
1.0685
1.08464
1.10088
1.11733
1.13416
1.1514
1.16915
1.18732
1.20599
1.22506
1.24454
1.26433
1.28448
1.30485
1.32552
1.34621
1.36704
1.38771
1.40829
1.42857
1.44853
1.46809
1.48711
1.50563
1.52342
1.5405
1.55659
1.57168
1.58558
1.59801
1.60888
1.61819
1.62667
1.63316
1.63726
1.63837
1.63808
1.6364
1.6324
1.62602
1.61893
1.61199
1.60646
1.60279
1.6009
1.60082
1.6017
1.60316
1.60541
1.60869
1.61277
1.61719
1.62198
1.62691
1.63216
1.63754
1.64318
1.64891
1.65476
1.66066
1.66654
1.67242
1.67816
1.68381
1.68927
1.69447
1.69945
1.70392
1.70805
1.71131
1.71387
1.71533
1.71605
1.71556
1.71403
1.71102
1.70572
1.69706
1.68586
1.67252
1.6589
1.64537
1.63371
1.62407
1.61733
1.61296
1.61099
1.60962
1.61087
0.573
0.692009
0.782175
0.844791
0.88956
0.923462
0.951316
0.975686
0.997955
1.01885
1.03876
1.05787
1.07633
1.09436
1.11222
1.13008
1.14813
1.16639
1.18496
1.20379
1.22297
1.24248
1.2621
1.28205
1.30202
1.32233
1.3425
1.36287
1.38299
1.40311
1.4229
1.4425
1.4617
1.48054
1.49887
1.51663
1.53375
1.55015
1.56573
1.58035
1.59396
1.60626
1.61714
1.62668
1.63512
1.642
1.64657
1.64843
1.64845
1.64718
1.64434
1.63897
1.63215
1.62485
1.61881
1.61416
1.61164
1.61118
1.61203
1.61336
1.61559
1.61888
1.62317
1.6279
1.63298
1.63828
1.64381
1.64944
1.65533
1.66121
1.6673
1.67328
1.67935
1.68521
1.69098
1.69638
1.70154
1.70613
1.71023
1.71351
1.71577
1.71712
1.71745
1.71682
1.71508
1.71135
1.70427
1.69461
1.68222
1.66901
1.65508
1.64245
1.63133
1.62292
1.61687
1.61347
1.61188
1.61163
1.61157
1.61369
0.479308
0.619604
0.710448
0.773655
0.822377
0.862765
0.897714
0.928852
0.957358
0.983693
1.0082
1.03113
1.05276
1.07335
1.09339
1.113
1.13253
1.1519
1.17142
1.19089
1.21059
1.2304
1.25036
1.2703
1.29028
1.31029
1.33031
1.35024
1.37011
1.38975
1.40927
1.42842
1.44736
1.46579
1.48393
1.50144
1.51855
1.53499
1.55084
1.56597
1.58032
1.59371
1.60605
1.61698
1.62677
1.63545
1.64282
1.6479
1.65067
1.65102
1.64984
1.64751
1.6439
1.63782
1.63094
1.62434
1.61918
1.61617
1.61495
1.61556
1.61719
1.61944
1.62256
1.62687
1.63185
1.63732
1.64295
1.64879
1.65478
1.66092
1.66715
1.67337
1.67954
1.68554
1.69133
1.69674
1.70173
1.70602
1.70956
1.71189
1.71326
1.71362
1.71315
1.71088
1.70558
1.69763
1.68666
1.67424
1.66052
1.64732
1.63516
1.62527
1.61777
1.61285
1.61009
1.6092
1.60922
1.60982
1.61027
1.6128
0.419351
0.5502
0.631289
0.691118
0.742007
0.787345
0.828079
0.864971
0.898859
0.930139
0.959137
0.986057
1.0113
1.03511
1.05796
1.08004
1.10165
1.12278
1.14363
1.16417
1.18463
1.20502
1.22555
1.24591
1.26618
1.28642
1.30654
1.3266
1.34638
1.36611
1.38536
1.40455
1.42316
1.44159
1.45946
1.47697
1.49399
1.51058
1.52665
1.54221
1.55714
1.57131
1.5847
1.59694
1.60811
1.618
1.62704
1.63472
1.64061
1.64424
1.64586
1.64545
1.64409
1.64156
1.6366
1.63067
1.62373
1.61856
1.61427
1.61263
1.61277
1.61432
1.61647
1.61967
1.62402
1.62945
1.63515
1.64126
1.64743
1.65381
1.6602
1.66661
1.67291
1.67902
1.6848
1.69007
1.69469
1.69836
1.70086
1.70244
1.70304
1.70236
1.69919
1.69292
1.68417
1.6728
1.66013
1.64686
1.6342
1.62316
1.61434
1.60792
1.60397
1.60186
1.60148
1.60191
1.60264
1.60375
1.60454
1.60708
0.391477
0.502818
0.568829
0.620459
0.668385
0.71346
0.75541
0.794357
0.830616
0.864564
0.896226
0.926
0.953996
0.980638
1.00605
1.03061
1.05424
1.07738
1.09979
1.12204
1.1438
1.16562
1.18709
1.20875
1.22986
1.25081
1.27123
1.29157
1.31131
1.33118
1.35025
1.36957
1.38802
1.40656
1.42445
1.44209
1.45943
1.47625
1.49284
1.50882
1.52437
1.53924
1.55338
1.56682
1.57907
1.59071
1.60088
1.61083
1.61932
1.62636
1.63183
1.63461
1.63619
1.63544
1.63396
1.63073
1.6257
1.61838
1.61276
1.6073
1.60537
1.60428
1.60585
1.60822
1.61122
1.6155
1.62076
1.62698
1.63332
1.63995
1.64647
1.65307
1.65942
1.66555
1.67104
1.67598
1.67977
1.68265
1.68472
1.68544
1.6842
1.68019
1.67346
1.66365
1.65226
1.63937
1.62674
1.61489
1.60492
1.5972
1.5918
1.58848
1.58706
1.58695
1.5876
1.58845
1.5896
1.59129
1.5924
1.59488
0.383735
0.480797
0.533596
0.57473
0.614177
0.653167
0.690971
0.727602
0.76273
0.79643
0.828674
0.859331
0.888907
0.917063
0.944466
0.970829
0.996515
1.02155
1.04593
1.06984
1.09322
1.11612
1.13858
1.16066
1.18234
1.2034
1.22427
1.24471
1.26501
1.28507
1.30478
1.32435
1.34347
1.36228
1.38094
1.39877
1.41695
1.43387
1.45119
1.46741
1.48351
1.49901
1.51391
1.52844
1.54225
1.5556
1.5682
1.58011
1.59165
1.60176
1.61088
1.61744
1.62244
1.62439
1.62424
1.62329
1.62084
1.61563
1.60785
1.60152
1.59504
1.5924
1.59031
1.59161
1.59391
1.59696
1.60114
1.60606
1.61254
1.61844
1.62541
1.63118
1.63779
1.64278
1.6481
1.6517
1.65546
1.65747
1.65818
1.65645
1.65168
1.64467
1.63455
1.62323
1.61072
1.59882
1.58806
1.57941
1.57285
1.56866
1.56611
1.56533
1.56553
1.56643
1.56762
1.5688
1.57068
1.5726
1.574
1.57644
0.384397
0.472858
0.518296
0.551172
0.581814
0.612275
0.642935
0.67393
0.704938
0.735667
0.766075
0.79591
0.825248
0.854047
0.882097
0.909759
0.936419
0.962742
0.988048
1.01282
1.0369
1.06018
1.08327
1.10546
1.12793
1.1496
1.17147
1.19268
1.21395
1.23467
1.25519
1.27528
1.29498
1.3143
1.33325
1.35174
1.37
1.38777
1.4053
1.42266
1.43943
1.4566
1.47282
1.48957
1.50549
1.52137
1.5365
1.55097
1.56449
1.57706
1.58824
1.59738
1.60455
1.60924
1.61105
1.61112
1.60977
1.60751
1.60222
1.59541
1.58787
1.5817
1.57771
1.57552
1.576
1.57787
1.58071
1.58443
1.58854
1.59406
1.59925
1.60517
1.60975
1.61447
1.61789
1.62115
1.62246
1.62257
1.61996
1.61449
1.60706
1.59667
1.58572
1.57373
1.56288
1.55329
1.54588
1.54075
1.53753
1.53608
1.53587
1.53656
1.5382
1.53945
1.54131
1.54298
1.54541
1.5473
1.54897
1.55112
0.386782
0.468942
0.512464
0.541554
0.565694
0.588801
0.612677
0.637462
0.663342
0.689739
0.716828
0.744285
0.771947
0.799703
0.827262
0.854439
0.881232
0.907234
0.932909
0.957638
0.982211
1.00596
1.02963
1.05279
1.07578
1.09856
1.12077
1.14291
1.16429
1.18562
1.2062
1.22672
1.24657
1.2664
1.28568
1.30505
1.32396
1.34312
1.36186
1.38098
1.3996
1.4186
1.43699
1.45537
1.47324
1.4902
1.50696
1.52198
1.53662
1.54961
1.56196
1.57247
1.58189
1.589
1.59465
1.59742
1.59836
1.59783
1.59659
1.59282
1.58641
1.57885
1.57232
1.56667
1.56439
1.56269
1.56387
1.56577
1.56837
1.57195
1.57558
1.57991
1.58329
1.58676
1.58816
1.58904
1.58787
1.58407
1.57735
1.56897
1.55804
1.54698
1.53526
1.52533
1.51666
1.51048
1.50615
1.50386
1.50274
1.5028
1.50356
1.50512
1.5065
1.50777
1.50943
1.51106
1.51304
1.51471
1.51594
1.51747
0.388486
0.464551
0.509785
0.537622
0.558106
0.576818
0.596188
0.616623
0.638281
0.661203
0.68495
0.709788
0.735052
0.760781
0.786648
0.812476
0.838191
0.863691
0.888859
0.913802
0.938264
0.962545
0.986256
1.00981
1.03282
1.05562
1.07788
1.09981
1.12126
1.14242
1.1632
1.18385
1.20426
1.22466
1.24502
1.26536
1.28584
1.30616
1.32664
1.34677
1.36694
1.38649
1.40595
1.42448
1.44289
1.46016
1.47728
1.49324
1.50873
1.52348
1.53712
1.5506
1.56204
1.57295
1.58118
1.58821
1.59173
1.59309
1.59267
1.59124
1.58789
1.58071
1.57274
1.56465
1.55872
1.55474
1.55272
1.55247
1.55339
1.55501
1.55696
1.55919
1.56034
1.56131
1.56047
1.55793
1.55291
1.54543
1.53558
1.52417
1.5124
1.50069
1.4908
1.48222
1.47633
1.47182
1.46934
1.4678
1.46725
1.46733
1.46803
1.46874
1.46954
1.47055
1.47187
1.47338
1.47507
1.47663
1.47769
1.47915
0.389808
0.460236
0.507354
0.535031
0.553634
0.570207
0.587518
0.606033
0.625753
0.646802
0.668776
0.691643
0.715094
0.738955
0.763168
0.787507
0.812052
0.836557
0.861077
0.885403
0.909487
0.933254
0.956652
0.979581
1.00221
1.02431
1.04619
1.06757
1.0888
1.10979
1.13077
1.15173
1.1728
1.19393
1.21516
1.2364
1.25759
1.27869
1.29953
1.32019
1.34041
1.36038
1.37984
1.39907
1.41776
1.43629
1.45421
1.47187
1.48883
1.50524
1.5208
1.53555
1.54915
1.56139
1.57206
1.58062
1.58719
1.59081
1.59212
1.59139
1.59023
1.5871
1.58013
1.5715
1.56328
1.55616
1.55106
1.54759
1.54563
1.54456
1.54369
1.5427
1.541
1.53827
1.53394
1.52699
1.51812
1.50659
1.49427
1.48106
1.46898
1.45788
1.44924
1.44223
1.43748
1.434
1.43197
1.43064
1.43001
1.43016
1.4306
1.43099
1.43168
1.43265
1.43399
1.43545
1.43702
1.43854
1.43955
1.44077
0.391115
0.456331
0.50453
0.532068
0.549564
0.565159
0.581938
0.600205
0.619992
0.640801
0.662403
0.684466
0.707074
0.729928
0.753135
0.776498
0.799992
0.823566
0.847075
0.870524
0.893755
0.916711
0.939343
0.96155
0.9834
1.00486
1.02609
1.04711
1.06805
1.08908
1.11015
1.13148
1.15285
1.17445
1.19598
1.2176
1.23896
1.26028
1.28124
1.30207
1.32257
1.34291
1.36296
1.38283
1.40236
1.42162
1.44048
1.45893
1.4768
1.49411
1.51046
1.52624
1.54057
1.55427
1.56602
1.57668
1.58512
1.59174
1.59538
1.59675
1.59622
1.59527
1.59197
1.58484
1.57585
1.56654
1.55792
1.55072
1.54451
1.53966
1.53488
1.52974
1.52395
1.51651
1.50729
1.49566
1.48262
1.46825
1.45422
1.44072
1.42924
1.41971
1.41224
1.40691
1.4029
1.40038
1.39845
1.39761
1.39701
1.39721
1.39749
1.39789
1.39848
1.39925
1.40054
1.40186
1.40337
1.40466
1.40559
1.40682
0.392424
0.453009
0.501388
0.528334
0.544947
0.56013
0.57707
0.596165
0.616933
0.638463
0.660375
0.682585
0.704887
0.727464
0.750107
0.772967
0.795732
0.818561
0.841231
0.863845
0.886214
0.908409
0.930164
0.951745
0.972794
0.993874
1.01456
1.03551
1.05632
1.0775
1.09874
1.12027
1.14187
1.16362
1.18529
1.207
1.22851
1.24995
1.27118
1.29222
1.31311
1.33373
1.35422
1.37441
1.39439
1.41402
1.43336
1.45215
1.47057
1.48818
1.50526
1.52126
1.53665
1.55063
1.56389
1.57534
1.58576
1.59404
1.60052
1.60407
1.60532
1.60498
1.60371
1.59984
1.59215
1.58199
1.57081
1.55976
1.54928
1.53926
1.52954
1.51938
1.50833
1.49572
1.48168
1.46621
1.45039
1.43477
1.42067
1.40835
1.39848
1.39058
1.3847
1.3805
1.37716
1.37524
1.37355
1.37277
1.37221
1.37233
1.37243
1.37254
1.37289
1.37369
1.37485
1.3759
1.37725
1.37852
1.37955
1.38106
0.393256
0.449916
0.49793
0.523946
0.539878
0.554804
0.572338
0.592787
0.614801
0.63727
0.659748
0.682278
0.704635
0.727215
0.749652
0.772186
0.794475
0.816756
0.838772
0.860767
0.882434
0.90398
0.925064
0.946034
0.966601
0.987323
1.00786
1.02882
1.04979
1.07117
1.0927
1.11438
1.13628
1.15805
1.18003
1.20168
1.22354
1.24493
1.26654
1.28759
1.30885
1.32952
1.35035
1.37063
1.39089
1.41069
1.43024
1.44925
1.4679
1.48571
1.50317
1.51936
1.53531
1.54958
1.56364
1.57572
1.58743
1.59682
1.60536
1.61121
1.61448
1.61531
1.61509
1.61321
1.60821
1.59923
1.58704
1.57298
1.55829
1.54319
1.52784
1.51204
1.49541
1.47787
1.4598
1.44187
1.42505
1.40986
1.39708
1.38653
1.37842
1.37196
1.36733
1.36372
1.36093
1.3592
1.35759
1.35679
1.35619
1.35613
1.35601
1.35593
1.35622
1.3569
1.35779
1.35864
1.35989
1.36119
1.36219
1.3638
0.393817
0.447342
0.494308
0.519431
0.53475
0.54959
0.56808
0.590012
0.613102
0.636326
0.659403
0.682256
0.704813
0.727434
0.749847
0.772154
0.794136
0.81593
0.83748
0.858922
0.880081
0.90101
0.921615
0.942011
0.962334
0.982755
1.0034
1.0244
1.04569
1.06729
1.08915
1.11103
1.13318
1.15506
1.17723
1.19896
1.22102
1.2425
1.26431
1.28549
1.3069
1.32774
1.34866
1.36909
1.38943
1.40938
1.42896
1.44825
1.46676
1.48507
1.50215
1.51916
1.53456
1.54991
1.56351
1.57696
1.5885
1.59976
1.60877
1.61684
1.62229
1.62452
1.62482
1.62415
1.62133
1.61457
1.60282
1.58736
1.56939
1.54957
1.52866
1.50702
1.48511
1.46349
1.44278
1.42388
1.40741
1.39358
1.38252
1.37372
1.36705
1.36166
1.35783
1.35457
1.35218
1.35043
1.34894
1.34805
1.34745
1.34721
1.34695
1.34675
1.34695
1.34751
1.34825
1.34896
1.35009
1.35133
1.35226
1.35385
0.394393
0.445661
0.491367
0.515781
0.530532
0.54541
0.564809
0.587977
0.611908
0.635736
0.659303
0.682383
0.705151
0.72769
0.750098
0.772192
0.793996
0.815384
0.836597
0.857604
0.878442
0.898936
0.91925
0.939197
0.959404
0.979512
1.00035
1.02128
1.04295
1.06468
1.08686
1.10897
1.13123
1.15337
1.17552
1.19752
1.21951
1.24128
1.26303
1.28451
1.30583
1.32697
1.34778
1.36846
1.38875
1.40881
1.42844
1.44772
1.46636
1.48461
1.50187
1.51888
1.5344
1.55002
1.56366
1.57771
1.58941
1.60158
1.61107
1.62049
1.62704
1.63122
1.632
1.632
1.63017
1.62497
1.6146
1.59893
1.57909
1.55577
1.5302
1.50358
1.47735
1.45281
1.43084
1.41209
1.39671
1.38439
1.37482
1.36732
1.36161
1.35692
1.35355
1.35054
1.34838
1.3466
1.34521
1.34421
1.34361
1.34318
1.34283
1.34253
1.34263
1.34309
1.34373
1.34434
1.34539
1.34658
1.34748
1.34905
0.394577
0.444394
0.489497
0.513412
0.527771
0.542719
0.562673
0.586704
0.61125
0.635548
0.659432
0.682672
0.705572
0.728023
0.750349
0.772277
0.793934
0.815057
0.836022
0.856761
0.8774
0.897693
0.917839
0.937591
0.957687
0.977663
0.998542
1.01947
1.04133
1.06317
1.08555
1.10782
1.13021
1.1525
1.1747
1.19685
1.21885
1.24078
1.26252
1.28414
1.30545
1.32671
1.34748
1.36827
1.38851
1.40864
1.42827
1.44753
1.46627
1.48442
1.50187
1.51873
1.53453
1.55
1.56402
1.57795
1.59014
1.60236
1.61237
1.62229
1.62934
1.63472
1.63598
1.63616
1.63471
1.63026
1.62076
1.60536
1.58471
1.55944
1.53105
1.50143
1.47272
1.44671
1.42438
1.4061
1.3916
1.38025
1.37153
1.3647
1.35948
1.35514
1.352
1.3491
1.34704
1.34525
1.34391
1.34285
1.34226
1.34175
1.34133
1.341
1.34105
1.34148
1.34208
1.34266
1.34367
1.34484
1.34573
1.34728
)
;

boundaryField
{
    inlet
    {
        type            calculated;
        value           uniform 3.00001;
    }
    outlet
    {
        type            calculated;
        value           nonuniform List<scalar> 
40
(
0.980027
1.07786
1.17256
1.25564
1.33298
1.39284
1.44372
1.49015
1.52641
1.55162
1.57859
1.59541
1.61173
1.62302
1.63235
1.63845
1.64004
1.6354
1.62631
1.61629
1.60802
1.60376
1.60375
1.60674
1.61087
1.61369
1.6128
1.60708
1.59488
1.57644
1.55112
1.51747
1.47915
1.44077
1.40682
1.38106
1.3638
1.35385
1.34905
1.34728
)
;
    }
    bottom
    {
        type            symmetryPlane;
    }
    top
    {
        type            symmetryPlane;
    }
    obstacle
    {
        type            calculated;
        value           uniform 0;
    }
    defaultFaces
    {
        type            empty;
    }
}


// ************************************************************************* //
