/*--------------------------------*- C++ -*----------------------------------*\
  =========                 |
  \\      /  F ield         | OpenFOAM: The Open Source CFD Toolbox
   \\    /   O peration     | Website:  https://openfoam.org
    \\  /    A nd           | Version:  10
     \\/     M anipulation  |
\*---------------------------------------------------------------------------*/
FoamFile
{
    format      ascii;
    class       volScalarField;
    location    "8.5";
    object      rho;
}
// * * * * * * * * * * * * * * * * * * * * * * * * * * * * * * * * * * * * * //

dimensions      [1 -3 0 0 0 0 0];

internalField   nonuniform List<scalar> 
5250
(
1.40001
1.40003
1.40008
1.40018
1.40053
1.40112
1.4032
1.4069
1.41888
1.44197
1.50484
1.63026
1.90667
2.58882
5.24839
5.74397
5.68621
5.66472
5.68631
5.76624
5.8506
5.90307
5.94435
5.97554
6.00236
1.40001
1.40003
1.40007
1.4002
1.40047
1.40122
1.40294
1.40727
1.41783
1.44302
1.50154
1.63072
1.90008
2.5746
5.20862
5.74279
5.68509
5.66189
5.68365
5.76382
5.84821
5.901
5.94318
5.97523
6.00312
1.40001
1.40003
1.40007
1.4002
1.40045
1.40127
1.40266
1.40766
1.4162
1.44411
1.49668
1.62839
1.88851
2.54398
5.12044
5.74062
5.68163
5.65252
5.67369
5.75224
5.83609
5.88771
5.92993
5.96138
5.98926
1.40001
1.40003
1.40007
1.40019
1.40045
1.40115
1.40277
1.40685
1.4168
1.44059
1.49595
1.61875
1.87559
2.49592
4.98148
5.74024
5.67731
5.63651
5.65565
5.73212
5.8125
5.86516
5.90485
5.93714
5.96546
1.40001
1.40003
1.40006
1.40019
1.4004
1.40116
1.40243
1.407
1.41486
1.44053
1.48876
1.61158
1.85339
2.43576
4.78749
5.74466
5.67348
5.61471
5.63173
5.70301
5.78195
5.82923
5.86908
5.89849
5.92933
1.40001
1.40003
1.40006
1.40018
1.40038
1.40108
1.40228
1.40653
1.4139
1.4379
1.48324
1.59903
1.82784
2.36193
4.53291
5.75594
5.67182
5.58765
5.60138
5.66609
5.7415
5.78547
5.82031
5.84969
5.88018
1.40001
1.40002
1.40006
1.40016
1.40036
1.40096
1.40214
1.40591
1.41287
1.43456
1.47689
1.58344
1.79717
2.27745
4.21252
5.77929
5.675
5.55584
5.5648
5.62
5.68897
5.72623
5.75521
5.77705
5.80924
1.40001
1.40002
1.40006
1.40013
1.40035
1.40077
1.40218
1.40462
1.41306
1.42819
1.47329
1.56164
1.76475
2.18439
3.8285
5.81322
5.68554
5.52326
5.52547
5.56776
5.62621
5.6529
5.6702
5.68058
5.70681
1.40001
1.40002
1.40005
1.40012
1.40031
1.4007
1.40182
1.40433
1.4108
1.42602
1.46286
1.54484
1.72399
2.0936
3.39337
5.83337
5.69721
5.4934
5.48456
5.50869
5.55159
5.56038
5.55764
5.54235
5.54651
1.40001
1.40002
1.40004
1.4001
1.40026
1.40063
1.40154
1.40387
1.40914
1.42308
1.45394
1.52776
1.68474
2.01107
2.98477
5.77392
5.68053
5.46951
5.43956
5.44381
5.4633
5.45159
5.41916
5.34953
5.29313
1.40001
1.40001
1.40004
1.40009
1.40024
1.40052
1.40145
1.40308
1.40874
1.4187
1.44982
1.51013
1.65554
1.94504
2.73756
5.50795
5.55326
5.4523
5.37937
5.36945
5.35872
5.32494
5.23429
5.0223
4.42577
1.40001
1.40001
1.40003
1.40009
1.40019
1.40051
1.40113
1.40298
1.40694
1.41757
1.44151
1.49952
1.62337
1.88822
2.53129
5.04129
5.45313
5.40333
5.3121
5.2882
5.25483
5.18631
5.04064
4.74701
4.11471
1.40001
1.40001
1.40003
1.40008
1.40016
1.40045
1.40093
1.40269
1.4056
1.4159
1.43422
1.48827
1.59265
1.83074
2.35293
4.50081
5.39686
5.36081
5.25501
5.2005
5.15098
5.0551
4.86724
4.56162
4.08082
1.40001
1.40001
1.40003
1.40006
1.40015
1.40032
1.40092
1.40191
1.40549
1.41159
1.43193
1.4697
1.56945
1.76475
2.19588
3.89189
5.38115
5.33882
5.2133
5.12188
5.04833
4.93467
4.74492
4.46387
4.08759
1.40001
1.40001
1.40002
1.40005
1.40012
1.40027
1.40074
1.40155
1.40449
1.40928
1.42621
1.45629
1.53994
1.70225
2.05084
3.21696
5.34474
5.31772
5.19894
5.05811
4.96019
4.83616
4.65243
4.40336
4.09102
1.40001
1.40001
1.40002
1.40004
1.40009
1.40025
1.40051
1.40146
1.40304
1.40862
1.41843
1.44916
1.50772
1.65153
1.93102
2.68754
5.13723
5.26344
5.18274
5.01015
4.88912
4.76099
4.5834
4.35696
4.08539
1.40001
1.40001
1.40002
1.40003
1.40008
1.40017
1.40048
1.401
1.40281
1.40606
1.41653
1.43662
1.49199
1.60214
1.84734
2.40111
4.57904
5.1605
5.1147
4.97542
4.83002
4.6983
4.52999
4.32111
4.07845
1.40001
1.40001
1.40001
1.40003
1.40006
1.40014
1.40037
1.40079
1.40224
1.4047
1.41326
1.42848
1.47424
1.562
1.76626
2.18003
3.84089
5.08606
5.06094
4.95894
4.78614
4.6438
4.4849
4.29282
4.07271
1.40001
1.40001
1.40001
1.40002
1.40005
1.4001
1.40029
1.40062
1.40165
1.40376
1.40968
1.42249
1.4559
1.5265
1.68711
1.99954
3.02273
4.98899
5.03288
4.95903
4.77975
4.60838
4.44896
4.27128
4.07091
1.40001
1.40001
1.40001
1.40002
1.40004
1.40009
1.40019
1.40052
1.40112
1.40306
1.4068
1.41788
1.44044
1.49935
1.61909
1.87321
2.48849
4.64786
4.9898
4.93139
4.77897
4.5884
4.42428
4.25557
4.07094
1.40001
1.40001
1.40001
1.40002
1.40003
1.40007
1.40014
1.4004
1.40083
1.40235
1.40495
1.41377
1.42983
1.47687
1.56768
1.77652
2.20155
3.89374
4.89719
4.87289
4.77998
4.58097
4.41031
4.24911
4.07557
1.40001
1.40001
1.40001
1.40001
1.40002
1.40005
1.40012
1.40027
1.40065
1.40163
1.40377
1.40977
1.42226
1.45589
1.526
1.68469
1.98923
3.01528
4.7582
4.84132
4.77609
4.6099
4.41536
4.2494
4.08787
1.40001
1.40001
1.40001
1.40001
1.40002
1.40004
1.40008
1.40019
1.40048
1.4011
1.40289
1.40646
1.41704
1.43821
1.49396
1.60791
1.84422
2.40439
4.3572
4.80283
4.75838
4.63471
4.44141
4.26388
4.10343
1.40001
1.40001
1.40001
1.40001
1.40001
1.40003
1.40006
1.40015
1.40031
1.40088
1.40181
1.4052
1.4108
1.42993
1.46428
1.55754
1.73482
2.11167
3.55092
4.71947
4.70734
4.64248
4.47875
4.29287
4.12949
1.40001
1.40001
1.40001
1.40001
1.40001
1.40002
1.40004
1.4001
1.40024
1.40053
1.40145
1.40306
1.40856
1.41812
1.44825
1.50456
1.64336
1.88807
2.57516
4.50167
4.71249
4.65825
4.52717
4.32858
4.16131
1.40001
1.40001
1.40001
1.40001
1.40001
1.40002
1.40003
1.40007
1.40017
1.40037
1.40101
1.40212
1.40598
1.41254
1.43419
1.47381
1.57774
1.77377
2.21083
3.87062
4.64969
4.63254
4.55793
4.38251
4.20482
1.40001
1.40001
1.40001
1.40001
1.40001
1.40001
1.40002
1.40005
1.40011
1.40027
1.40065
1.40152
1.40392
1.40884
1.42295
1.45164
1.52395
1.67076
1.95721
2.91264
4.46288
4.61839
4.57325
4.45325
4.27394
1.40001
1.40001
1.40001
1.40001
1.40001
1.40001
1.40002
1.40004
1.40007
1.40019
1.40041
1.4011
1.40242
1.40638
1.41437
1.43655
1.48217
1.59133
1.79701
2.27956
3.9719
4.57136
4.55692
4.50484
4.37389
1.40001
1.40001
1.40001
1.40001
1.40001
1.40001
1.40001
1.40003
1.40005
1.40013
1.40027
1.40075
1.40157
1.40435
1.40934
1.42493
1.45485
1.53315
1.68508
1.98884
3.05461
4.40353
4.56788
4.54387
4.48082
1.40001
1.40001
1.40001
1.40001
1.40001
1.40001
1.40001
1.40002
1.40004
1.40008
1.4002
1.40044
1.40114
1.40259
1.40656
1.41531
1.43748
1.48623
1.5967
1.8038
2.30711
3.97858
4.54826
4.61289
4.60811
1.40001
1.40001
1.40001
1.40001
1.40001
1.40001
1.40001
1.40001
1.40003
1.40005
1.40013
1.40029
1.40076
1.40161
1.40451
1.40938
1.42592
1.4552
1.53636
1.68761
1.99592
3.06613
4.39782
4.72271
4.80736
1.40001
1.40001
1.40001
1.40001
1.40001
1.40001
1.40001
1.40001
1.40002
1.40004
1.40009
1.40018
1.4005
1.40104
1.4029
1.40612
1.41673
1.43598
1.49084
1.59574
1.81307
2.32374
3.99464
4.81844
5.12998
1.40001
1.40001
1.40001
1.40001
1.40001
1.40001
1.40001
1.40001
1.40001
1.40003
1.40005
1.40014
1.40029
1.40078
1.40172
1.40448
1.4103
1.42563
1.45942
1.5388
1.70142
2.02487
3.10179
4.74642
5.58303
1.40001
1.40001
1.40001
1.40001
1.40001
1.40001
1.40001
1.40001
1.40001
1.40002
1.40004
1.4001
1.40021
1.40052
1.40127
1.40299
1.40755
1.41742
1.44334
1.49897
1.62611
1.87837
2.5127
4.48495
6.09216
1.40001
1.40001
1.40001
1.40001
1.40001
1.40001
1.40001
1.40001
1.40001
1.40002
1.40003
1.40008
1.40015
1.40043
1.40089
1.40249
1.40533
1.41456
1.43213
1.48173
1.58037
1.8063
2.31168
4.01827
6.42409
1.40001
1.40001
1.40001
1.40001
1.40001
1.40001
1.40001
1.40001
1.40001
1.40001
1.40003
1.40006
1.40013
1.40035
1.40073
1.40208
1.40443
1.41231
1.42696
1.47017
1.55529
1.75636
2.18968
3.58092
6.56418
1.40001
1.40001
1.40001
1.40001
1.40001
1.40001
1.40001
1.40001
1.40001
1.40001
1.40002
1.40006
1.40011
1.40032
1.40066
1.4019
1.40398
1.41133
1.42453
1.46471
1.54349
1.73068
2.11728
3.39089
6.51324
1.40001
1.40001
1.40001
1.40001
1.40001
1.40001
1.40001
1.40001
1.40001
1.40001
1.40002
1.40005
1.40012
1.40025
1.40072
1.40157
1.40426
1.4097
1.42537
1.45848
1.54155
1.71323
2.082
3.2822
6.41191
1.40001
1.40001
1.40001
1.40001
1.40001
1.40001
1.40001
1.40001
1.40001
1.40001
1.40002
1.40005
1.4001
1.40028
1.40063
1.40162
1.40392
1.40971
1.4239
1.45779
1.53538
1.70623
2.05763
3.20761
6.31405
1.40001
1.40001
1.40001
1.40001
1.40001
1.40001
1.40001
1.40001
1.40001
1.40001
1.40002
1.40005
1.40011
1.40026
1.40061
1.40162
1.40364
1.40992
1.42218
1.45789
1.53021
1.6999
2.03786
3.14138
6.22845
1.40001
1.40001
1.40001
1.40001
1.40001
1.40001
1.40001
1.40001
1.40001
1.40001
1.40002
1.40005
1.4001
1.40027
1.40057
1.40162
1.4035
1.40974
1.42159
1.45668
1.52665
1.69381
2.02086
3.07874
6.14595
1.40001
1.40001
1.40001
1.40001
1.40001
1.40001
1.40001
1.40001
1.40001
1.40001
1.40002
1.40005
1.4001
1.40026
1.40055
1.4016
1.40338
1.40966
1.42086
1.45576
1.52353
1.68777
2.00502
3.0208
6.06727
1.40001
1.40001
1.40001
1.40001
1.40001
1.40001
1.40001
1.40001
1.40001
1.40001
1.40002
1.40004
1.40011
1.40022
1.40064
1.40134
1.40385
1.40824
1.42297
1.45047
1.52656
1.67708
1.99356
2.96749
5.9903
1.40001
1.40001
1.40001
1.40001
1.40001
1.40001
1.40001
1.40001
1.40001
1.40001
1.40002
1.40004
1.4001
1.40024
1.40057
1.4015
1.40337
1.40916
1.42048
1.45311
1.51994
1.67612
1.97925
2.92183
5.91785
1.40001
1.40001
1.40001
1.40001
1.40001
1.40001
1.40001
1.40001
1.40001
1.40001
1.40002
1.40004
1.4001
1.40023
1.40059
1.40142
1.40345
1.40874
1.42073
1.45133
1.51936
1.67047
1.97144
2.88156
5.85342
1.40001
1.40001
1.40001
1.40001
1.40001
1.40001
1.40001
1.40001
1.40001
1.40001
1.40002
1.40004
1.4001
1.40022
1.40059
1.40139
1.40344
1.40856
1.42056
1.45047
1.51787
1.66643
1.9682
2.84653
5.79915
1.40001
1.40001
1.40001
1.40001
1.40001
1.40001
1.40001
1.40001
1.40001
1.40001
1.40002
1.40004
1.40009
1.40025
1.40053
1.4015
1.40316
1.40899
1.4193
1.45164
1.51402
1.66548
1.96747
2.81739
5.75646
1.40001
1.40001
1.40001
1.40001
1.40001
1.40001
1.40001
1.40001
1.40001
1.40001
1.40002
1.40004
1.4001
1.40022
1.40061
1.40127
1.40368
1.40762
1.42177
1.44679
1.51848
1.65793
1.97305
2.79428
5.72659
1.40001
1.40001
1.40001
1.40001
1.40001
1.40001
1.40001
1.40001
1.40001
1.40001
1.40002
1.40004
1.4001
1.40021
1.40061
1.40126
1.40364
1.40764
1.42148
1.44669
1.51759
1.65621
1.97431
2.78027
5.70849
1.40001
1.40001
1.40001
1.40001
1.40001
1.40001
1.40001
1.40001
1.40001
1.40001
1.40002
1.40004
1.4001
1.40021
1.4006
1.40126
1.40359
1.40773
1.42115
1.44705
1.5167
1.65596
1.97237
2.77337
5.70098
2.25211
1.83163
2.15118
2.00297
1.88322
1.8638
1.84851
1.814
1.77499
1.74154
1.7141
1.68468
1.65146
1.62972
1.6223
1.62029
1.62194
1.63831
1.66683
1.70493
1.74903
1.79574
1.84314
1.8885
1.93203
1.97321
2.01216
2.04841
2.08415
2.11663
2.14829
2.17971
2.20898
2.23617
2.26084
2.28381
2.30504
2.32267
2.33948
2.35467
2.36909
2.37904
2.38911
2.39574
2.40153
2.40499
2.40775
2.4076
2.40655
2.40382
2.40023
2.39525
2.38854
2.38176
2.37285
2.36362
2.35283
2.34144
2.32908
2.3163
2.30214
2.28824
2.27293
2.25805
2.24135
2.22586
2.20806
2.19173
2.17342
2.15606
2.13752
2.11944
2.10058
2.08226
2.06308
2.04471
2.02543
2.00704
1.98785
1.96955
1.95045
1.93243
1.91333
1.89576
1.87662
1.85957
1.84053
1.82384
1.80525
1.78867
1.77085
1.75443
1.73743
1.7215
1.70557
1.69076
1.6764
1.66382
1.65249
1.64545
2.77527
2.39038
2.34739
2.10442
1.89425
1.8462
1.80195
1.73662
1.67874
1.63703
1.60736
1.57871
1.55
1.52543
1.51349
1.50868
1.50826
1.52468
1.55353
1.59489
1.643
1.69426
1.74741
1.79978
1.85001
1.89804
1.94443
1.98905
2.03031
2.07011
2.10693
2.1452
2.18074
2.21455
2.24574
2.27467
2.30105
2.32507
2.34757
2.36882
2.38781
2.40476
2.41883
2.43134
2.44098
2.45089
2.45715
2.46223
2.46405
2.46624
2.46557
2.46412
2.46062
2.45634
2.44984
2.44326
2.43434
2.42542
2.41424
2.40341
2.39003
2.37768
2.36251
2.34865
2.33239
2.31698
2.30003
2.28328
2.26565
2.24793
2.22954
2.21114
2.19214
2.17322
2.15389
2.13457
2.11513
2.0956
2.07614
2.05664
2.03713
2.01786
1.99825
1.97933
1.95971
1.94109
1.92172
1.90326
1.88439
1.866
1.84791
1.82978
1.81257
1.79498
1.77869
1.76215
1.74735
1.73293
1.72102
1.71202
3.274
2.80685
2.56827
2.37261
2.14587
2.00873
1.86869
1.76317
1.67918
1.62892
1.59431
1.54947
1.5104
1.47906
1.46145
1.45261
1.45263
1.47001
1.50029
1.54384
1.59721
1.65522
1.71494
1.77423
1.83149
1.88673
1.93945
1.99161
2.04035
2.08966
2.13558
2.18202
2.22349
2.26563
2.30208
2.33883
2.37054
2.40208
2.42901
2.45596
2.47815
2.49916
2.51595
2.53107
2.54275
2.55318
2.56267
2.56817
2.57118
2.57282
2.57336
2.572
2.56914
2.56442
2.55844
2.55114
2.54232
2.53275
2.52154
2.50968
2.49666
2.48255
2.46816
2.45205
2.43646
2.41876
2.402
2.38312
2.36531
2.34555
2.3269
2.30651
2.28727
2.26649
2.24686
2.2259
2.206
2.18506
2.16493
2.14427
2.1239
2.10367
2.08317
2.06343
2.04298
2.02358
2.00353
1.98453
1.96514
1.94642
1.92769
1.90931
1.8913
1.87357
1.85642
1.83982
1.82408
1.80962
1.79664
1.78754
3.52519
3.06333
2.75866
2.54937
2.3631
2.21554
2.09148
1.94888
1.81639
1.70211
1.63818
1.57984
1.52955
1.4896
1.46694
1.45908
1.46315
1.48197
1.51735
1.5677
1.62786
1.69341
1.76171
1.82852
1.89337
1.95547
2.01558
2.07436
2.13143
2.18688
2.24019
2.29144
2.3401
2.3856
2.42796
2.46695
2.50316
2.53601
2.56655
2.59365
2.61827
2.63947
2.65745
2.67291
2.68419
2.69527
2.70371
2.71011
2.71134
2.71193
2.71052
2.70857
2.70357
2.69841
2.69002
2.68195
2.67082
2.66011
2.64683
2.63381
2.61869
2.60369
2.58688
2.57026
2.55183
2.53388
2.51403
2.49501
2.47403
2.4541
2.43223
2.4115
2.38897
2.36768
2.34479
2.32327
2.30016
2.27866
2.25536
2.23397
2.21053
2.18935
2.16594
2.14504
2.12217
2.10152
2.07924
2.05853
2.03704
2.01647
1.99582
1.97557
1.95585
1.93624
1.91761
1.89909
1.88207
1.86559
1.85147
1.84011
3.65495
3.24883
2.93743
2.70915
2.53326
2.38036
2.26187
2.14037
2.02216
1.90738
1.80106
1.71209
1.63891
1.58568
1.54916
1.53357
1.53712
1.55497
1.59311
1.65112
1.71684
1.78674
1.86059
1.93515
2.00715
2.07686
2.14234
2.20639
2.26639
2.32488
2.37899
2.43093
2.47845
2.52319
2.56354
2.60101
2.63439
2.66527
2.69231
2.71711
2.73846
2.75716
2.77271
2.78549
2.79478
2.80338
2.80974
2.81472
2.81376
2.81218
2.80786
2.80429
2.79723
2.79068
2.78065
2.77102
2.75843
2.74603
2.73141
2.71668
2.70044
2.68389
2.66635
2.64835
2.62969
2.6105
2.59096
2.57072
2.55047
2.52924
2.50842
2.48641
2.46523
2.44272
2.42118
2.39834
2.37638
2.35346
2.3312
2.30841
2.28606
2.26373
2.24162
2.21953
2.19759
2.17565
2.15411
2.13227
2.11128
2.08966
2.06927
2.04804
2.02832
2.00772
1.98886
1.96929
1.95179
1.93417
1.91929
1.90657
3.7355
3.38307
3.09203
2.86024
2.67907
2.52812
2.40396
2.29333
2.18678
2.08912
1.99796
1.91563
1.84702
1.78972
1.75523
1.73642
1.73997
1.75563
1.78738
1.83818
1.89517
1.95572
2.02776
2.10037
2.17453
2.24246
2.30946
2.36918
2.42736
2.47892
2.52892
2.57343
2.616
2.6538
2.68926
2.72047
2.74916
2.77419
2.7969
2.81644
2.83351
2.84774
2.85917
2.86841
2.87407
2.87965
2.88334
2.88613
2.88407
2.88006
2.87387
2.86799
2.86007
2.85173
2.84144
2.83026
2.81774
2.80396
2.78943
2.77336
2.75698
2.73897
2.72093
2.70131
2.68185
2.66098
2.64033
2.61847
2.59687
2.57428
2.55194
2.52889
2.50596
2.48273
2.45937
2.43627
2.41263
2.38989
2.36629
2.34423
2.32067
2.29894
2.27545
2.25397
2.23075
2.20946
2.18673
2.16562
2.14353
2.12266
2.1013
2.08081
2.06027
2.04038
2.02083
2.00193
1.98379
1.96673
1.95116
1.93868
3.78722
3.48452
3.21475
2.99203
2.80881
2.65908
2.53429
2.42703
2.33135
2.24524
2.17211
2.10826
2.05764
2.01427
1.98888
1.97342
1.97434
1.98284
1.99866
2.02379
2.05042
2.08862
2.13992
2.2002
2.26859
2.33782
2.40196
2.46059
2.51311
2.56141
2.60558
2.6468
2.68481
2.72043
2.75318
2.78319
2.8099
2.83389
2.85494
2.87339
2.88907
2.90224
2.91285
2.92156
2.92675
2.93186
2.93539
2.93796
2.93668
2.9325
2.92612
2.9193
2.91103
2.90188
2.89136
2.87964
2.86689
2.85284
2.83817
2.82222
2.80593
2.78836
2.77065
2.75162
2.7326
2.71225
2.69199
2.6705
2.64914
2.62669
2.6044
2.5813
2.55819
2.53477
2.51096
2.48761
2.46373
2.44076
2.41658
2.39384
2.36957
2.34702
2.32288
2.30044
2.27666
2.25429
2.23108
2.20877
2.18627
2.1641
2.1424
2.12054
2.0997
2.07842
2.05858
2.03828
2.01985
2.00138
1.98546
1.97142
3.82191
3.55889
3.31335
3.10007
2.92228
2.77293
2.65009
2.5479
2.46063
2.38956
2.33507
2.29277
2.26298
2.23747
2.22509
2.21476
2.21333
2.21013
2.19901
2.18406
2.18873
2.20517
2.23259
2.27387
2.32807
2.39597
2.46427
2.52662
2.58263
2.63239
2.67677
2.71781
2.75486
2.78984
2.82201
2.85147
2.87766
2.9015
2.922
2.94054
2.9558
2.9693
2.97974
2.98878
2.99363
2.99865
3.00185
3.00436
3.00354
2.99964
2.99352
2.98616
2.97788
2.96815
2.95786
2.94573
2.93322
2.91872
2.90404
2.88739
2.8707
2.85214
2.83365
2.81349
2.79346
2.77192
2.75063
2.72798
2.70558
2.68211
2.65881
2.63484
2.61081
2.58674
2.56263
2.53875
2.51433
2.49062
2.46613
2.44253
2.41819
2.3947
2.37073
2.34734
2.32386
2.30058
2.27768
2.2546
2.23233
2.20958
2.18802
2.16576
2.14501
2.12347
2.1037
2.08323
2.06485
2.04622
2.03023
2.01609
3.84872
3.61629
3.39317
3.19234
3.02014
2.87599
2.75611
2.66043
2.58688
2.53566
2.50795
2.48034
2.47169
2.47762
2.46942
2.45981
2.4517
2.4318
2.38121
2.33799
2.31198
2.31347
2.32762
2.34938
2.3889
2.4393
2.50307
2.5697
2.63138
2.6856
2.73312
2.77493
2.81228
2.84622
2.8772
2.90561
2.93116
2.95408
2.97411
2.99174
3.00597
3.01876
3.02792
3.03597
3.03957
3.0438
3.04578
3.04789
3.04622
3.04233
3.03507
3.02692
3.01678
3.00604
2.99404
2.98118
2.96737
2.95241
2.93675
2.91984
2.90245
2.88384
2.86492
2.84484
2.82458
2.80318
2.7817
2.75916
2.73655
2.71309
2.68952
2.66549
2.64149
2.61745
2.59311
2.56914
2.54447
2.52064
2.49584
2.47221
2.44748
2.4241
2.39965
2.37649
2.35251
2.32957
2.30623
2.28354
2.26095
2.2386
2.21685
2.195
2.17418
2.15307
2.13335
2.1134
2.09515
2.07723
2.06138
2.04822
3.87134
3.66272
3.45939
3.27255
3.10793
2.9707
2.85836
2.77347
2.72367
2.69749
2.68136
2.67776
2.70867
2.72689
2.71376
2.70249
2.67935
2.62628
2.55022
2.48501
2.43986
2.41845
2.42151
2.43303
2.45074
2.48527
2.53042
2.58564
2.64712
2.70497
2.75718
2.80213
2.84189
2.87569
2.90655
2.93292
2.95754
2.97852
2.99755
3.0133
3.0271
3.03837
3.04713
3.05394
3.05781
3.06025
3.06164
3.0621
3.06056
3.05618
3.0497
3.0412
3.03167
3.02066
3.00922
2.99627
2.98306
2.96814
2.95302
2.93616
2.91916
2.90058
2.88192
2.86188
2.84172
2.82041
2.79883
2.77637
2.75347
2.73011
2.70626
2.68267
2.65819
2.63449
2.60945
2.58572
2.56035
2.53667
2.51126
2.48766
2.46247
2.43898
2.41422
2.39082
2.36663
2.34338
2.31986
2.29685
2.27411
2.25147
2.2296
2.20754
2.18667
2.16548
2.14585
2.12603
2.1081
2.0906
2.0752
2.06273
3.89215
3.70323
3.51698
3.34458
3.19055
3.06414
2.96367
2.90152
2.88301
2.86885
2.87344
2.91474
2.96414
2.96742
2.95469
2.93279
2.88274
2.79118
2.70102
2.6262
2.57032
2.53364
2.51588
2.51701
2.52605
2.53942
2.56594
2.60367
2.64825
2.70165
2.75595
2.80754
2.85213
2.89152
2.92384
2.95296
2.97706
2.99926
3.01802
3.03481
3.04897
3.06106
3.07068
3.07867
3.08333
3.08621
3.08801
3.08943
3.08897
3.08595
3.08056
3.0731
3.06404
3.05334
3.0418
3.02877
3.01522
3.00007
2.98458
2.96745
2.95018
2.9313
2.91242
2.89206
2.87172
2.85009
2.82836
2.80561
2.7827
2.75933
2.73569
2.71193
2.68769
2.66366
2.63896
2.61475
2.58982
2.56553
2.5406
2.51631
2.49161
2.46743
2.44314
2.41918
2.3954
2.37176
2.3486
2.32535
2.30292
2.2802
2.25864
2.23662
2.21614
2.19514
2.17605
2.15656
2.1394
2.1225
2.10767
2.09648
3.91525
3.74182
3.5707
3.41406
3.27399
3.16388
3.0845
3.06323
3.05248
3.06022
3.1026
3.17459
3.20451
3.19292
3.17328
3.13035
3.03567
2.93227
2.83887
2.76119
2.69973
2.65396
2.62194
2.60558
2.59835
2.60547
2.61365
2.63009
2.66099
2.69416
2.73819
2.78949
2.83936
2.88416
2.92233
2.95481
2.9815
3.00445
3.02349
3.03977
3.05392
3.06549
3.07543
3.08323
3.08859
3.09121
3.09244
3.09312
3.09226
3.08928
3.08382
3.0764
3.06747
3.05686
3.0453
3.03223
3.01855
3.00337
2.98779
2.9707
2.95338
2.93461
2.9157
2.89546
2.87504
2.8535
2.83162
2.80909
2.78623
2.76314
2.73943
2.71593
2.69152
2.66775
2.64289
2.61897
2.5939
2.5699
2.54483
2.52083
2.49596
2.47208
2.44762
2.424
2.40011
2.37686
2.35368
2.33091
2.30858
2.28643
2.26513
2.24381
2.22384
2.2037
2.18546
2.16722
2.15123
2.13582
2.12218
2.11417
3.94308
3.78085
3.62593
3.48475
3.368
3.27882
3.24677
3.23758
3.24651
3.28779
3.36923
3.42123
3.41174
3.39563
3.35708
3.27294
3.1626
3.05931
2.96941
2.89272
2.82954
2.77638
2.73509
2.70267
2.68161
2.66845
2.66815
2.67293
2.68331
2.70427
2.72866
2.76509
2.81131
2.85848
2.90249
2.94033
2.9725
2.99875
3.02029
3.03862
3.05339
3.06668
3.07696
3.08549
3.09192
3.09569
3.09717
3.09803
3.09812
3.09638
3.09233
3.08608
3.07837
3.06862
3.05786
3.04533
3.03221
3.01743
3.00228
2.98552
2.96854
2.95005
2.93142
2.91142
2.89122
2.86982
2.8483
2.826
2.80339
2.78038
2.75681
2.73323
2.70889
2.68497
2.66015
2.63607
2.61107
2.58694
2.56203
2.53793
2.51328
2.48931
2.46507
2.44134
2.41765
2.39426
2.3713
2.34838
2.32635
2.30411
2.28326
2.26204
2.2427
2.22302
2.20578
2.18846
2.17363
2.15971
2.14801
2.14338
3.97247
3.82689
3.68774
3.57162
3.47871
3.43773
3.42867
3.4381
3.47701
3.5612
3.6221
3.61728
3.60385
3.56828
3.48856
3.38003
3.27457
3.17973
3.09674
3.02222
2.95762
2.89858
2.84927
2.80502
2.77146
2.74348
2.72709
2.71589
2.72049
2.72597
2.73793
2.75774
2.78478
2.82504
2.86805
2.90983
2.94802
2.97966
3.00672
3.02746
3.04558
3.05928
3.07146
3.08052
3.08775
3.09285
3.09489
3.09607
3.09641
3.0954
3.09241
3.08698
3.07995
3.07085
3.06056
3.04841
3.03546
3.02083
3.00574
2.98904
2.97213
2.95367
2.93509
2.915
2.89476
2.87343
2.85196
2.82984
2.8073
2.78456
2.76106
2.7378
2.71357
2.68988
2.66524
2.64124
2.61648
2.59232
2.56768
2.5435
2.51917
2.49514
2.47127
2.44757
2.42429
2.40112
2.37856
2.35611
2.33452
2.31297
2.29274
2.27243
2.25408
2.23571
2.22003
2.2041
2.19137
2.18028
2.17187
2.17129
4.01323
3.8812
3.76702
3.67735
3.63482
3.62555
3.63477
3.67541
3.75696
3.81674
3.81437
3.80113
3.76509
3.68562
3.57968
3.4769
3.38329
3.29809
3.22063
3.14791
3.08132
3.01801
2.96157
2.90895
2.86462
2.82572
2.79614
2.77312
2.76029
2.75458
2.75966
2.76621
2.77879
2.79946
2.83062
2.8696
2.90884
2.9464
2.97862
3.0067
3.02869
3.04696
3.06096
3.07199
3.08037
3.08649
3.0899
3.09114
3.09193
3.09184
3.09038
3.0862
3.08034
3.07228
3.06292
3.05145
3.03911
3.02487
3.01014
2.99368
2.9769
2.95858
2.93994
2.91996
2.8998
2.87875
2.85742
2.83554
2.81314
2.79053
2.76721
2.74402
2.72001
2.69643
2.67199
2.6482
2.62362
2.59974
2.57527
2.55138
2.52722
2.50343
2.47976
2.45623
2.43321
2.41018
2.38804
2.36578
2.34485
2.32372
2.30442
2.28503
2.268
2.25141
2.23698
2.22359
2.21359
2.20644
2.20303
2.2044
4.06696
3.95689
3.87148
3.83445
3.82492
3.83498
3.88446
3.96393
4.02053
4.01277
3.99717
3.95699
3.86943
3.76611
3.66648
3.57518
3.49185
3.41341
3.33898
3.26777
3.19904
3.133
3.07122
3.01273
2.96059
2.91326
2.87316
2.83981
2.81384
2.7962
2.7852
2.78532
2.78942
2.79648
2.80989
2.83509
2.86742
2.90401
2.94051
2.97394
3.00247
3.02646
3.0444
3.05908
3.06928
3.07703
3.0823
3.08428
3.08554
3.08575
3.08517
3.08221
3.07728
3.07006
3.06145
3.05064
3.03884
3.02501
3.01069
2.99451
2.97813
2.95998
2.94167
2.92193
2.90224
2.88136
2.86052
2.83869
2.81672
2.79411
2.7711
2.74794
2.72415
2.70058
2.67639
2.65248
2.62831
2.60413
2.58027
2.55601
2.5326
2.50857
2.48565
2.46216
2.43982
2.41717
2.39562
2.37414
2.35372
2.33397
2.3152
2.29801
2.28204
2.2678
2.25481
2.24592
2.23877
2.2381
2.23729
2.24201
4.142
4.05976
4.03278
4.02409
4.03792
4.10509
4.18401
4.23088
4.22052
4.19949
4.14973
4.04744
3.94417
3.84642
3.75872
3.67711
3.60079
3.52646
3.45366
3.38191
3.31169
3.24335
3.17778
3.11535
3.05726
3.00408
2.95584
2.9147
2.8781
2.84998
2.82703
2.81285
2.80488
2.80766
2.81049
2.81831
2.83266
2.86158
2.89431
2.92917
2.9635
2.99273
3.01829
3.03709
3.05257
3.06241
3.06968
3.07376
3.07503
3.07562
3.07583
3.07424
3.07069
3.06452
3.05725
3.04737
3.03676
3.0236
3.01018
2.99435
2.97862
2.96051
2.94275
2.92313
2.90383
2.88319
2.86245
2.84105
2.819
2.79696
2.77384
2.75122
2.7274
2.70427
2.68015
2.65666
2.63256
2.60891
2.58505
2.56145
2.53802
2.51461
2.49182
2.46877
2.44689
2.4245
2.40379
2.38267
2.36349
2.34448
2.32767
2.31206
2.29811
2.28595
2.27739
2.27255
2.27206
2.27276
2.27672
2.29177
4.25382
4.22577
4.22086
4.23907
4.33002
4.41703
4.4581
4.44413
4.41483
4.34713
4.23499
4.1225
4.02353
3.93575
3.85708
3.78231
3.70973
3.63736
3.56522
3.49266
3.42147
3.35074
3.28277
3.21672
3.15451
3.09624
3.04201
2.99406
2.94939
2.91298
2.87959
2.85506
2.83511
2.82461
2.82029
2.8216
2.82469
2.83404
2.85179
2.88208
2.91393
2.9478
2.97792
3.00475
3.02496
3.04106
3.05147
3.05866
3.06231
3.06306
3.06409
3.06324
3.06147
3.05635
3.05024
3.04129
3.03156
3.01929
3.0065
2.99152
2.97606
2.95879
2.94123
2.92241
2.90324
2.88327
2.86268
2.84171
2.81992
2.7981
2.77541
2.75288
2.7296
2.70656
2.68287
2.65958
2.63568
2.61243
2.58853
2.56563
2.54197
2.51961
2.49656
2.47483
2.45284
2.43198
2.41155
2.39211
2.374
2.35704
2.34248
2.32872
2.31764
2.30952
2.30701
2.30671
2.30825
2.31245
2.32524
2.36045
4.43179
4.42246
4.44665
4.55952
4.66421
4.70056
4.68156
4.64314
4.5557
4.42971
4.30896
4.20339
4.11349
4.03424
3.96027
3.8891
3.81752
3.74594
3.6728
3.60002
3.52682
3.4551
3.38452
3.31636
3.25102
3.18905
3.13099
3.07716
3.02737
2.98285
2.94258
2.90837
2.87879
2.85614
2.83927
2.83338
2.82607
2.82973
2.83424
2.84489
2.86594
2.89508
2.92802
2.95866
2.98672
3.00849
3.02597
3.03704
3.04447
3.04723
3.04858
3.04851
3.04813
3.04435
3.0396
3.03174
3.0234
3.01205
3.00042
2.98599
2.97144
2.95452
2.93779
2.91918
2.9008
2.88094
2.86116
2.8402
2.81925
2.79732
2.77551
2.75283
2.73045
2.70724
2.68452
2.66104
2.63815
2.61476
2.59185
2.56892
2.54621
2.52403
2.50187
2.4807
2.45955
2.43981
2.42037
2.40281
2.38622
2.37231
2.35906
2.34904
2.34172
2.34085
2.34109
2.34306
2.35161
2.36925
2.39008
2.44153
4.62482
4.68882
4.81749
4.92432
4.95856
4.93716
4.88881
4.78008
4.63928
4.50635
4.39258
4.29674
4.21343
4.13873
4.06658
3.99586
3.92403
3.85189
3.77813
3.70467
3.63067
3.55772
3.48572
3.41576
3.34807
3.28315
3.22117
3.16302
3.10849
3.05808
3.0119
2.96951
2.93266
2.8998
2.87375
2.85274
2.84138
2.83248
2.82779
2.83111
2.8378
2.85037
2.87581
2.90427
2.93451
2.96277
2.98652
3.00487
3.01773
3.0256
3.02871
3.02961
3.02992
3.02868
3.02514
3.01894
3.01137
3.00159
2.9906
2.97761
2.96344
2.94793
2.93142
2.91406
2.89588
2.87702
2.85756
2.83737
2.81681
2.79556
2.77413
2.75208
2.73012
2.70742
2.68523
2.66209
2.6399
2.61666
2.59465
2.57176
2.5501
2.52802
2.50711
2.48626
2.46674
2.44781
2.43061
2.41491
2.40157
2.38949
2.38013
2.37547
2.37485
2.37546
2.38014
2.38999
2.41314
2.44442
2.47184
2.52808
4.92941
5.09314
5.21905
5.24387
5.21671
5.15354
5.01805
4.86084
4.71703
4.59367
4.49027
4.40188
4.32255
4.24853
4.17599
4.10373
4.0307
3.95698
3.88265
3.80772
3.73288
3.65872
3.58557
3.51394
3.4441
3.37702
3.31226
3.2511
3.19254
3.13757
3.08616
3.03772
2.99442
2.9537
2.91956
2.88865
2.86525
2.84812
2.83625
2.82536
2.82573
2.82849
2.83634
2.85136
2.87679
2.90513
2.93273
2.95807
2.97815
2.99301
3.00195
3.00621
3.0068
3.00708
3.00544
3.00116
2.99456
2.98624
2.97616
2.96463
2.9515
2.93742
2.92191
2.90581
2.88831
2.87056
2.85139
2.8324
2.81184
2.79192
2.77027
2.74965
2.72738
2.70613
2.6837
2.66193
2.63968
2.61772
2.59589
2.5742
2.55308
2.53218
2.51226
2.49284
2.47492
2.45805
2.44357
2.43089
2.42014
2.41152
2.40949
2.40891
2.41086
2.41642
2.43298
2.45809
2.49091
2.52977
2.56033
2.61216
5.38159
5.54548
5.56282
5.5324
5.45067
5.27494
5.09718
4.94033
4.80842
4.69802
4.6029
4.51813
4.43908
4.36257
4.28722
4.21211
4.1369
4.06131
3.98556
3.90937
3.83363
3.75832
3.68401
3.61107
3.53965
3.47077
3.40373
3.33972
3.27803
3.21918
3.16335
3.1104
3.06095
3.01486
2.97256
2.93472
2.90107
2.87344
2.85197
2.83557
2.82224
2.81259
2.81461
2.81877
2.82757
2.84536
2.87001
2.8971
2.92285
2.94442
2.96087
2.97134
2.97661
2.97736
2.97771
2.97623
2.97245
2.96546
2.95696
2.9463
2.93504
2.9218
2.90809
2.89258
2.87672
2.85938
2.84174
2.82299
2.80387
2.78412
2.7638
2.74345
2.72232
2.70169
2.68017
2.65944
2.6379
2.61727
2.59608
2.57591
2.55558
2.53638
2.5177
2.50033
2.48445
2.47087
2.45918
2.4498
2.44322
2.44213
2.44267
2.44576
2.45566
2.47664
2.50627
2.54106
2.57917
2.61818
2.64581
2.68719
5.89875
5.9067
5.86751
5.75653
5.54164
5.3396
5.17001
5.02991
4.91368
4.81269
4.72239
4.63795
4.55693
4.47812
4.39937
4.32188
4.24344
4.16626
4.08816
4.01106
3.9338
3.85745
3.78207
3.70796
3.63561
3.56493
3.49617
3.42943
3.36466
3.30239
3.24271
3.18542
3.13132
3.07947
3.03162
2.98644
2.94598
2.90908
2.87754
2.85141
2.8315
2.81276
2.7988
2.79424
2.79551
2.80018
2.80946
2.83031
2.85405
2.87919
2.90205
2.92031
2.93295
2.94049
2.94166
2.94213
2.94108
2.93781
2.93058
2.92149
2.91129
2.89967
2.88734
2.87333
2.85901
2.8427
2.82674
2.80857
2.79129
2.77187
2.75344
2.73334
2.71397
2.69353
2.67365
2.65319
2.63327
2.61325
2.59375
2.57469
2.55628
2.53882
2.52259
2.50788
2.49595
2.48563
2.47734
2.47421
2.47372
2.47451
2.48135
2.49559
2.52164
2.55396
2.59215
2.63094
2.66746
2.70058
2.71997
2.74932
6.29329
6.25289
6.08863
5.81819
5.58453
5.39815
5.25072
5.12915
5.02487
4.93039
4.8414
4.75582
4.67127
4.58887
4.50679
4.42677
4.34675
4.2682
4.18922
4.11108
4.03257
3.95508
3.87851
3.80331
3.72927
3.65695
3.58599
3.51718
3.45015
3.38507
3.32204
3.26066
3.2021
3.1454
3.09213
3.04116
2.99404
2.95016
2.91047
2.87493
2.84435
2.82038
2.79752
2.77897
2.76604
2.76554
2.76714
2.77185
2.78293
2.80414
2.82799
2.85111
2.87117
2.88597
2.89531
2.89844
2.89894
2.89894
2.89633
2.89005
2.88094
2.87117
2.85924
2.84727
2.83335
2.81944
2.80386
2.78807
2.77119
2.75402
2.73619
2.71814
2.69959
2.68106
2.66221
2.64363
2.625
2.60684
2.58899
2.57192
2.55576
2.54088
2.52781
2.5175
2.50929
2.50273
2.50183
2.50198
2.50591
2.51475
2.53748
2.56604
2.60226
2.64137
2.68087
2.71674
2.74578
2.76897
2.77936
2.79901
6.4738
6.36063
6.04236
5.78788
5.59207
5.4432
5.32517
5.22312
5.12996
5.04024
4.95225
4.86506
4.77816
4.69244
4.60799
4.52551
4.44427
4.36442
4.28483
4.20597
4.12717
4.04916
3.97176
3.89553
3.82001
3.74631
3.67332
3.60236
3.53226
3.46415
3.3974
3.33253
3.26975
3.20888
3.15076
3.09488
3.04205
2.99184
2.94502
2.90187
2.86256
2.82793
2.79909
2.77308
2.74973
2.73395
2.72502
2.7251
2.72682
2.73249
2.74672
2.76798
2.79088
2.81217
2.82911
2.84011
2.84621
2.84706
2.84735
2.84586
2.8409
2.83299
2.82285
2.81198
2.79995
2.78747
2.7739
2.75978
2.74482
2.72931
2.7133
2.69684
2.68019
2.66324
2.64631
2.62947
2.61275
2.59676
2.58107
2.56689
2.55351
2.54264
2.53464
2.52803
2.52557
2.52539
2.52725
2.53461
2.55093
2.57726
2.61008
2.64929
2.68944
2.72903
2.76285
2.79058
2.80944
2.82266
2.8265
2.83873
6.49908
6.18845
5.90066
5.70799
5.5721
5.46748
5.37694
5.291
5.20577
5.12028
5.03453
4.94853
4.86236
4.77668
4.69239
4.60956
4.5285
4.44814
4.3687
4.28921
4.21031
4.13172
4.05353
3.97694
3.90009
3.82533
3.75019
3.67723
3.60433
3.53355
3.46358
3.39572
3.32935
3.2651
3.20279
3.14264
3.0848
3.02948
2.97695
2.92737
2.8814
2.83896
2.80084
2.7685
2.73819
2.71133
2.69029
2.67591
2.67186
2.67179
2.67427
2.68185
2.70165
2.72244
2.74472
2.76331
2.77754
2.78663
2.7893
2.78993
2.78985
2.78697
2.77932
2.77008
2.7597
2.74847
2.73666
2.72405
2.71127
2.6975
2.68375
2.66921
2.65484
2.64002
2.62553
2.61088
2.59697
2.5834
2.5711
2.56017
2.55106
2.54613
2.54167
2.54158
2.54319
2.54854
2.56004
2.58431
2.61419
2.65203
2.69227
2.73417
2.77191
2.8045
2.82889
2.84633
2.85611
2.86134
2.86278
2.86893
6.31114
5.92836
5.71606
5.59538
5.51504
5.44508
5.37567
5.30379
5.23088
5.15543
5.07735
4.99694
4.91488
4.83185
4.75021
4.66898
4.58957
4.50996
4.43157
4.35222
4.27377
4.19489
4.11671
4.03919
3.96216
3.88575
3.80999
3.73476
3.66072
3.58732
3.51559
3.44472
3.37593
3.30809
3.24268
3.17847
3.11687
3.05716
3.00016
2.94583
2.89456
2.84642
2.80199
2.76109
2.72555
2.69241
2.66271
2.63763
2.62053
2.60922
2.608
2.60773
2.61302
2.62499
2.64618
2.66904
2.69008
2.70734
2.71866
2.72425
2.72571
2.72632
2.72443
2.71889
2.71019
2.7003
2.6896
2.67884
2.66777
2.65649
2.64493
2.63304
2.62099
2.60886
2.59699
2.58552
2.5749
2.56527
2.55731
2.55187
2.54907
2.54926
2.55087
2.55511
2.56378
2.58501
2.61169
2.64733
2.6872
2.7302
2.77124
2.8083
2.83826
2.86062
2.87534
2.88365
2.88722
2.88822
2.88834
2.89249
6.11588
5.73416
5.5702
5.49305
5.43746
5.38179
5.32341
5.26211
5.19967
5.13478
5.06706
4.99575
4.92241
4.84701
4.77171
4.69597
4.62074
4.54439
4.46759
4.38944
4.311
4.23207
4.15351
4.07605
3.99917
3.92304
3.84717
3.77215
3.69699
3.62341
3.54941
3.47772
3.40584
3.33624
3.26737
3.20052
3.1354
3.07254
3.01193
2.95398
2.89866
2.84597
2.79661
2.74992
2.70723
2.66862
2.63325
2.60065
2.57378
2.55309
2.53991
2.53585
2.53611
2.53924
2.54667
2.56718
2.58772
2.61111
2.62868
2.64312
2.65111
2.6534
2.65393
2.65359
2.65029
2.64318
2.63451
2.62572
2.61637
2.60731
2.59812
2.58903
2.57996
2.57112
2.56274
2.5552
2.54878
2.54427
2.54174
2.5433
2.54504
2.54973
2.55849
2.57571
2.60121
2.63371
2.67315
2.71615
2.75986
2.80081
2.83608
2.86377
2.88417
2.8968
2.9045
2.90614
2.90695
2.90724
2.90485
2.90868
6.00743
5.63642
5.48534
5.41806
5.36499
5.30958
5.25277
5.19462
5.13486
5.07453
5.01113
4.94664
4.8797
4.81231
4.74341
4.67451
4.60339
4.5325
4.45886
4.38626
4.31164
4.23852
4.16372
4.09016
4.01511
3.94066
3.8642
3.78871
3.71124
3.63651
3.55961
3.48668
3.41191
3.34075
3.2696
3.20069
3.13401
3.06867
3.00642
2.94567
2.88771
2.83187
2.77844
2.72821
2.68009
2.63694
2.59654
2.56123
2.52815
2.50122
2.48122
2.46636
2.46129
2.46179
2.46446
2.47074
2.48559
2.50361
2.52775
2.54515
2.56252
2.57022
2.57535
2.57627
2.57624
2.57526
2.57046
2.56454
2.55714
2.55041
2.54367
2.53783
2.53217
2.52768
2.52335
2.52144
2.51962
2.52271
2.52623
2.53137
2.54028
2.55603
2.57904
2.6091
2.64738
2.68964
2.73527
2.77911
2.81889
2.85195
2.8774
2.89524
2.90683
2.91306
2.91424
2.91516
2.9152
2.91406
2.90898
2.91263
5.95174
5.59303
5.44158
5.36906
5.30591
5.2458
5.18341
5.1232
5.062
5.0015
4.94127
4.87882
4.8185
4.75494
4.69359
4.62996
4.56636
4.50184
4.43558
4.36841
4.29919
4.22788
4.15445
4.0785
4.00191
3.92353
3.84601
3.76784
3.69094
3.61491
3.53932
3.46563
3.39224
3.32015
3.25034
3.17967
3.11394
3.04595
2.98339
2.91994
2.86009
2.80211
2.7464
2.69429
2.64486
2.59965
2.55822
2.52138
2.48841
2.45772
2.43383
2.41271
2.39909
2.38929
2.3883
2.3888
2.39153
2.39894
2.4147
2.43671
2.45297
2.47124
2.48003
2.48751
2.49035
2.49133
2.4926
2.49091
2.48789
2.48227
2.47975
2.47464
2.47392
2.47173
2.47382
2.47715
2.48357
2.48992
2.50063
2.51562
2.53573
2.56707
2.60273
2.64584
2.69136
2.73857
2.78262
2.82172
2.85299
2.87742
2.89389
2.90543
2.91109
2.9128
2.9146
2.91424
2.91337
2.91049
2.90482
2.9082
5.91561
5.56756
5.41491
5.3332
5.26391
5.19851
5.13301
5.06825
5.00443
4.94212
4.88308
4.82481
4.76816
4.71228
4.65435
4.59781
4.53587
4.47485
4.40791
4.33941
4.26777
4.19194
4.11676
4.03677
3.96049
3.88142
3.80655
3.72993
3.65622
3.5816
3.5082
3.43494
3.3621
3.29007
3.21901
3.14878
3.08069
3.01367
2.94913
2.8874
2.82693
2.77193
2.7171
2.66844
2.62097
2.57799
2.53745
2.5002
2.46584
2.43287
2.40245
2.37463
2.35093
2.33143
2.31648
2.31007
2.30735
2.30782
2.3106
2.32463
2.34269
2.3622
2.38005
2.39284
2.40167
2.40817
2.41038
2.41237
2.41292
2.4139
2.41073
2.41122
2.41041
2.41596
2.41991
2.42822
2.43824
2.45318
2.4727
2.50021
2.5365
2.57694
2.62488
2.67298
2.72189
2.76601
2.80439
2.8357
2.85919
2.87684
2.88928
2.89563
2.89985
2.90178
2.90418
2.90277
2.90125
2.8969
2.8912
2.89329
5.88864
5.55256
5.39182
5.30453
5.23665
5.17054
5.10423
5.0348
4.97054
4.90739
4.85008
4.79498
4.74066
4.68654
4.63011
4.57029
4.50796
4.43973
4.37095
4.29623
4.22319
4.14606
4.07116
3.99473
3.91915
3.84483
3.76938
3.69626
3.62073
3.54746
3.47206
3.39886
3.32459
3.25302
3.18151
3.11348
3.04639
2.98358
2.92202
2.86528
2.80951
2.75841
2.70798
2.66078
2.61508
2.56975
2.52783
2.48441
2.44497
2.4056
2.36875
2.3334
2.30305
2.27553
2.25493
2.23886
2.23102
2.22914
2.23015
2.23389
2.24519
2.26382
2.28508
2.30229
2.31919
2.32858
2.33673
2.34273
2.34689
2.35122
2.35364
2.35866
2.36268
2.37088
2.37995
2.39576
2.4123
2.43616
2.46729
2.50747
2.55127
2.60189
2.65157
2.70197
2.74594
2.78464
2.81511
2.83899
2.85639
2.8691
2.87645
2.88052
2.88308
2.88373
2.88324
2.87922
2.8748
2.86856
2.86085
2.85949
5.85463
5.5513
5.37918
5.28417
5.21868
5.15613
5.08973
5.01924
4.95293
4.89465
4.83799
4.78636
4.73093
4.67366
4.61248
4.54744
4.47964
4.40965
4.33753
4.26529
4.19108
4.118
4.04271
3.96867
3.89254
3.81717
3.74067
3.66471
3.58827
3.51272
3.43746
3.36403
3.29196
3.22257
3.15566
3.09139
3.03043
2.9713
2.91541
2.86042
2.80797
2.75543
2.70506
2.65381
2.60503
2.55522
2.50851
2.46172
2.41789
2.37662
2.33669
2.30153
2.26711
2.23898
2.21235
2.19308
2.17669
2.1674
2.16491
2.16397
2.16684
2.17393
2.19266
2.21304
2.23409
2.25256
2.26742
2.28008
2.29087
2.30066
2.30992
2.32063
2.33081
2.34663
2.36284
2.38394
2.41106
2.4468
2.4889
2.53643
2.58816
2.63905
2.68884
2.73105
2.76829
2.79592
2.81809
2.8329
2.84363
2.84976
2.85225
2.85246
2.8519
2.85008
2.8462
2.84059
2.83412
2.82647
2.81787
2.81479
5.81825
5.55417
5.37144
5.27044
5.20508
5.14686
5.08328
5.01522
4.95086
4.89545
4.84244
4.78994
4.73343
4.67195
4.60697
4.53809
4.46845
4.39706
4.3259
4.25379
4.18098
4.1072
4.03226
3.95546
3.87827
3.7989
3.72056
3.64148
3.56429
3.48824
3.41479
3.34371
3.27573
3.21034
3.1477
3.08723
3.02847
2.97124
2.91467
2.85922
2.80391
2.74968
2.69567
2.6432
2.59141
2.54188
2.49344
2.44755
2.40319
2.36135
2.32157
2.28379
2.24816
2.21507
2.18507
2.15805
2.13649
2.11836
2.10821
2.1047
2.10429
2.10748
2.11538
2.1346
2.15866
2.18266
2.20564
2.22579
2.24429
2.26132
2.27754
2.29451
2.31339
2.33502
2.36028
2.39092
2.4293
2.47226
2.52194
2.57248
2.62391
2.66975
2.71103
2.74329
2.76936
2.78763
2.80133
2.80992
2.81538
2.81788
2.81751
2.81618
2.8145
2.81115
2.80596
2.79909
2.79158
2.78279
2.77379
2.76893
5.78502
5.55832
5.36619
5.25827
5.19149
5.13633
5.07742
5.01363
4.95725
4.90493
4.8546
4.80003
4.74251
4.67913
4.6132
4.54419
4.47361
4.40235
4.32997
4.25734
4.18345
4.1082
4.03146
3.95258
3.87251
3.79125
3.71044
3.63073
3.55313
3.4787
3.40692
3.33896
3.2732
3.21053
3.14912
3.08975
3.03057
2.97281
2.91489
2.85812
2.80168
2.74658
2.69236
2.63977
2.58834
2.53854
2.49022
2.44359
2.39842
2.3552
2.31313
2.27378
2.23472
2.19943
2.16491
2.13494
2.1076
2.08571
2.06816
2.05875
2.05626
2.05705
2.06091
2.07025
2.09237
2.11939
2.1477
2.17575
2.20115
2.22632
2.25037
2.27496
2.30301
2.33136
2.36645
2.40586
2.45145
2.50003
2.55144
2.60007
2.64534
2.68371
2.71444
2.73898
2.75631
2.76964
2.77771
2.7844
2.78714
2.78759
2.78654
2.78486
2.78187
2.77649
2.77041
2.76238
2.7542
2.7439
2.73426
2.7295
5.75771
5.5624
5.36116
5.24388
5.17505
5.12333
5.06969
5.01564
4.96712
4.91953
4.86893
4.81447
4.75395
4.69099
4.62423
4.55684
4.48618
4.41506
4.34175
4.26789
4.19197
4.11506
4.03505
3.95467
3.87123
3.78965
3.70701
3.62854
3.55133
3.47886
3.40875
3.3423
3.27782
3.21565
3.15442
3.09468
3.03524
2.97687
2.9189
2.86173
2.80557
2.75011
2.69611
2.64308
2.59156
2.54119
2.49244
2.44463
2.39869
2.35351
2.31039
2.26812
2.22826
2.18921
2.15364
2.11932
2.08962
2.06284
2.0416
2.02539
2.01769
2.0167
2.01844
2.02381
2.03642
2.06115
2.09143
2.12443
2.15824
2.19145
2.22472
2.25868
2.29462
2.33425
2.37864
2.42653
2.47767
2.52859
2.57776
2.6215
2.65946
2.68965
2.71355
2.73214
2.74468
2.7554
2.76127
2.76628
2.76767
2.7669
2.76531
2.76238
2.75796
2.75174
2.74481
2.73549
2.72624
2.71598
2.70645
2.70282
5.73481
5.56239
5.35584
5.22808
5.15862
5.10971
5.06265
5.02048
4.97938
4.93449
4.88269
4.8267
4.76455
4.70261
4.63667
4.57033
4.49997
4.42879
4.3543
4.2794
4.20121
4.12211
4.03928
3.95632
3.8711
3.78857
3.70627
3.6289
3.55345
3.48255
3.41427
3.34837
3.28518
3.22242
3.16212
3.10123
3.04272
2.98315
2.92615
2.86802
2.8126
2.75635
2.70278
2.649
2.59744
2.54641
2.49705
2.44841
2.40151
2.3549
2.3107
2.26629
2.22527
2.18376
2.14669
2.10961
2.07795
2.04745
2.02334
2.00272
1.98856
1.98446
1.98501
1.98805
1.99556
2.01297
2.04178
2.07687
2.1167
2.15877
2.20243
2.24789
2.29504
2.34582
2.39926
2.45398
2.50808
2.5581
2.60286
2.64014
2.67117
2.69474
2.71407
2.7283
2.73862
2.74744
2.75203
2.756
2.7564
2.75519
2.7528
2.74895
2.74381
2.73696
2.72887
2.71879
2.70905
2.69894
2.68939
2.68608
5.71621
5.56379
5.34678
5.21195
5.1418
5.09546
5.06011
5.028
4.99125
4.94554
4.89265
4.83495
4.77292
4.71186
4.64808
4.58269
4.51304
4.44079
4.36548
4.28863
4.20863
4.12636
4.04138
3.95524
3.86952
3.78581
3.70523
3.62869
3.55573
3.48617
3.41964
3.35442
3.29196
3.22909
3.16903
3.10773
3.04948
2.9896
2.93286
2.87463
2.81921
2.763
2.70913
2.65523
2.60319
2.5519
2.50166
2.45294
2.40431
2.35803
2.31098
2.2673
2.22254
2.18191
2.14082
2.10447
2.06857
2.03844
2.00984
1.9878
1.96986
1.95913
1.95928
1.96136
1.96677
1.97832
2.00236
2.03717
2.08052
2.13002
2.18432
2.24217
2.30237
2.36428
2.42565
2.48434
2.53808
2.58472
2.62408
2.65557
2.68114
2.70024
2.71649
2.72795
2.73722
2.74446
2.74866
2.75174
2.75174
2.75017
2.74742
2.74302
2.73731
2.73
2.72131
2.71072
2.70059
2.69026
2.68054
2.67706
5.70422
5.56619
5.33749
5.19858
5.12798
5.08306
5.05859
5.03484
5.00007
4.95322
4.89969
4.84048
4.77954
4.71785
4.65599
4.59087
4.5223
4.44869
4.37272
4.29404
4.21312
4.12857
4.04241
3.95353
3.86776
3.78228
3.70368
3.6269
3.55662
3.48773
3.42283
3.35848
3.2961
3.23404
3.17319
3.11273
3.05356
2.99459
2.93705
2.87977
2.82351
2.76822
2.71341
2.6601
2.60736
2.55596
2.50532
2.45591
2.40698
2.35962
2.31216
2.26736
2.2217
2.18043
2.13775
2.10113
2.06324
2.03267
2.00179
1.97861
1.95798
1.94359
1.94142
1.94308
1.94732
1.95645
1.97538
2.00858
2.05322
2.10781
2.17089
2.23981
2.31142
2.38247
2.44933
2.50944
2.56119
2.60393
2.63868
2.66604
2.68813
2.70471
2.7192
2.72927
2.73803
2.74428
2.74846
2.75083
2.75068
2.74863
2.7457
2.741
2.73481
2.72715
2.7181
2.7072
2.69682
2.68633
2.6765
2.67284
5.69924
5.56391
5.33487
5.19301
5.1211
5.07631
5.05642
5.03797
5.00462
4.95785
4.90386
4.84412
4.78412
4.72181
4.66035
4.59515
4.52698
4.45248
4.3758
4.29612
4.21475
4.12952
4.04279
3.95291
3.86668
3.78042
3.70227
3.62543
3.55628
3.48782
3.42387
3.36001
3.29792
3.23627
3.17521
3.11514
3.05558
2.99704
2.93913
2.88223
2.82561
2.77063
2.7154
2.66231
2.60913
2.55774
2.50681
2.45704
2.40808
2.35999
2.31268
2.26691
2.22145
2.17907
2.13666
2.0988
2.06115
2.02938
1.99818
1.97413
1.95216
1.93677
1.9316
1.9332
1.93709
1.94547
1.96239
1.99409
2.03873
2.09586
2.16422
2.24008
2.31888
2.39526
2.46467
2.52467
2.57448
2.61453
2.64658
2.67173
2.69215
2.70761
2.72127
2.73067
2.73909
2.74484
2.749
2.75102
2.75082
2.74858
2.7455
2.74069
2.73428
2.72646
2.71726
2.70625
2.69575
2.68518
2.67529
2.67151
)
;

boundaryField
{
    inlet
    {
        type            calculated;
        value           uniform 1.40001;
    }
    outlet
    {
        type            calculated;
        value           nonuniform List<scalar> 
40
(
1.64164
1.70804
1.78338
1.83582
1.90212
1.93414
1.96678
2.01132
2.04333
2.05776
2.09134
2.10885
2.13782
2.16546
2.19831
2.23554
2.28461
2.35249
2.43312
2.51945
2.60355
2.67875
2.74104
2.79078
2.83046
2.86055
2.88389
2.89998
2.90387
2.89941
2.88451
2.85081
2.80625
2.76054
2.72125
2.69465
2.67797
2.66901
2.66482
2.66351
)
;
    }
    bottom
    {
        type            symmetryPlane;
    }
    top
    {
        type            symmetryPlane;
    }
    obstacle
    {
        type            calculated;
        value           nonuniform List<scalar> 
110
(
6.00236
6.00312
5.98926
5.96546
5.92933
5.88018
5.80924
5.70681
5.54651
5.29313
2.25211
1.83163
2.15118
2.00297
1.88322
1.8638
1.84851
1.814
1.77499
1.74154
1.7141
1.68468
1.65146
1.62972
1.6223
1.62029
1.62194
1.63831
1.66683
1.70493
1.74903
1.79574
1.84314
1.8885
1.93203
1.97321
2.01216
2.04841
2.08415
2.11663
2.14829
2.17971
2.20898
2.23617
2.26084
2.28381
2.30504
2.32267
2.33948
2.35467
2.36909
2.37904
2.38911
2.39574
2.40153
2.40499
2.40775
2.4076
2.40655
2.40382
2.40023
2.39525
2.38854
2.38176
2.37285
2.36362
2.35283
2.34144
2.32908
2.3163
2.30214
2.28824
2.27293
2.25805
2.24135
2.22586
2.20806
2.19173
2.17342
2.15606
2.13752
2.11944
2.10058
2.08226
2.06308
2.04471
2.02543
2.00704
1.98785
1.96955
1.95045
1.93243
1.91333
1.89576
1.87662
1.85957
1.84053
1.82384
1.80525
1.78867
1.77085
1.75443
1.73743
1.7215
1.70557
1.69076
1.6764
1.66382
1.65249
1.64545
)
;
    }
    defaultFaces
    {
        type            empty;
    }
}


// ************************************************************************* //
