/*--------------------------------*- C++ -*----------------------------------*\
  =========                 |
  \\      /  F ield         | OpenFOAM: The Open Source CFD Toolbox
   \\    /   O peration     | Website:  https://openfoam.org
    \\  /    A nd           | Version:  10
     \\/     M anipulation  |
\*---------------------------------------------------------------------------*/
FoamFile
{
    format      ascii;
    class       volScalarField;
    location    "3.5";
    object      p;
}
// * * * * * * * * * * * * * * * * * * * * * * * * * * * * * * * * * * * * * //

dimensions      [1 -1 -2 0 0 0 0];

internalField   nonuniform List<scalar> 
5250
(
1
1.00003
1.00008
1.00022
1.00049
1.00134
1.00301
1.00816
1.01846
1.04939
1.1173
1.31074
1.82859
3.36625
7.86449
11.7444
11.3045
11.0442
11.1292
11.3617
11.5921
11.7314
11.838
11.9201
11.983
1.00001
1.00003
1.00008
1.0002
1.00052
1.00123
1.00317
1.00761
1.01898
1.0471
1.11766
1.30235
1.81647
3.32049
7.74881
11.7584
11.3042
11.0344
11.1202
11.3536
11.5841
11.7238
11.8319
11.9155
11.9799
1.00001
1.00003
1.00008
1.00019
1.00051
1.00117
1.00312
1.00708
1.01905
1.04385
1.11611
1.28799
1.78759
3.22425
7.48992
11.7862
11.3004
11.0045
11.0888
11.32
11.5485
11.6865
11.7942
11.8772
11.9421
1
1.00002
1.00007
1.00019
1.00046
1.00117
1.00278
1.00722
1.01684
1.04399
1.10586
1.27663
1.73572
3.08605
7.09098
11.8246
11.2954
10.9551
11.0346
11.2591
11.485
11.6194
11.7241
11.8054
11.8718
1
1.00002
1.00007
1.00017
1.00043
1.00109
1.00258
1.00672
1.01561
1.04097
1.09795
1.25606
1.67611
2.90834
6.57218
11.8547
11.2884
10.8898
10.9609
11.1733
11.3958
11.5247
11.6244
11.7027
11.7717
1
1.00002
1.00006
1.00017
1.00038
1.00102
1.00232
1.00624
1.01408
1.03789
1.08852
1.23359
1.60805
2.7073
5.95664
11.8212
11.2644
10.8081
10.8672
11.0599
11.2755
11.3954
11.4858
11.5575
11.6285
1
1.00002
1.00006
1.00015
1.00036
1.00089
1.00225
1.00533
1.01376
1.03245
1.08381
1.20727
1.55103
2.52472
5.42019
11.6151
11.1715
10.7046
10.7505
10.9144
11.1163
11.2217
11.2954
11.3514
11.4189
1
1.00002
1.00005
1.00013
1.00033
1.00083
1.00198
1.0051
1.01187
1.0311
1.07383
1.19169
1.49629
2.37749
4.98495
11.1256
10.9572
10.5974
10.6187
10.7341
10.9111
10.9934
11.0376
11.0592
11.1025
1
1.00002
1.00004
1.00012
1.00029
1.00077
1.00175
1.00471
1.0106
1.0286
1.06625
1.17446
1.44556
2.23554
4.55336
10.4132
10.699
10.5226
10.4721
10.5311
10.6581
10.702
10.6934
10.6428
10.5924
1
1.00001
1.00004
1.0001
1.00028
1.00064
1.00171
1.00387
1.01038
1.02364
1.06288
1.15069
1.40128
2.08658
4.11983
9.52889
10.5476
10.4234
10.2916
10.3118
10.3642
10.3482
10.2595
10.0399
9.69841
1
1.00001
1.00004
1.0001
1.00023
1.00061
1.00139
1.00365
1.00859
1.0218
1.05337
1.13467
1.3459
1.94145
3.67392
8.48508
10.4401
10.3252
10.1037
10.0706
10.0468
9.95368
9.69617
9.09435
7.5338
1
1.00001
1.00003
1.00008
1.00021
1.00049
1.00124
1.00308
1.00735
1.01887
1.04507
1.11545
1.29216
1.78817
3.21731
7.2869
10.3602
10.2276
9.93532
9.8229
9.7347
9.54069
9.12495
8.29191
6.64144
1
1.00001
1.00003
1.00007
1.00017
1.00041
1.00106
1.00244
1.00648
1.01464
1.03932
1.09188
1.24223
1.6308
2.76051
5.9826
10.2397
10.1149
9.79514
9.58268
9.42742
9.14963
8.63145
7.76873
6.42321
1
1.00001
1.00002
1.00005
1.00014
1.00033
1.00086
1.00201
1.00509
1.01235
1.03038
1.07559
1.18947
1.49319
2.34335
4.74825
9.89104
9.89498
9.68292
9.36223
9.13238
8.80756
8.27159
7.47175
6.39515
1
1.00001
1.00002
1.00005
1.00011
1.00027
1.00069
1.00163
1.00423
1.00972
1.02566
1.05995
1.15609
1.39504
2.08062
4.02848
8.95173
9.62498
9.47816
9.15927
8.86997
8.521
8.00732
7.29157
6.39357
1
1
1.00001
1.00004
1.00009
1.00023
1.00053
1.0014
1.00316
1.00848
1.01917
1.0512
1.12088
1.31971
1.84607
3.37433
7.47219
9.35607
9.26507
9.00301
8.65258
8.28487
7.80173
7.16305
6.39011
1
1
1.00001
1.00003
1.00007
1.00017
1.00044
1.00103
1.00269
1.00611
1.01629
1.03741
1.0981
1.24109
1.64571
2.77098
5.91086
9.15779
9.11729
8.9001
8.48607
8.09339
7.63546
7.06124
6.38312
1
1
1.00001
1.00002
1.00006
1.00013
1.00034
1.00077
1.00205
1.0046
1.01227
1.02784
1.0733
1.17558
1.4632
2.23101
4.33833
8.71399
8.97643
8.79636
8.38751
7.94726
7.50014
6.97759
6.37462
1
1
1.00001
1.00002
1.00004
1.00011
1.00024
1.00063
1.00147
1.00367
1.00901
1.02177
1.05473
1.13438
1.34613
1.92213
3.53921
7.60558
8.72044
8.60579
8.29042
7.82864
7.38735
6.90603
6.36449
1
1
1
1.00001
1.00003
1.00008
1.00018
1.00047
1.00107
1.00285
1.00641
1.01715
1.03911
1.10297
1.25134
1.67429
2.83174
5.96004
8.4561
8.41729
8.20406
7.75597
7.29988
6.84468
6.35298
1
1
1
1.00001
1.00002
1.00006
1.00013
1.00034
1.00078
1.00203
1.00461
1.01218
1.02768
1.0727
1.1733
1.45489
2.19247
4.15032
7.9882
8.28674
8.12582
7.7349
7.24473
6.79777
6.34369
1
1
1
1.00001
1.00002
1.00004
1.0001
1.00023
1.00059
1.00142
1.00343
1.00862
1.02031
1.05195
1.12511
1.32307
1.84674
3.29219
6.8606
8.05222
7.96471
7.69178
7.21626
6.76783
6.33909
1
1
1
1
1.00001
1.00003
1.00007
1.00017
1.00042
1.00102
1.00243
1.00617
1.01432
1.03716
1.0878
1.22667
1.58251
2.56812
5.15388
7.70607
7.74862
7.60095
7.22908
6.76876
6.34173
1
1
1
1
1.00001
1.00002
1.00005
1.00012
1.00027
1.00072
1.00162
1.00431
1.0096
1.02549
1.05839
1.15158
1.37482
1.98639
3.56227
6.97479
7.60532
7.50616
7.22638
6.78374
6.35326
1
1
1
1
1.00001
1.00001
1.00003
1.00008
1.00019
1.00049
1.00112
1.00292
1.0066
1.01741
1.03968
1.10365
1.25071
1.66287
2.74449
5.48981
7.35031
7.34198
7.20037
6.8426
6.38365
1
1
1
1
1
1.00001
1.00002
1.00005
1.00013
1.00031
1.00078
1.00185
1.00448
1.0111
1.0263
1.06611
1.16017
1.4088
2.04844
3.65051
6.80939
7.24262
7.14653
6.88784
6.44482
1
1
1
1
1
1.00001
1.00002
1.00003
1.00009
1.0002
1.00053
1.00118
1.00313
1.007
1.01842
1.0422
1.10885
1.26472
1.694
2.80717
5.56663
7.02039
7.01329
6.87726
6.5518
1
1
1
1
1
1
1.00001
1.00002
1.00006
1.00013
1.00034
1.00077
1.00203
1.0045
1.01194
1.02676
1.07011
1.16488
1.42816
2.08879
3.75106
6.5074
6.90321
6.82584
6.60222
1
1
1
1
1
1
1.00001
1.00002
1.00003
1.00009
1.00021
1.00053
1.00123
1.00304
1.00744
1.01754
1.04436
1.10548
1.26831
1.68089
2.76075
5.33736
6.66852
6.6914
6.58433
1
1
1
1
1
1
1
1.00001
1.00002
1.00005
1.00014
1.00032
1.00079
1.0019
1.00455
1.01132
1.0265
1.06682
1.16032
1.40739
2.02937
3.55462
6.13326
6.5783
6.52613
1
1
1
1
1
1
1
1.00001
1.00001
1.00003
1.00008
1.00021
1.00048
1.00123
1.00276
1.00724
1.01614
1.04247
1.09745
1.25184
1.62621
2.60762
4.93308
6.32371
6.40541
1
1
1
1
1
1
1
1
1.00001
1.00002
1.00005
1.00012
1.00031
1.00069
1.0018
1.00404
1.01041
1.02385
1.05998
1.14321
1.35995
1.89378
3.16999
5.7377
6.28608
1
1
1
1
1
1
1
1
1.00001
1.00001
1.00003
1.00008
1.00018
1.00043
1.00109
1.00248
1.00641
1.01434
1.03758
1.08576
1.22121
1.54402
2.38928
4.42027
5.97344
1
1
1
1
1
1
1
1
1
1.00001
1.00002
1.00005
1.0001
1.00027
1.00061
1.00158
1.00353
1.0091
1.02074
1.05228
1.12398
1.31076
1.76897
2.879
5.23971
1
1
1
1
1
1
1
1
1
1
1.00001
1.00003
1.00007
1.00016
1.00037
1.00092
1.00211
1.0054
1.01211
1.03148
1.07151
1.18374
1.44466
2.12143
3.71905
1
1
1
1
1
1
1
1
1
1
1.00001
1.00002
1.00004
1.00009
1.00022
1.00052
1.00128
1.00296
1.00751
1.01696
1.04354
1.1007
1.25398
1.62355
2.53203
1
1
1
1
1
1
1
1
1
1
1
1.00001
1.00002
1.00005
1.00013
1.0003
1.00073
1.00167
1.00423
1.00948
1.02437
1.05495
1.13999
1.33091
1.81552
1
1
1
1
1
1
1
1
1
1
1
1.00001
1.00001
1.00003
1.00007
1.00017
1.00041
1.001
1.00229
1.00582
1.01303
1.03365
1.0763
1.1947
1.4679
1
1
1
1
1
1
1
1
1
1
1
1
1.00001
1.00002
1.00004
1.0001
1.00022
1.00057
1.00127
1.00328
1.00723
1.01875
1.04195
1.10716
1.25187
1
1
1
1
1
1
1
1
1
1
1
1
1
1.00001
1.00002
1.00005
1.00012
1.00031
1.0007
1.00179
1.00394
1.01021
1.02247
1.05802
1.13168
1
1
1
1
1
1
1
1
1
1
1
1
1
1.00001
1.00001
1.00003
1.00007
1.00016
1.00042
1.00092
1.00237
1.0052
1.01353
1.02985
1.07705
1
1
1
1
1
1
1
1
1
1
1
1
1
1
1.00001
1.00002
1.00004
1.00009
1.00022
1.00053
1.00121
1.00303
1.00678
1.0173
1.03877
1
1
1
1
1
1
1
1
1
1
1
1
1
1
1
1.00001
1.00002
1.00005
1.00011
1.00029
1.00065
1.00158
1.00372
1.00879
1.02123
1
1
1
1
1
1
1
1
1
1
1
1
1
1
1
1
1.00001
1.00003
1.00006
1.00016
1.00034
1.00088
1.00194
1.0049
1.01105
1
1
1
1
1
1
1
1
1
1
1
1
1
1
1
1
1.00001
1.00001
1.00004
1.00008
1.0002
1.00046
1.00111
1.00266
1.00613
1
1
1
1
1
1
1
1
1
1
1
1
1
1
1
1
1
1.00001
1.00002
1.00005
1.00012
1.00027
1.0007
1.00154
1.00399
1
1
1
1
1
1
1
1
1
1
1
1
1
1
1
1
1
1.00001
1.00001
1.00004
1.00009
1.0002
1.00052
1.00117
1.00304
1
1
1
1
1
1
1
1
1
1
1
1
1
1
1
1
1
1
1.00001
1.00003
1.00008
1.00017
1.00046
1.00104
1.00271
1
1
1
1
1
1
1
1
1
1
1
1
1
1
1
1
1
1
1.00001
1.00003
1.00007
1.00018
1.0004
1.00107
1.00248
1
1
1
1
1
1
1
1
1
1
1
1
1
1
1
1
1
1
1.00001
1.00003
1.00006
1.00018
1.00039
1.00107
1.00242
3.02545
1.53102
1.03687
0.940789
0.967913
1.05179
1.22777
1.36495
1.40639
1.40455
1.39863
1.39676
1.39821
1.40287
1.41303
1.42666
1.43967
1.45875
1.49837
1.58329
1.76766
2.16916
2.95466
3.429
3.50907
3.5293
3.4887
3.43168
3.38109
3.3531
3.34056
3.33719
3.34384
3.37448
3.43997
3.54424
3.67801
3.82608
3.97439
4.11221
4.23102
4.32938
4.40618
4.47351
4.52484
4.55823
4.57765
4.58647
4.58591
4.5806
4.56653
4.5429
4.51474
4.48398
4.44965
4.41299
4.37352
4.33246
4.2893
4.245
4.19904
4.15217
4.10404
4.05523
4.00555
3.9555
3.90494
3.85432
3.80348
3.75279
3.70214
3.65175
3.60155
3.55171
3.5022
3.45312
3.40446
3.35629
3.3086
3.26141
3.21474
3.16858
3.12293
3.07779
3.0332
2.98913
2.94565
2.90272
2.86043
2.81873
2.77773
2.73741
2.69789
2.65917
2.62166
2.58551
2.55134
2.52021
2.49389
2.47754
3.72932
2.33688
1.74339
1.49363
1.37798
1.29512
1.27804
1.28646
1.30989
1.35801
1.40354
1.42248
1.42224
1.42103
1.4213
1.42347
1.43025
1.44676
1.48278
1.55949
1.72275
2.07543
2.82171
3.41299
3.53165
3.51922
3.47177
3.41567
3.38718
3.3701
3.34597
3.33289
3.33079
3.35382
3.41758
3.52186
3.65285
3.79752
3.94444
4.08665
4.20792
4.30771
4.38777
4.4557
4.50734
4.54309
4.56388
4.57417
4.57412
4.57079
4.55978
4.53664
4.50744
4.47681
4.44336
4.40733
4.36833
4.32747
4.28456
4.24039
4.1947
4.14801
4.10018
4.05159
4.00221
3.95238
3.90208
3.85162
3.80099
3.75041
3.69991
3.6496
3.59953
3.54976
3.50034
3.45131
3.40272
3.35457
3.30693
3.25976
3.21313
3.16699
3.1214
3.07629
3.03177
2.98774
2.94432
2.90144
2.85921
2.81751
2.77658
2.73634
2.69693
2.65836
2.62078
2.58445
2.55005
2.51856
2.49157
2.47487
4.55899
3.26123
2.4448
1.92785
1.59374
1.3885
1.26813
1.25555
1.26328
1.2856
1.33203
1.3755
1.40427
1.41793
1.42186
1.42356
1.42767
1.43781
1.46154
1.51511
1.63267
1.89203
2.45796
3.28111
3.50813
3.50044
3.46984
3.4212
3.38648
3.36075
3.33908
3.32884
3.33434
3.35967
3.41764
3.51051
3.638
3.77974
3.92449
4.06304
4.18281
4.28309
4.36409
4.4313
4.48314
4.52059
4.54351
4.55535
4.55656
4.55436
4.5462
4.52737
4.49755
4.46655
4.43368
4.39839
4.36015
4.31973
4.27724
4.23334
4.188
4.14162
4.09418
4.04595
3.99698
3.94748
3.89756
3.84737
3.79703
3.74666
3.69637
3.64621
3.5963
3.54665
3.49735
3.44841
3.39991
3.35182
3.30424
3.25712
3.21054
3.16445
3.11893
3.07391
3.02951
2.9856
2.94226
2.89951
2.85741
2.81593
2.7751
2.73488
2.69548
2.65686
2.61925
2.58282
2.54814
2.51619
2.4883
2.4707
5.01769
3.84074
2.97027
2.36485
1.95854
1.68583
1.5141
1.40611
1.34306
1.32722
1.33092
1.34314
1.3691
1.3992
1.42113
1.43392
1.4386
1.44474
1.45864
1.49138
1.56785
1.73948
2.11593
2.91503
3.42922
3.49241
3.4792
3.44105
3.40302
3.37978
3.3686
3.37049
3.38289
3.41314
3.46805
3.54664
3.65136
3.77345
3.89898
4.02676
4.14447
4.24573
4.32846
4.39608
4.44881
4.48786
4.51323
4.52725
4.53057
4.52921
4.5237
4.51004
4.48257
4.45127
4.41841
4.38375
4.3465
4.30693
4.26521
4.22188
4.17713
4.13127
4.08441
4.03672
3.98832
3.93933
3.88991
3.84015
3.79023
3.7402
3.69023
3.64034
3.59069
3.54124
3.49214
3.44334
3.39499
3.34701
3.29954
3.25252
3.20607
3.16011
3.11474
3.06984
3.02563
2.98195
2.93892
2.89632
2.85436
2.81297
2.77227
2.73218
2.69286
2.6543
2.6167
2.58018
2.54522
2.51275
2.4839
2.4651
5.29439
4.2612
3.42262
2.78942
2.32675
1.99024
1.74579
1.57071
1.44822
1.37163
1.33219
1.33246
1.33661
1.3479
1.37101
1.39343
1.41054
1.42439
1.43632
1.46032
1.5109
1.62012
1.85773
2.36682
3.20606
3.46045
3.48439
3.47375
3.44701
3.42903
3.4337
3.45297
3.49799
3.55481
3.60504
3.65703
3.72079
3.79672
3.88384
3.97601
4.08516
4.18972
4.27843
4.35026
4.4055
4.44648
4.47421
4.49082
4.49697
4.49633
4.49297
4.48368
4.46342
4.43234
4.39924
4.36499
4.32874
4.29029
4.24967
4.20726
4.16336
4.11825
4.07213
4.02513
3.97742
3.92907
3.88026
3.83104
3.78162
3.73203
3.68247
3.63293
3.58359
3.53441
3.48555
3.43696
3.38879
3.34098
3.29366
3.24682
3.20054
3.15478
3.10969
3.06515
3.02116
2.97766
2.93478
2.8924
2.85063
2.80942
2.76889
2.72896
2.68978
2.6513
2.61372
2.57713
2.54193
2.50899
2.47926
2.4591
5.4807
4.58374
3.80462
3.17432
2.68263
2.30526
2.01755
1.80063
1.63832
1.52154
1.43755
1.38428
1.35622
1.35631
1.35944
1.36826
1.38652
1.40723
1.42735
1.44631
1.47858
1.54674
1.69334
2.01215
2.69631
3.32307
3.47603
3.50199
3.50032
3.50468
3.52812
3.59103
3.70592
3.78467
3.82048
3.8391
3.85104
3.85959
3.88123
3.92953
4.00353
4.10463
4.20368
4.28673
4.34997
4.39582
4.4272
4.44696
4.45645
4.45685
4.45523
4.44956
4.43607
4.40896
4.37657
4.34257
4.30703
4.26962
4.23023
4.18898
4.14617
4.10199
4.05675
4.01054
3.96359
3.91595
3.86783
3.81925
3.77043
3.72137
3.6723
3.62318
3.57423
3.52537
3.47681
3.42847
3.38054
3.33295
3.2858
3.23923
3.19337
3.14798
3.10322
3.05893
3.01521
2.97195
2.92929
2.88713
2.8456
2.8046
2.76428
2.72453
2.68552
2.64717
2.60966
2.57306
2.5377
2.50438
2.47393
2.45239
5.61107
4.83032
4.11803
3.50978
3.01036
2.609
2.28994
2.03797
1.83941
1.68478
1.56471
1.47676
1.41271
1.37514
1.3583
1.35889
1.36227
1.37056
1.38732
1.40597
1.43084
1.47614
1.5691
1.76266
2.16348
2.97264
3.39908
3.50158
3.54143
3.58153
3.66429
3.8305
4.00982
4.09967
4.10486
4.09101
4.04718
3.95787
3.91127
3.91776
3.94386
4.00194
4.09959
4.19497
4.27235
4.32953
4.36909
4.39439
4.40809
4.41203
4.41115
4.40776
4.39903
4.38029
4.35024
4.31684
4.28192
4.24546
4.20728
4.16732
4.12575
4.08272
4.03852
3.99327
3.94721
3.9004
3.85307
3.80523
3.7571
3.70867
3.66017
3.61156
3.56305
3.51459
3.46637
3.41835
3.37069
3.32343
3.27688
3.23074
3.18524
3.14021
3.09576
3.05174
3.00831
2.96532
2.92293
2.88103
2.83977
2.79903
2.75896
2.71945
2.68066
2.64249
2.60512
2.56857
2.53316
2.49953
2.46857
2.44563
5.70414
5.01796
4.37055
3.79489
3.30251
2.89155
2.55318
2.27711
2.05264
1.87141
1.72583
1.61089
1.52154
1.45518
1.40747
1.37974
1.36753
1.36829
1.37204
1.38115
1.39984
1.42942
1.48618
1.60181
1.8445
2.34914
3.14318
3.45421
3.57321
3.68155
3.86669
4.17141
4.41661
4.47833
4.46299
4.40341
4.26486
4.08373
3.9655
3.92238
3.92775
3.94854
3.99607
4.0813
4.16816
4.24057
4.29431
4.33043
4.35171
4.36134
4.36156
4.36009
4.35512
4.34333
4.31926
4.28762
4.25361
4.21806
4.18099
4.14227
4.102
4.06022
4.01719
3.973
3.92795
3.88207
3.83563
3.78861
3.74125
3.69353
3.64567
3.59763
3.54963
3.5016
3.45379
3.40613
3.35903
3.31238
3.26633
3.22069
3.1756
3.13092
3.08678
3.04308
2.99996
2.95729
2.91523
2.87364
2.8327
2.79227
2.7525
2.71328
2.67475
2.63681
2.59963
2.56319
2.52779
2.49395
2.46266
2.43838
5.77198
5.16209
4.57363
4.03441
3.55821
3.14814
2.80048
2.50896
2.26574
2.06396
1.89691
1.75958
1.64738
1.55723
1.48681
1.43364
1.39687
1.37564
1.37029
1.37182
1.37771
1.39219
1.42403
1.49204
1.63564
1.93963
2.57873
3.26851
3.56211
3.80217
4.16277
4.6436
4.90742
4.90631
4.86348
4.73476
4.47144
4.23018
4.06223
3.96527
3.9279
3.93061
3.94476
3.98038
4.05167
4.12831
4.19684
4.24907
4.2826
4.30109
4.3078
4.30718
4.30437
4.297
4.28106
4.25349
4.22143
4.18708
4.15112
4.11361
4.07465
4.0342
3.99247
3.94952
3.90564
3.86086
3.81545
3.76938
3.72291
3.67598
3.62886
3.58146
3.53405
3.48652
3.43929
3.39238
3.346
3.29997
3.25444
3.20926
3.16458
3.12028
3.07652
3.03319
2.99046
2.94817
2.9065
2.86529
2.82473
2.78465
2.74523
2.70632
2.66809
2.63043
2.59349
2.55723
2.52193
2.488
2.45655
2.43109
5.82254
5.27487
4.73816
4.23545
3.78009
3.37799
3.02851
2.72861
2.47279
2.25593
2.07243
1.9179
1.78818
1.68007
1.59125
1.51919
1.46368
1.42119
1.39225
1.3772
1.37783
1.38254
1.39696
1.43221
1.51254
1.68552
2.05152
2.8119
3.47013
3.93755
4.61997
5.24776
5.41734
5.3842
5.2644
4.99813
4.66396
4.39261
4.1923
4.05381
3.96787
3.92692
3.9247
3.93131
3.95545
4.00803
4.07783
4.14378
4.19368
4.22612
4.24409
4.24821
4.2471
4.24306
4.23338
4.21338
4.18449
4.1519
4.11729
4.08106
4.04347
4.00444
3.96415
3.9226
3.88008
3.83658
3.79236
3.74739
3.70192
3.65589
3.60957
3.56288
3.51611
3.46939
3.42304
3.37696
3.3313
3.28589
3.2409
3.19621
3.152
3.10814
3.06483
3.02193
2.97963
2.93778
2.89654
2.85576
2.81561
2.77594
2.73691
2.69837
2.66049
2.62313
2.58648
2.55043
2.51532
2.48135
2.44989
2.42346
5.86232
5.36539
4.87341
4.40504
3.97256
3.58257
3.23672
2.93376
2.67053
2.44306
2.24726
2.07911
1.9352
1.81227
1.70809
1.6202
1.54753
1.48828
1.44237
1.40905
1.3851
1.38545
1.39029
1.4062
1.44821
1.54637
1.76277
2.22224
3.17293
4.00018
5.25553
5.90485
5.90936
5.83085
5.60889
5.20635
4.85117
4.56689
4.34378
4.17215
4.04613
3.9624
3.91883
3.90587
3.90842
3.92285
3.95766
4.01977
4.0793
4.12705
4.1605
4.17774
4.18165
4.18032
4.17553
4.16428
4.14154
4.1119
4.07909
4.04435
4.00824
3.97073
3.93204
3.8921
3.85116
3.80916
3.76633
3.72262
3.67828
3.63326
3.58782
3.54196
3.49619
3.45051
3.40512
3.35987
3.31493
3.27017
3.22577
3.18164
3.13796
3.09463
3.05184
3.00946
2.96765
2.92629
2.88554
2.84523
2.80554
2.76631
2.7277
2.68957
2.65207
2.61506
2.57873
2.54295
2.50808
2.47417
2.44282
2.41566
5.8945
5.43915
4.98613
4.54956
4.14021
3.76472
3.42588
3.12389
2.85703
2.62275
2.41782
2.23924
2.0838
1.949
1.83222
1.73173
1.64567
1.57291
1.51268
1.46337
1.42783
1.40095
1.4015
1.40791
1.42975
1.48686
1.62177
1.92471
2.58614
3.93853
5.91177
6.46281
6.40212
6.20843
5.81297
5.39348
5.03577
4.74147
4.49969
4.30315
4.14735
4.02955
3.94763
3.90008
3.87932
3.87409
3.88095
3.90281
3.9488
4.00221
4.04964
4.08319
4.10264
4.10779
4.10656
4.10173
4.09013
4.06664
4.03686
4.00396
3.96936
3.93337
3.8963
3.85811
3.81895
3.77866
3.7374
3.69511
3.65204
3.60811
3.56372
3.51905
3.47447
3.42987
3.38543
3.34103
3.29686
3.2528
3.20907
3.16556
3.12249
3.07974
3.03752
2.99569
2.95444
2.91361
2.87339
2.8336
2.79442
2.75566
2.71753
2.67983
2.64275
2.60612
2.57015
2.53468
2.5001
2.46631
2.43514
2.40746
5.92222
5.50139
5.08239
4.67498
4.28797
3.92784
3.59791
3.29949
3.03182
2.79356
2.58223
2.39571
2.23114
2.08666
1.95956
1.8486
1.75153
1.66759
1.59544
1.53407
1.48469
1.44434
1.4259
1.429
1.44332
1.48471
1.58858
1.83297
2.39574
3.66025
6.23423
6.86544
6.75689
6.46518
5.98687
5.56165
5.2035
4.90307
4.65052
4.43874
4.26341
4.12105
4.00955
3.92762
3.87456
3.84681
3.82936
3.8317
3.8437
3.87172
3.91871
3.96282
3.99785
4.019
4.02784
4.02697
4.02275
4.01204
3.98998
3.96063
3.92775
3.89303
3.85735
3.82083
3.78349
3.74502
3.7055
3.66478
3.62309
3.58048
3.53749
3.49419
3.45083
3.40732
3.36386
3.32035
3.27701
3.23374
3.19075
3.14796
3.10557
3.06348
3.02191
2.9807
2.94007
2.89983
2.86019
2.82096
2.78232
2.74408
2.70644
2.66921
2.63257
2.59636
2.56078
2.52565
2.4914
2.45781
2.42688
2.39882
5.95168
5.55868
5.16874
4.78671
4.4202
4.07494
3.75464
3.46116
3.1947
2.95444
2.73905
2.54654
2.37506
2.22267
2.08727
1.96757
1.86148
1.76834
1.68651
1.61564
1.55531
1.50645
1.47258
1.47448
1.48631
1.523
1.6161
1.83627
2.33492
3.46056
5.92107
7.05547
6.97859
6.72867
6.2355
5.77372
5.38881
5.07238
4.80755
4.58348
4.39313
4.23236
4.09783
3.98831
3.90344
3.84338
3.80745
3.78004
3.77453
3.77982
3.79606
3.83021
3.87074
3.9064
3.93053
3.94273
3.94243
3.93951
3.93091
3.91229
3.88347
3.85046
3.81605
3.78087
3.74507
3.70828
3.67049
3.63146
3.59141
3.55051
3.50916
3.4673
3.42522
3.38285
3.34043
3.2979
3.25547
3.21305
3.17088
3.12887
3.08723
3.04587
3.005
2.96447
2.9245
2.88491
2.8459
2.80726
2.7692
2.73152
2.6944
2.65767
2.62151
2.58574
2.55059
2.51584
2.48197
2.44861
2.41798
2.38965
5.98923
5.61632
5.24902
4.88845
4.5397
4.20829
3.89762
3.60981
3.34596
3.10528
2.8876
2.69094
2.51423
2.35569
2.21352
2.08668
1.9731
1.87231
1.78266
1.70379
1.6361
1.57959
1.54364
1.54622
1.56079
1.60438
1.7101
1.94218
2.42541
3.36714
4.89348
6.63687
6.91729
6.81132
6.5178
6.04013
5.61154
5.26553
4.97876
4.73699
4.5315
4.35522
4.20266
4.07143
3.96136
3.87267
3.80577
3.76201
3.7279
3.70894
3.71099
3.72022
3.74155
3.77718
3.81063
3.83712
3.85236
3.85517
3.85337
3.84697
3.8323
3.80469
3.77311
3.7393
3.70451
3.66887
3.63253
3.59518
3.55705
3.51807
3.47845
3.43814
3.39743
3.35629
3.31502
3.27353
3.2321
3.19063
3.14937
3.10822
3.06742
3.02686
2.98677
2.94699
2.90775
2.86886
2.83052
2.79253
2.75508
2.71799
2.68143
2.64522
2.60957
2.57428
2.53958
2.50525
2.47179
2.43872
2.40845
2.37994
6.04336
5.67687
5.32485
4.98124
4.64785
4.32883
4.02791
3.7462
3.48601
3.24637
3.02768
2.82864
2.64799
2.48491
2.33726
2.20465
2.08487
1.97769
1.88181
1.79644
1.72491
1.66294
1.64281
1.64914
1.6757
1.74782
1.91221
2.25592
2.89023
3.47813
4.12326
5.24053
6.32665
6.58986
6.52091
6.30965
5.89696
5.51672
5.19145
4.9164
4.68649
4.49048
4.31997
4.16992
4.03938
3.92783
3.8357
3.76305
3.7123
3.67127
3.64367
3.64017
3.64402
3.65596
3.68137
3.71256
3.74023
3.75806
3.76554
3.76455
3.76009
3.74887
3.7259
3.6959
3.66238
3.62748
3.59219
3.55639
3.52011
3.48301
3.44518
3.40653
3.36733
3.32757
3.28755
3.24723
3.20689
3.16645
3.12619
3.086
3.04612
3.00645
2.96721
2.92825
2.88979
2.85165
2.81402
2.77671
2.73992
2.70344
2.66748
2.63184
2.59672
2.56194
2.52774
2.49387
2.46087
2.42814
2.39827
2.36967
6.11588
5.74
5.396
5.06565
4.74627
4.43834
4.14663
3.87184
3.61564
3.37844
3.15972
2.95959
2.77633
2.60976
2.458
2.32053
2.19591
2.08343
1.98267
1.89376
1.81964
1.7674
1.76954
1.78659
1.84145
1.9745
2.25661
2.82148
3.29015
3.56523
3.84899
4.30977
5.05513
5.9151
6.26962
6.23577
6.09841
5.80564
5.46609
5.14155
4.87235
4.6461
4.45076
4.28012
4.13078
4.00033
3.88771
3.79299
3.71616
3.65902
3.6125
3.5795
3.56403
3.56549
3.572
3.58728
3.61473
3.64066
3.66111
3.67291
3.67277
3.67043
3.66296
3.64637
3.61753
3.58451
3.55039
3.51574
3.48076
3.44521
3.40911
3.37221
3.3347
3.29649
3.25789
3.21888
3.17976
3.14048
3.10131
3.06217
3.0233
2.9846
2.94628
2.9082
2.87058
2.83324
2.79637
2.75979
2.72369
2.68786
2.65253
2.61749
2.58295
2.54873
2.51506
2.48169
2.4492
2.41686
2.38745
2.35886
6.18697
5.8049
5.46368
5.14297
4.83523
4.53912
4.25574
3.98799
3.73651
3.50211
3.28468
3.08398
2.89949
2.73016
2.57547
2.43409
2.30564
2.18935
2.08523
1.99704
1.92455
1.91089
1.92242
1.96627
2.08354
2.33935
2.86135
3.34084
3.57758
3.66817
3.77938
3.93903
4.22957
4.71957
5.45563
5.94532
5.97291
5.90962
5.7378
5.4191
5.11518
4.84378
4.61042
4.41135
4.23854
4.08837
3.95687
3.8431
3.74608
3.66585
3.60318
3.55261
3.51312
3.48814
3.48541
3.48808
3.49665
3.5152
3.5398
3.56177
3.57616
3.58096
3.57971
3.57471
3.56272
3.53842
3.50752
3.47386
3.43954
3.40493
3.37018
3.33491
3.29913
3.26264
3.22568
3.1882
3.15049
3.11253
3.07459
3.03662
2.99885
2.9612
2.92388
2.88676
2.85004
2.81355
2.7775
2.74168
2.70632
2.6712
2.63653
2.60214
2.56823
2.53461
2.50153
2.46871
2.43679
2.40491
2.37603
2.34757
6.30932
5.89224
5.53573
5.21799
4.91886
4.6322
4.35796
4.09642
3.84983
3.61864
3.40294
3.20263
3.01734
2.84647
2.68932
2.54536
2.41407
2.29558
2.19255
2.10668
2.0699
2.07823
2.11615
2.22308
2.46309
2.95864
3.47948
3.72129
3.78195
3.77994
3.78098
3.80351
3.8861
4.07162
4.44442
5.04829
5.57636
5.76129
5.73042
5.61581
5.37213
5.09573
4.81638
4.57887
4.37405
4.19733
4.04405
3.91091
3.79538
3.69622
3.61282
3.54558
3.49118
3.44582
3.41485
3.402
3.40287
3.40733
3.41817
3.4396
3.46092
3.47807
3.48737
3.48699
3.4842
3.4761
3.4586
3.42967
3.39723
3.36344
3.32944
3.29523
3.26084
3.22597
3.19074
3.15497
3.11889
3.08245
3.04592
3.00926
2.97272
2.93621
2.89997
2.86387
2.82812
2.79254
2.75735
2.72236
2.68778
2.65342
2.61948
2.58579
2.55255
2.5196
2.48717
2.45497
2.42369
2.39237
2.36408
2.33592
6.34821
5.98254
5.61521
5.29385
4.99964
4.72051
4.45342
4.19902
3.95693
3.72907
3.51542
3.31595
3.13055
2.9587
2.80015
2.65454
2.52206
2.40517
2.30637
2.24842
2.25368
2.28521
2.38093
2.60595
3.07981
3.65902
3.93121
3.96343
3.94657
3.89653
3.79482
3.75787
3.76894
3.82219
3.9536
4.22404
4.67483
5.18949
5.51219
5.50589
5.45139
5.31862
5.05364
4.79949
4.55289
4.34204
4.15994
4.00181
3.86527
3.74697
3.64506
3.55837
3.48669
3.42876
3.37858
3.34142
3.32054
3.31661
3.31855
3.32506
3.33943
3.36016
3.37862
3.39155
3.39428
3.39287
3.3877
3.37545
3.35067
3.32026
3.28752
3.25404
3.22051
3.18687
3.15316
3.11909
3.08476
3.05002
3.0151
2.97992
2.94476
2.90953
2.87447
2.83947
2.80475
2.77016
2.7359
2.7018
2.66806
2.63453
2.60137
2.56847
2.53597
2.50375
2.47205
2.44056
2.41
2.37936
2.35176
2.32415
6.32489
6.10511
5.7175
5.37833
5.08053
4.80558
4.54438
4.2955
4.0588
3.83421
3.62278
3.42463
3.23958
3.06755
2.90855
2.76289
2.63246
2.52234
2.44409
2.44662
2.4734
2.56198
2.78215
3.24751
3.87926
4.18325
4.20627
4.18279
4.11422
3.97408
3.84351
3.75065
3.72827
3.73327
3.76477
3.8516
4.03322
4.33922
4.79135
5.14627
5.2861
5.26495
5.18244
4.99981
4.76326
4.53161
4.31373
4.12579
3.96269
3.8212
3.69908
3.59355
3.50317
3.42693
3.36529
3.3113
3.26888
3.24159
3.22962
3.23025
3.23377
3.24259
3.26046
3.27923
3.29424
3.30184
3.30126
3.29796
3.28909
3.27035
3.24256
3.21118
3.17874
3.14608
3.11355
3.08093
3.04823
3.01522
2.98203
2.94852
2.9149
2.88109
2.84734
2.81354
2.77994
2.7464
2.71314
2.68
2.64718
2.61454
2.58225
2.55019
2.51853
2.48712
2.45626
2.42559
2.39589
2.36615
2.33939
2.3128
6.2589
6.1264
5.83474
5.47619
5.16633
4.89017
4.63293
4.38841
4.15572
3.93492
3.72591
3.52931
3.34527
3.17386
3.01613
2.87297
2.75246
2.65659
2.65444
2.67741
2.75846
2.97344
3.42713
4.13009
4.46987
4.48643
4.4578
4.37389
4.20431
4.04574
3.91582
3.81188
3.73582
3.70125
3.69589
3.70642
3.75207
3.86019
4.0695
4.39087
4.75275
5.00796
5.03944
5.0077
4.91414
4.71758
4.50248
4.29086
4.09554
3.92642
3.77936
3.65197
3.54213
3.44758
3.36711
3.30096
3.24435
3.19768
3.16452
3.146
3.14261
3.14423
3.14976
3.16213
3.18043
3.19636
3.20798
3.20842
3.20679
3.20145
3.18876
3.16375
3.13494
3.10406
3.07268
3.04114
3.00975
2.97828
2.94676
2.91496
2.88299
2.85074
2.81843
2.78598
2.75361
2.72123
2.68906
2.65697
2.62516
2.5935
2.56218
2.53105
2.50035
2.46989
2.44
2.41037
2.38173
2.35329
2.32763
2.30291
6.15957
6.09703
5.92327
5.57696
5.25665
4.97568
4.71924
4.4783
4.24921
4.03167
3.82544
3.63103
3.44867
3.2796
3.12549
2.99356
2.8887
2.87307
2.89529
2.97649
3.19225
3.65282
4.40621
4.77592
4.79065
4.75715
4.65992
4.46526
4.2869
4.13772
4.01157
3.90142
3.80537
3.7249
3.67533
3.64489
3.64156
3.65533
3.71088
3.83525
4.0504
4.36133
4.63343
4.80911
4.80047
4.75586
4.65224
4.46263
4.26277
4.06767
3.89237
3.73934
3.60613
3.49117
3.39234
3.3081
3.23741
3.17864
3.12825
3.08979
3.06658
3.0556
3.05612
3.05906
3.06654
3.0817
3.09875
3.11135
3.1173
3.11654
3.11303
3.10403
3.08541
3.05953
3.03045
3.00025
2.96999
2.93974
2.90961
2.87935
2.84901
2.81839
2.78765
2.75668
2.7257
2.69462
2.66367
2.63275
2.60207
2.5715
2.54127
2.51123
2.48163
2.45234
2.42367
2.39545
2.36826
2.34188
2.31784
2.29665
5.98697
5.99887
5.91584
5.70707
5.3675
5.06871
4.80664
4.5663
4.34023
4.12582
3.9226
3.73086
3.55194
3.3877
3.24605
3.13243
3.10798
3.12999
3.21301
3.43527
3.91342
4.72617
5.11894
5.12095
5.08102
4.96774
4.75162
4.55359
4.38816
4.247
4.12046
4.00333
3.89362
3.79249
3.70423
3.63475
3.59509
3.55896
3.56026
3.57845
3.6398
3.77172
3.98169
4.25765
4.47353
4.58092
4.56905
4.52031
4.40857
4.2218
4.03897
3.86048
3.70098
3.56236
3.44214
3.33875
3.25034
3.17562
3.11419
3.06134
3.01888
2.98946
2.97224
2.96823
2.96952
2.97414
2.98448
3.00121
3.01525
3.02549
3.02574
3.02422
3.01899
3.00712
2.984
2.95754
2.92922
2.9002
2.87116
2.84212
2.81318
2.7841
2.75496
2.72558
2.69614
2.66653
2.63699
2.6074
2.57801
2.54872
2.51976
2.49104
2.46282
2.43506
2.40807
2.38193
2.35707
2.33399
2.31299
2.29766
5.55101
5.89287
5.86551
5.74536
5.4846
5.17069
4.89745
4.65464
4.43026
4.21881
4.01889
3.83131
3.65819
3.50809
3.38704
3.35748
3.38045
3.46836
3.70435
4.21444
5.08005
5.49364
5.4891
5.4361
5.2948
5.05871
4.84151
4.66019
4.50506
4.36539
4.23449
4.10918
3.98893
3.87418
3.76708
3.6704
3.58946
3.53258
3.48707
3.4546
3.4577
3.48022
3.54432
3.67662
3.8786
4.10947
4.28926
4.35471
4.3404
4.28968
4.1784
4.00164
3.82849
3.6665
3.5209
3.39496
3.28715
3.19538
3.11736
3.05172
2.99552
2.94922
2.91517
2.89334
2.88245
2.88283
2.88531
2.8918
2.90508
2.91991
2.93121
2.93712
2.93647
2.93339
2.92552
2.90908
2.88566
2.85916
2.83161
2.80375
2.77599
2.74824
2.72057
2.69278
2.66499
2.63702
2.60909
2.58106
2.55322
2.52547
2.49811
2.4711
2.44477
2.41923
2.39493
2.3721
2.35142
2.3341
2.31628
2.30515
4.57343
5.65038
5.77418
5.72308
5.57872
5.28509
4.99784
4.74757
4.52207
4.31257
4.11668
3.93563
3.77806
3.6511
3.62107
3.64633
3.743
3.99866
4.55272
5.46676
5.88964
5.88108
5.81454
5.64555
5.38523
5.14955
4.95261
4.7837
4.63124
4.48765
4.34951
4.21547
4.08575
3.96082
3.84175
3.7299
3.62767
3.53675
3.46847
3.40927
3.36528
3.33752
3.34226
3.36681
3.43066
3.56079
3.74959
3.94213
4.09515
4.13429
4.11973
4.0703
3.96183
3.79877
3.63023
3.48184
3.35205
3.23922
3.14104
3.05771
2.9881
2.93003
2.88076
2.84314
2.81715
2.80169
2.79796
2.79909
2.80302
2.81208
2.82657
2.83954
2.84886
2.85013
2.84879
2.84419
2.83392
2.81355
2.78998
2.76431
2.73798
2.71144
2.6851
2.6588
2.63265
2.60642
2.58029
2.5541
2.52816
2.50239
2.4772
2.45265
2.42931
2.4073
2.3878
2.37094
2.355
2.34106
2.32941
2.32637
2.90318
5.07812
5.64456
5.65099
5.5824
5.41233
5.11833
4.8522
4.61942
4.40997
4.2194
4.05498
3.92323
3.89818
3.92726
4.03614
4.32043
4.93334
5.90415
6.31646
6.30211
6.2171
6.01298
5.72816
5.47491
5.26377
5.08195
4.91681
4.76063
4.60972
4.46286
4.32001
4.18156
4.0481
3.9201
3.79832
3.68355
3.57713
3.48152
3.40001
3.3359
3.27639
3.23302
3.21066
3.2166
3.24222
3.30415
3.4286
3.6017
3.7664
3.90011
3.92461
3.91003
3.86343
3.76152
3.61191
3.45925
3.31774
3.1907
3.08719
2.99942
2.92532
2.86347
2.81198
2.7707
2.74079
2.72127
2.71328
2.71384
2.71659
2.72327
2.7366
2.7502
2.7607
2.76649
2.76602
2.76349
2.75678
2.7428
2.72204
2.69858
2.67391
2.64909
2.62428
2.59978
2.57537
2.55126
2.52729
2.50378
2.48081
2.45887
2.43835
2.42015
2.40492
2.39114
2.37825
2.36914
2.36353
2.36499
2.3719
2.16318
3.78934
5.27891
5.56123
5.545
5.45488
5.25081
4.9704
4.72486
4.51396
4.3391
4.20148
4.18655
4.22119
4.34777
4.67121
5.36104
6.40104
6.7813
6.75801
6.6482
6.3996
6.08876
5.81721
5.5922
5.3983
5.22114
5.05245
4.88863
4.72869
4.57277
4.42136
4.27493
4.13392
3.99857
3.86918
3.74606
3.62966
3.52087
3.42114
3.33227
3.25919
3.19296
3.13713
3.09554
3.07746
3.0841
3.10968
3.16923
3.28729
3.4434
3.58728
3.71089
3.72681
3.71179
3.66457
3.56346
3.42974
3.29707
3.16721
3.0518
2.95263
2.86966
2.80075
2.74435
2.69931
2.66558
2.64374
2.63161
2.63176
2.63358
2.63841
2.64862
2.66258
2.67503
2.68396
2.68577
2.68471
2.68093
2.67223
2.65516
2.63481
2.61271
2.58992
2.5673
2.54497
2.52322
2.50219
2.48206
2.46362
2.44718
2.43435
2.42305
2.41288
2.40541
2.40283
2.40527
2.41312
2.43124
2.47101
1.62645
2.50044
4.42618
5.33657
5.47359
5.43706
5.32684
5.09558
4.84255
4.63957
4.49018
4.48616
4.52816
4.68064
5.0583
5.85714
6.89572
7.25298
7.22383
7.09314
6.8058
6.4686
6.17861
5.9394
5.73318
5.54396
5.36265
5.18562
5.0122
4.8428
4.67811
4.51872
4.36498
4.21715
4.07532
3.93954
3.80988
3.68636
3.56936
3.45921
3.35699
3.26343
3.18301
3.11176
3.04719
2.99465
2.95599
2.94254
2.94923
2.97385
3.03054
3.14137
3.28309
3.41328
3.52308
3.53541
3.52055
3.4749
3.37835
3.25846
3.13645
3.02056
2.91629
2.8258
2.75022
2.68764
2.63689
2.59843
2.57131
2.55538
2.55117
2.55223
2.55571
2.56399
2.57788
2.59175
2.60202
2.60879
2.60861
2.60691
2.60204
2.59154
2.5749
2.55608
2.53639
2.51698
2.49849
2.48187
2.46771
2.45688
2.45005
2.44245
2.4379
2.439
2.44343
2.45441
2.47614
2.51783
2.56591
2.6656
1.33059
1.78178
2.81685
4.78098
5.32819
5.38152
5.333
5.21076
4.98648
4.80363
4.79535
4.84756
5.03317
5.48404
6.42678
7.46202
7.78137
7.73485
7.56674
7.21649
6.85866
6.55632
6.30586
6.08807
5.88657
5.69216
5.50135
5.31375
5.13015
4.9515
4.77852
4.61165
4.4511
4.29694
4.14917
4.00767
3.87241
3.74323
3.62016
3.50326
3.39281
3.28924
3.19373
3.10719
3.03288
2.9626
2.90107
2.85234
2.81641
2.80803
2.81508
2.83836
2.89192
2.99478
3.12519
3.24418
3.34751
3.35356
3.33775
3.29434
3.2028
3.09556
2.98574
2.88175
2.78699
2.70512
2.63791
2.58198
2.53753
2.50486
2.48419
2.4742
2.47464
2.47712
2.48327
2.49586
2.51028
2.52377
2.53308
2.53847
2.53819
2.53639
2.53163
2.52165
2.50787
2.494
2.48169
2.47357
2.47024
2.46539
2.46625
2.46979
2.47759
2.49422
2.52344
2.56766
2.62207
2.71468
2.79202
2.94757
1.17676
1.44544
2.06487
3.53087
4.93747
5.28218
5.30269
5.26509
5.16453
5.13634
5.19842
5.41978
5.96308
7.08202
8.08717
8.31669
8.25241
8.05206
7.64548
7.26018
6.94557
6.68729
6.46054
6.24771
6.04013
5.83508
5.63276
5.43435
5.24108
5.05385
4.87319
4.69936
4.53245
4.37239
4.21909
4.07237
3.93208
3.79803
3.67003
3.54804
3.432
3.32204
3.21845
3.12181
3.03253
2.95364
2.88083
2.81496
2.75684
2.71282
2.67975
2.67574
2.68292
2.70438
2.75642
2.85212
2.97392
3.08384
3.1788
3.18037
3.16426
3.1226
3.03575
2.94084
2.84259
2.74919
2.66387
2.5918
2.53309
2.4839
2.44602
2.41999
2.40452
2.40226
2.40383
2.40816
2.41827
2.43408
2.4498
2.46344
2.47305
2.47964
2.48254
2.48235
2.48147
2.4806
2.4815
2.48318
2.48702
2.49458
2.50909
2.53285
2.56694
2.61505
2.68268
2.77413
2.87118
2.99289
3.08298
3.21985
1.0983
1.22952
1.56437
2.33645
4.04078
5.02155
5.25215
5.31198
5.36821
5.51018
5.84857
6.55778
7.88689
8.80986
8.89845
8.80734
8.55567
8.07934
7.67232
7.35033
7.08601
6.8512
6.6274
6.40648
6.18672
5.96913
5.75539
5.54696
5.34488
5.14979
4.96203
4.78168
4.60874
4.44307
4.28452
4.13296
3.98804
3.84957
3.71732
3.59112
3.47082
3.3563
3.24758
3.14474
3.0482
2.95833
2.8763
2.8024
2.7325
2.67077
2.61656
2.57718
2.54702
2.5473
2.55514
2.57523
2.62452
2.71687
2.83234
2.93174
3.01789
3.01678
3.00014
2.96053
2.87861
2.79496
2.7078
2.62435
2.54892
2.48743
2.43595
2.39381
2.36297
2.34335
2.33603
2.33704
2.34083
2.34944
2.36622
2.38529
2.40402
2.42121
2.43617
2.45003
2.4639
2.48389
2.49754
2.51486
2.53553
2.56566
2.60628
2.66561
2.74344
2.83851
2.94336
3.05599
3.1583
3.25014
3.30354
3.35863
1.04957
1.12066
1.28676
1.6849
2.57281
4.39664
5.10866
5.40703
5.7039
6.27789
7.26699
8.8188
9.62429
9.59631
9.41993
9.01801
8.5121
8.09622
7.77065
7.50393
7.2629
7.02779
6.79231
6.55649
6.3225
6.09256
5.86828
5.65079
5.4407
5.23837
5.04393
4.85742
4.67878
4.50785
4.34446
4.18826
4.03914
3.89675
3.76082
3.63107
3.50727
3.38923
3.27692
3.1701
3.06887
2.97324
2.88378
2.80053
2.72501
2.65421
2.58879
2.53184
2.48192
2.44691
2.42056
2.42224
2.43151
2.45333
2.501
2.59016
2.6985
2.78648
2.86604
2.86377
2.84665
2.80911
2.73253
2.65895
2.58239
2.50882
2.44471
2.39302
2.34908
2.31468
2.29179
2.28091
2.28184
2.28578
2.2952
2.31441
2.34014
2.36893
2.39936
2.43356
2.47158
2.50701
2.54351
2.58793
2.64264
2.71354
2.80029
2.9016
3.01106
3.12062
3.21709
3.29272
3.34074
3.36696
3.36482
3.3607
1.02735
1.06357
1.15488
1.36989
1.88598
3.05853
4.70065
5.56618
6.4486
7.96366
9.85742
10.5163
10.4289
10.1201
9.49541
8.96563
8.54579
8.21785
7.94882
7.69702
7.44833
7.19699
6.94422
6.69307
6.44619
6.20536
5.9718
5.7461
5.52858
5.31944
5.11873
4.92645
4.7425
4.56668
4.39877
4.23847
4.08547
3.93946
3.80013
3.66718
3.54033
3.41935
3.304
3.19415
3.08969
2.9905
2.89666
2.8083
2.72553
2.64952
2.57819
2.51219
2.45139
2.39918
2.35369
2.32251
2.30147
2.30338
2.31282
2.33713
2.38842
2.46918
2.57358
2.65313
2.72484
2.72199
2.70502
2.66904
2.59897
2.53452
2.46812
2.40515
2.35361
2.31153
2.27832
2.25348
2.24508
2.24689
2.25316
2.26717
2.29539
2.33675
2.3891
2.44575
2.50511
2.56998
2.6453
2.7361
2.84106
2.95471
3.07067
3.17786
3.26733
3.32866
3.36713
3.3747
3.37179
3.36359
3.34726
3.33568
1.01522
1.03439
1.08639
1.20044
1.49272
2.1707
3.71421
5.6929
8.202
10.9805
11.4946
11.3036
10.7743
10.0219
9.43651
9.00419
8.67327
8.40104
8.14221
7.88052
7.61179
7.3423
7.07487
6.81179
6.55478
6.30509
6.0635
5.83045
5.60622
5.39093
5.18461
4.9872
4.79856
4.61845
4.4466
4.28267
4.12629
3.97713
3.83482
3.6991
3.5696
3.44614
3.32839
3.21618
3.10932
3.00761
2.911
2.8194
2.7328
2.65138
2.57555
2.5046
2.43788
2.37693
2.32113
2.27343
2.23268
2.20437
2.19009
2.19264
2.20286
2.22896
2.28168
2.36187
2.45946
2.53116
2.59563
2.59257
2.57644
2.54291
2.48236
2.42742
2.37167
2.3221
2.28449
2.25599
2.24477
2.24665
2.25351
2.26913
2.30103
2.35211
2.41721
2.49856
2.59311
2.7045
2.8334
2.96748
3.09718
3.20896
3.29599
3.34835
3.37558
3.37354
3.3672
3.35769
3.34255
3.33025
3.3308
3.33378
1.00883
1.02265
1.05133
1.12922
1.30902
1.77759
2.936
5.7019
11.5716
12.5469
12.2071
11.3824
10.5538
9.93876
9.49994
9.16653
8.88951
8.61669
8.33509
8.0467
7.75614
7.46891
7.18893
6.91576
6.6501
6.3926
6.14375
5.90391
5.67339
5.45235
5.24083
5.03873
4.84586
4.66189
4.48649
4.31928
4.15986
4.00788
3.86297
3.72482
3.59311
3.46755
3.34788
3.23382
3.12518
3.02169
2.92321
2.82958
2.74067
2.65649
2.57697
2.50249
2.4326
2.36686
2.30535
2.24928
2.1984
2.15492
2.11968
2.09448
2.08677
2.09025
2.10253
2.13044
2.18675
2.26444
2.35715
2.42388
2.48278
2.48067
2.46782
2.44071
2.39586
2.35047
2.31062
2.28034
2.27196
2.27518
2.28582
2.3097
2.35741
2.43033
2.52352
2.63859
2.77702
2.92512
3.06615
3.18544
3.27484
3.32881
3.35494
3.35328
3.34845
3.34088
3.32914
3.32785
3.32975
3.33523
3.34685
3.37099
1.00685
1.01799
1.04082
1.10669
1.2572
1.68473
2.84958
6.10812
12.915
12.5966
11.7553
10.9392
10.3786
9.9942
9.6866
9.40392
9.11139
8.80559
8.49332
8.18159
7.87443
7.5733
7.28243
6.99941
6.72619
6.46248
6.20811
5.96324
5.72808
5.50277
5.28734
5.08161
4.88537
4.69826
4.51994
4.35003
4.18811
4.03384
3.88684
3.74675
3.61327
3.48605
3.36483
3.2493
3.13926
3.03439
2.93456
2.83947
2.74904
2.66308
2.58154
2.5043
2.43158
2.36281
2.298
2.23758
2.18149
2.13038
2.08497
2.04555
2.01638
1.99445
1.99475
1.99992
2.01373
2.04516
2.10775
2.18533
2.27428
2.34032
2.3955
2.40379
2.39842
2.3862
2.36588
2.34853
2.35131
2.3623
2.38838
2.44019
2.5184
2.62183
2.74468
2.87445
2.99597
3.09961
3.1801
3.23514
3.26315
3.2744
3.27814
3.28007
3.28405
3.29215
3.30704
3.32816
3.34985
3.37556
3.39392
3.43075
1.00633
1.0162
1.03915
1.09923
1.25151
1.67672
2.92411
6.72587
12.8174
11.9916
11.1196
10.6836
10.4134
10.164
9.88939
9.58236
9.25685
8.92549
8.59594
8.27211
7.95577
7.64747
7.34597
7.05651
6.77799
6.50957
6.25118
6.00283
5.76463
5.53653
5.31848
5.11026
4.91164
4.72228
4.54184
4.36995
4.20622
4.05029
3.90179
3.76033
3.62561
3.49726
3.37502
3.25853
3.14759
3.04188
2.9412
2.84529
2.75398
2.66705
2.58439
2.50585
2.43134
2.36096
2.29444
2.23171
2.17275
2.11778
2.06726
2.02118
1.98133
1.94737
1.92314
1.91168
1.91387
1.92223
1.9425
1.98476
2.05422
2.13954
2.22938
2.30938
2.37153
2.40256
2.43259
2.4604
2.50066
2.5521
2.61691
2.69992
2.79376
2.8864
2.96938
3.03549
3.08108
3.11092
3.13001
3.14166
3.15455
3.17088
3.19349
3.2219
3.2548
3.29171
3.32814
3.36455
3.39797
3.43067
3.4485
3.48046
1.00645
1.01548
1.0393
1.09784
1.25349
1.68176
2.96641
6.93843
12.7274
11.7573
11.0182
10.7011
10.4987
10.2609
9.96998
9.6478
9.31404
8.97897
8.6474
8.32164
8.003
7.69232
7.38984
7.09679
6.81403
6.54135
6.27972
6.02895
5.78884
5.5591
5.33953
5.12985
4.92982
4.73911
4.5574
4.38433
4.21952
4.06259
3.91317
3.77088
3.63538
3.50632
3.38339
3.2663
3.15473
3.04846
2.94719
2.85073
2.75883
2.6713
2.58795
2.50864
2.43325
2.36174
2.29399
2.22981
2.16925
2.11228
2.05913
2.00984
1.96512
1.92516
1.89116
1.86532
1.84844
1.84997
1.85654
1.87297
1.90634
1.96998
2.05754
2.16449
2.28919
2.40659
2.51699
2.62134
2.72222
2.81785
2.9038
2.96904
3.01471
3.04341
3.0453
3.04274
3.0366
3.03675
3.03982
3.04917
3.0696
3.10725
3.15424
3.20633
3.26045
3.31269
3.36158
3.40419
3.43737
3.4657
3.47869
3.50473
1.00656
1.0151
1.04014
1.09692
1.25661
1.68696
2.99408
7.04709
12.6919
11.6697
10.9574
10.6767
10.4965
10.268
9.98019
9.66063
9.32949
8.99667
8.66618
8.34031
8.0209
7.7093
7.40613
7.11198
6.82715
6.55368
6.29121
6.03972
5.799
5.56871
5.34858
5.1383
4.93762
4.74624
4.56385
4.39011
4.22465
4.06712
3.91715
3.77436
3.6384
3.50894
3.38566
3.26823
3.15639
3.04984
2.94834
2.85164
2.7595
2.67174
2.58813
2.50854
2.43279
2.36083
2.29253
2.22785
2.16672
2.10906
2.05502
2.00452
1.95805
1.91573
1.87816
1.84715
1.82142
1.81246
1.81479
1.82301
1.84269
1.88382
1.95919
2.07306
2.22215
2.40339
2.59871
2.7868
2.94677
3.05988
3.13155
3.12839
3.1184
3.10002
3.06059
3.02242
2.99421
2.99528
3.00079
3.01346
3.03882
3.0862
3.14433
3.20702
3.26972
3.32776
3.37849
3.42064
3.4524
3.47809
3.48986
3.51343
)
;

boundaryField
{
    inlet
    {
        type            fixedValue;
        value           uniform 1;
    }
    outlet
    {
        type            waveTransmissive;
        gamma           1.4;
        fieldInf        1;
        lInf            3;
        value           nonuniform List<scalar> 
40
(
2.47169
2.46903
2.46487
2.45929
2.4533
2.44662
2.43987
2.43265
2.42539
2.41779
2.41003
2.40186
2.39326
2.38413
2.37445
2.36422
2.35344
2.34218
2.33055
2.31879
2.3074
2.29741
2.29086
2.29148
2.29844
2.31872
2.36247
2.4578
2.64708
2.92592
3.20235
3.34878
3.35506
3.32956
3.32592
3.36155
3.42084
3.47083
3.49524
3.50381
)
;
    }
    bottom
    {
        type            symmetryPlane;
    }
    top
    {
        type            symmetryPlane;
    }
    obstacle
    {
        type            zeroGradient;
    }
    defaultFaces
    {
        type            empty;
    }
}


// ************************************************************************* //
