/*--------------------------------*- C++ -*----------------------------------*\
  =========                 |
  \\      /  F ield         | OpenFOAM: The Open Source CFD Toolbox
   \\    /   O peration     | Website:  https://openfoam.org
    \\  /    A nd           | Version:  10
     \\/     M anipulation  |
\*---------------------------------------------------------------------------*/
FoamFile
{
    format      ascii;
    class       volScalarField;
    location    "3.5";
    object      T;
}
// * * * * * * * * * * * * * * * * * * * * * * * * * * * * * * * * * * * * * //

dimensions      [0 0 0 1 0 0 0];

internalField   nonuniform List<scalar> 
5250
(
1
1.00002
1.00004
1.0001
1.00025
1.00066
1.00148
1.00407
1.00905
1.02482
1.05914
1.1605
1.42698
2.07987
2.64576
2.76292
2.74351
2.73668
2.74856
2.76435
2.77661
2.7849
2.79125
2.80108
2.80465
1
1.00001
1.00004
1.00009
1.00028
1.00056
1.00168
1.00351
1.00991
1.02259
1.06073
1.15483
1.42199
2.06425
2.64086
2.7626
2.74267
2.73551
2.74742
2.76319
2.77541
2.78369
2.79007
2.79986
2.80335
1
1.00001
1.00004
1.0001
1.00024
1.0006
1.0015
1.00358
1.00932
1.02208
1.0582
1.14949
1.4053
2.03238
2.62877
2.76104
2.74005
2.73208
2.74396
2.75981
2.77205
2.78057
2.78653
2.79652
2.80026
1
1.00001
1.00004
1.00009
1.00024
1.00054
1.00146
1.00338
1.00871
1.02125
1.05443
1.14128
1.3816
1.98076
2.60969
2.75788
2.73548
2.72618
2.73803
2.75384
2.76575
2.77473
2.78063
2.7907
2.79441
1
1.00001
1.00004
1.00008
1.00023
1.0005
1.00136
1.00315
1.00807
1.01976
1.05034
1.13034
1.35126
1.91206
2.58246
2.75181
2.72802
2.71744
2.73013
2.7451
2.75837
2.76617
2.77293
2.78181
2.78596
1
1.00001
1.00003
1.00008
1.0002
1.00049
1.00118
1.00302
1.00705
1.01871
1.04468
1.11921
1.31526
1.82815
2.54513
2.74029
2.71607
2.7045
2.71594
2.73464
2.74581
2.75571
2.76095
2.77117
2.77451
1
1.00001
1.00003
1.00008
1.00017
1.00047
1.00104
1.00278
1.00649
1.0167
1.041
1.10733
1.28354
1.75134
2.50344
2.72777
2.70347
2.69137
2.70255
2.71788
2.7324
2.73949
2.74582
2.75329
2.75712
1
1.00001
1.00003
1.00006
1.00018
1.00038
1.00105
1.00236
1.00619
1.0148
1.03802
1.09635
1.25874
1.68524
2.45268
2.71063
2.6923
2.68186
2.6898
2.70199
2.71319
2.72098
2.72383
2.73098
2.72963
1
1.00001
1.00002
1.00006
1.00015
1.00037
1.00089
1.00228
1.00531
1.0141
1.0333
1.08844
1.23176
1.62101
2.38113
2.68301
2.68297
2.67525
2.67635
2.68544
2.6929
2.69649
2.69659
2.69505
2.68416
1
1.00001
1.00002
1.00005
1.00013
1.00033
1.00082
1.00194
1.00509
1.01178
1.03131
1.07683
1.20749
1.55211
2.28814
2.64606
2.6752
2.66717
2.6627
2.66717
2.66991
2.66887
2.66075
2.64078
2.58472
1
1.00001
1.00002
1.00005
1.00011
1.00032
1.00064
1.00192
1.00396
1.01138
1.02562
1.06962
1.17761
1.48303
2.16919
2.59752
2.66606
2.65691
2.64833
2.64763
2.64556
2.63696
2.61502
2.56549
2.45526
1
1.00001
1.00002
1.00004
1.00011
1.00022
1.00066
1.00141
1.00386
1.00887
1.02329
1.05703
1.15224
1.40471
2.0244
2.53384
2.65223
2.64316
2.63187
2.6269
2.61988
2.60308
2.5672
2.49536
2.36723
1
1.00001
1.00001
1.00004
1.00008
1.00022
1.00049
1.00126
1.00308
1.00746
1.01911
1.0469
1.12306
1.32728
1.84858
2.45282
2.6273
2.6204
2.61128
2.6029
2.59192
2.56892
2.52652
2.44715
2.3305
1
1
1.00001
1.00002
1.00007
1.00015
1.00045
1.00092
1.00266
1.00575
1.01568
1.0367
1.09766
1.25265
1.66715
2.35327
2.58975
2.59153
2.58422
2.57504
2.56205
2.53533
2.49328
2.41943
2.3151
1
1
1.00001
1.00002
1.00005
1.00015
1.00032
1.00085
1.00198
1.00501
1.01229
1.0306
1.07798
1.20528
1.54404
2.23862
2.54515
2.56779
2.55889
2.54681
2.53317
2.50563
2.46409
2.39941
2.30844
1
1
1.00001
1.00002
1.00005
1.00011
1.00027
1.00067
1.00159
1.00413
1.00954
1.02541
1.06116
1.16434
1.43395
2.0653
2.47267
2.54751
2.53997
2.52505
2.50655
2.47928
2.43963
2.38235
2.30394
1
1
1.00001
1.00002
1.00003
1.00009
1.0002
1.00054
1.00126
1.00313
1.00781
1.01902
1.04845
1.12469
1.33162
1.85362
2.37509
2.51901
2.51833
2.50475
2.48329
2.45545
2.41771
2.36671
2.29916
1
1
1
1.00001
1.00003
1.00007
1.00016
1.00039
1.00099
1.00227
1.00605
1.01371
1.03653
1.08902
1.23715
1.61661
2.24724
2.47221
2.4882
2.47843
2.45852
2.43165
2.39686
2.35128
2.29292
1
1
1
1.00001
1.00002
1.00005
1.00011
1.00033
1.00067
1.00193
1.00415
1.01131
1.0262
1.06918
1.17614
1.46996
2.09392
2.41547
2.46201
2.45366
2.43549
2.40894
2.37655
2.33586
2.285
1
1
1
1.00001
1.00002
1.00004
1.00009
1.00022
1.00054
1.00138
1.00317
1.00846
1.01937
1.05163
1.12891
1.34615
1.87338
2.31644
2.43024
2.42981
2.41478
2.38935
2.3581
2.32069
2.27599
1
1
1
1
1.00001
1.00003
1.00007
1.00015
1.0004
1.00096
1.00234
1.00583
1.01393
1.03561
1.08841
1.23138
1.60203
2.17806
2.38044
2.3994
2.38978
2.36783
2.33843
2.30515
2.26535
1
1
1
1
1.00001
1.00002
1.00005
1.00011
1.00031
1.00065
1.0018
1.00398
1.01052
1.02481
1.06426
1.16345
1.43285
2.00923
2.31872
2.37127
2.36454
2.34597
2.31927
2.28905
2.25399
1
1
1
1
1.00001
1.00001
1.00004
1.00008
1.00022
1.00046
1.00127
1.00285
1.0074
1.0177
1.04495
1.11384
1.30072
1.76482
2.20904
2.33231
2.33774
2.32596
2.30236
2.27357
2.24144
1
1
1
1
1
1.00001
1.00002
1.00006
1.00014
1.00035
1.00079
1.00213
1.00465
1.01269
1.02866
1.07634
1.19126
1.50363
2.04807
2.27144
2.30663
2.30131
2.28379
2.25688
2.22786
1
1
1
1
1
1.00001
1.00002
1.00004
1.0001
1.00023
1.00057
1.00139
1.00331
1.00842
1.01982
1.05133
1.12825
1.33822
1.82811
2.17943
2.27134
2.27605
2.26573
2.24366
2.21354
1
1
1
1
1
1
1.00001
1.00002
1.00007
1.00014
1.00041
1.00084
1.00234
1.00511
1.01355
1.03157
1.08203
1.20606
1.53829
2.03369
2.22004
2.24706
2.24282
2.22541
2.20156
1
1
1
1
1
1
1.00001
1.00002
1.00004
1.0001
1.00026
1.00057
1.00156
1.00332
1.00933
1.02023
1.05512
1.13347
1.35555
1.83878
2.14542
2.21615
2.2196
2.20923
2.1882
1
1
1
1
1
1
1
1.00001
1.00003
1.00007
1.00016
1.00038
1.00099
1.00219
1.00591
1.01296
1.03498
1.08252
1.21792
1.55608
2.00838
2.16968
2.19293
2.18861
2.17209
1
1
1
1
1
1
1
1.00001
1.00002
1.00005
1.00009
1.00028
1.00056
1.00158
1.0034
1.00908
1.02089
1.05406
1.13376
1.3518
1.8118
2.09325
2.16028
2.16552
2.15675
1
1
1
1
1
1
1
1
1.00001
1.00002
1.00007
1.00014
1.00041
1.00087
1.00236
1.00521
1.01359
1.03187
1.08188
1.20515
1.53001
1.95435
2.11297
2.1389
2.1368
1
1
1
1
1
1
1
1
1.00001
1.00002
1.00004
1.0001
1.00024
1.00058
1.00139
1.00346
1.008
1.02073
1.04861
1.12656
1.32261
1.75441
2.03205
2.10582
2.11416
1
1
1
1
1
1
1
1
1
1.00001
1.00003
1.00006
1.00015
1.00033
1.00091
1.00186
1.00534
1.01108
1.03044
1.06997
1.18368
1.46288
1.88448
2.05536
2.08662
1
1
1
1
1
1
1
1
1
1.00001
1.00001
1.00004
1.00008
1.00022
1.00051
1.00126
1.00303
1.00716
1.01814
1.04286
1.11034
1.27967
1.67196
1.97076
2.05564
1
1
1
1
1
1
1
1
1
1
1.00001
1.00002
1.00005
1.00013
1.00029
1.0008
1.00163
1.00465
1.00963
1.0265
1.06028
1.15819
1.39904
1.80843
1.99631
1
1
1
1
1
1
1
1
1
1
1.00001
1.00001
1.00003
1.00007
1.00019
1.00043
1.00107
1.00254
1.00605
1.0151
1.03571
1.09088
1.22831
1.56238
1.88929
1
1
1
1
1
1
1
1
1
1
1
1.00001
1.00002
1.00005
1.0001
1.00027
1.00059
1.00151
1.0035
1.00855
1.02071
1.05077
1.12619
1.32458
1.70337
1
1
1
1
1
1
1
1
1
1
1
1
1.00001
1.00003
1.00006
1.00015
1.00034
1.00084
1.00199
1.0047
1.01167
1.02713
1.06875
1.16841
1.42429
1
1
1
1
1
1
1
1
1
1
1
1
1.00001
1.00001
1.00004
1.00008
1.00021
1.00046
1.00116
1.00273
1.0065
1.01606
1.0381
1.09592
1.24103
1
1
1
1
1
1
1
1
1
1
1
1
1
1.00001
1.00002
1.00005
1.00011
1.00027
1.00062
1.00159
1.00346
1.00924
1.02018
1.05314
1.12627
1
1
1
1
1
1
1
1
1
1
1
1
1
1
1.00001
1.00002
1.00006
1.00015
1.00035
1.00085
1.00192
1.00494
1.01081
1.02851
1.06466
1
1
1
1
1
1
1
1
1
1
1
1
1
1
1.00001
1.00001
1.00003
1.00008
1.0002
1.00045
1.00114
1.00251
1.00662
1.01428
1.03816
1
1
1
1
1
1
1
1
1
1
1
1
1
1
1
1.00001
1.00002
1.00004
1.00011
1.00024
1.00061
1.00142
1.00337
1.00819
1.01916
1
1
1
1
1
1
1
1
1
1
1
1
1
1
1
1
1.00001
1.00003
1.00005
1.00015
1.00029
1.00081
1.00169
1.00446
1.00978
1
1
1
1
1
1
1
1
1
1
1
1
1
1
1
1
1.00001
1.00001
1.00003
1.00008
1.00016
1.00043
1.00089
1.00248
1.00502
1
1
1
1
1
1
1
1
1
1
1
1
1
1
1
1
1
1.00001
1.00002
1.00004
1.0001
1.00021
1.00057
1.00121
1.0031
1
1
1
1
1
1
1
1
1
1
1
1
1
1
1
1
1
1
1.00001
1.00002
1.00006
1.00013
1.00034
1.00074
1.00196
1
1
1
1
1
1
1
1
1
1
1
1
1
1
1
1
1
1
1.00001
1.00002
1.00004
1.0001
1.00024
1.00059
1.00144
1
1
1
1
1
1
1
1
1
1
1
1
1
1
1
1
1
1
1.00001
1.00001
1.00004
1.00008
1.00023
1.00047
1.00141
1
1
1
1
1
1
1
1
1
1
1
1
1
1
1
1
1
1
1.00001
1.00001
1.00003
1.00009
1.00019
1.00056
1.00112
1
1
1
1
1
1
1
1
1
1
1
1
1
1
1
1
1
1
1.00001
1.00001
1.00003
1.00009
1.00019
1.00054
1.00114
2.23836
2.07266
2.02095
2.05142
2.1093
2.18083
2.24644
2.27872
2.28385
2.28181
2.27896
2.27759
2.27881
2.2813
2.2854
2.28996
2.29613
2.30726
2.33069
2.38035
2.48262
2.65434
2.83649
2.90795
2.92083
2.96296
3.02504
3.02796
2.98992
2.96449
2.95349
2.94422
2.9403
2.9396
2.94348
2.95642
2.96762
2.98316
2.99746
3.00796
3.0137
3.01678
3.01705
3.01776
3.01298
3.00997
3.00282
2.9985
2.98918
2.98403
2.97272
2.96637
2.95352
2.94731
2.9347
2.92848
2.91592
2.90974
2.89726
2.89108
2.87861
2.87238
2.8598
2.85347
2.84066
2.83419
2.82119
2.81447
2.80171
2.79423
2.78176
2.77402
2.76148
2.75358
2.74121
2.7331
2.72106
2.71278
2.70101
2.69258
2.68103
2.6724
2.66096
2.65217
2.64073
2.6318
2.62033
2.61126
2.59979
2.5906
2.57914
2.57003
2.55859
2.54973
2.53861
2.53019
2.51993
2.51297
2.50571
2.50269
2.23234
2.13508
2.08097
2.04408
2.0075
1.97901
1.97166
1.97538
1.9888
2.00728
2.02211
2.02743
2.02727
2.02696
2.02718
2.0285
2.03251
2.04297
2.06605
2.11411
2.21454
2.39643
2.68278
2.81923
2.85752
2.89719
2.96601
3.01524
3.0419
3.05606
3.05493
3.043
3.03031
3.02744
3.03072
3.03172
3.02774
3.0171
3.00335
2.9877
2.95187
2.93917
2.91245
2.90143
2.87931
2.86869
2.84885
2.83822
2.82083
2.81175
2.79533
2.78456
2.76817
2.75829
2.74273
2.73336
2.71795
2.70892
2.6939
2.68486
2.67047
2.6611
2.64734
2.63769
2.62427
2.61459
2.60134
2.59181
2.5787
2.5694
2.55641
2.54724
2.53443
2.52522
2.51269
2.50338
2.49119
2.48186
2.46997
2.46074
2.44906
2.43999
2.42842
2.41947
2.40798
2.39912
2.38771
2.37892
2.3676
2.35893
2.34771
2.33917
2.32801
2.31965
2.30873
2.30084
2.2908
2.28434
2.27712
2.27466
2.23077
2.14336
2.06417
1.98895
1.91996
1.86594
1.84045
1.83819
1.84213
1.85365
1.86935
1.88194
1.88927
1.89228
1.8931
1.89403
1.89641
1.90225
1.91609
1.9472
2.01432
2.16862
2.40621
2.57858
2.69221
2.76423
2.78838
2.82192
2.88933
2.94712
2.99683
3.02728
3.03708
3.04462
3.03923
3.0233
2.99142
2.95962
2.92764
2.8986
2.87406
2.85612
2.83449
2.82045
2.8012
2.7893
2.77136
2.75988
2.74281
2.73233
2.71699
2.70515
2.68924
2.67754
2.66302
2.65198
2.6377
2.62694
2.61301
2.60249
2.58898
2.57838
2.5652
2.55437
2.54136
2.5305
2.51744
2.50681
2.49366
2.48339
2.47042
2.46039
2.44778
2.43778
2.42549
2.4154
2.40333
2.39319
2.38132
2.3713
2.35962
2.34987
2.33832
2.32885
2.31743
2.30809
2.29682
2.28746
2.27632
2.26691
2.2559
2.24656
2.23579
2.22668
2.21628
2.20765
2.19803
2.19075
2.18368
2.18029
2.22082
2.13572
2.05498
1.98116
1.91628
1.86281
1.8219
1.79235
1.77669
1.77275
1.77422
1.78009
1.78946
1.79833
1.80408
1.80699
1.80866
1.81191
1.81965
1.83816
1.88068
1.98765
2.14251
2.39001
2.55079
2.58624
2.60944
2.67382
2.73286
2.76004
2.80633
2.85596
2.89016
2.90359
2.89735
2.8749
2.83775
2.80519
2.77411
2.75405
2.73393
2.7207
2.70433
2.69194
2.67653
2.66513
2.65107
2.64026
2.62634
2.61618
2.60281
2.59354
2.57911
2.56915
2.55496
2.54527
2.53153
2.5219
2.50853
2.49931
2.48626
2.47749
2.46446
2.45574
2.44271
2.43381
2.4211
2.41201
2.39961
2.39033
2.37799
2.36857
2.35627
2.34687
2.33481
2.32543
2.31373
2.30424
2.29285
2.28324
2.27208
2.26253
2.25156
2.24226
2.23145
2.22232
2.21158
2.20244
2.19182
2.18261
2.17211
2.16284
2.15255
2.14341
2.13348
2.12476
2.11552
2.10798
2.10099
2.09722
2.21687
2.13369
2.05748
1.98719
1.92384
1.86722
1.81808
1.77713
1.74572
1.72557
1.71789
1.71789
1.71978
1.72515
1.73252
1.73897
1.744
1.74817
1.75418
1.76655
1.79291
1.8498
1.97895
2.1843
2.35468
2.43417
2.50189
2.54384
2.56651
2.61661
2.66638
2.70541
2.7404
2.75469
2.7489
2.72652
2.69625
2.66651
2.6454
2.63027
2.61788
2.61086
2.60094
2.59479
2.5831
2.57647
2.56516
2.55875
2.54698
2.5395
2.52708
2.51862
2.50578
2.49722
2.48553
2.47775
2.46589
2.4569
2.44419
2.43471
2.42271
2.41394
2.40274
2.39397
2.38227
2.37269
2.3603
2.35047
2.33828
2.32884
2.31717
2.30778
2.29624
2.28645
2.27484
2.26493
2.25352
2.24394
2.23288
2.22365
2.21277
2.20353
2.19263
2.1831
2.17223
2.16251
2.15193
2.14227
2.13198
2.12262
2.11251
2.10354
2.09351
2.0848
2.07492
2.0664
2.05703
2.04919
2.04193
2.03751
2.21932
2.13867
2.06481
1.99715
1.9354
1.87963
1.83009
1.78682
1.75066
1.72131
1.69912
1.68499
1.67944
1.67938
1.68083
1.68494
1.69134
1.69784
1.70439
1.71248
1.7286
1.76292
1.84062
1.97411
2.21869
2.33136
2.3641
2.41354
2.46492
2.50909
2.54247
2.59409
2.64133
2.65194
2.64377
2.61989
2.58595
2.55372
2.52945
2.51104
2.5034
2.50127
2.49915
2.49624
2.49024
2.48514
2.47708
2.4714
2.46254
2.45827
2.45028
2.44457
2.43426
2.42569
2.4143
2.40635
2.39663
2.38967
2.37935
2.37075
2.35866
2.3493
2.33776
2.3295
2.31927
2.31127
2.30065
2.29146
2.2798
2.26995
2.25835
2.24905
2.23813
2.22933
2.21845
2.20936
2.19798
2.18844
2.17691
2.16736
2.15615
2.14682
2.13608
2.12683
2.11631
2.10696
2.09648
2.08712
2.07665
2.06746
2.0571
2.04806
2.03799
2.02908
2.01946
2.01086
2.00192
1.99424
1.98718
1.98312
2.22315
2.14786
2.07666
2.01118
1.9507
1.89574
1.84565
1.80097
1.76122
1.72692
1.69833
1.67516
1.65883
1.64937
1.64641
1.64668
1.64831
1.65241
1.65788
1.6651
1.67612
1.6982
1.74327
1.85145
2.00008
2.19061
2.29102
2.33253
2.35845
2.40728
2.46836
2.52775
2.57148
2.57928
2.56867
2.54263
2.50526
2.46682
2.44136
2.42343
2.41235
2.41082
2.41466
2.41742
2.41808
2.41684
2.41366
2.41116
2.40629
2.40335
2.39747
2.393
2.38418
2.37703
2.36666
2.35891
2.349
2.34178
2.33225
2.32463
2.31417
2.30521
2.29365
2.28408
2.27268
2.26369
2.25306
2.24446
2.23374
2.22449
2.21304
2.20311
2.19159
2.18188
2.17113
2.162
2.15182
2.14275
2.13234
2.12291
2.1121
2.10263
2.0918
2.08264
2.07215
2.06329
2.05319
2.04436
2.03447
2.02556
2.01581
2.00702
1.99745
1.98904
1.97974
1.97182
1.963
1.95583
1.94868
1.9448
2.226
2.1568
2.09003
2.0268
1.96837
1.91406
1.86469
1.8192
1.77875
1.742
1.71042
1.68301
1.66097
1.64318
1.6312
1.62419
1.62228
1.62273
1.62464
1.629
1.63688
1.65044
1.67772
1.73369
1.85718
2.04021
2.1675
2.24851
2.3049
2.35099
2.41775
2.4866
2.53527
2.53713
2.52354
2.49106
2.44728
2.40494
2.37472
2.35708
2.34655
2.34228
2.3442
2.35025
2.35627
2.35744
2.35826
2.35713
2.35424
2.35162
2.34632
2.34292
2.33584
2.32933
2.31963
2.3118
2.30174
2.29428
2.28466
2.27729
2.26716
2.25888
2.24791
2.23891
2.22768
2.21863
2.20773
2.19902
2.18853
2.17995
2.16948
2.16056
2.14974
2.14034
2.12941
2.11991
2.10931
2.10012
2.09011
2.08126
2.07151
2.06269
2.05281
2.04385
2.03382
2.02495
2.01509
2.00661
1.99722
1.98916
1.98016
1.97227
1.96334
1.95546
1.9464
1.93869
1.92978
1.92284
1.91546
1.9119
2.22614
2.16398
2.10168
2.04219
1.98571
1.93324
1.88447
1.83951
1.79843
1.76094
1.7274
1.69729
1.67133
1.64883
1.63098
1.61664
1.60761
1.6028
1.60232
1.60328
1.60635
1.61347
1.62907
1.66209
1.73266
1.86644
2.07115
2.17114
2.2384
2.31192
2.40647
2.48709
2.51885
2.51703
2.49794
2.45732
2.40829
2.36436
2.33298
2.31149
2.30115
2.29681
2.29401
2.29598
2.30095
2.30658
2.30816
2.31138
2.31043
2.30837
2.30388
2.30053
2.29378
2.28781
2.27841
2.27042
2.26004
2.25187
2.24175
2.23402
2.22408
2.2161
2.20566
2.197
2.18608
2.17702
2.16602
2.15699
2.14625
2.13757
2.1273
2.11903
2.10909
2.10083
2.09076
2.08198
2.07162
2.06245
2.05205
2.04296
2.03294
2.02436
2.0149
2.00687
1.99776
1.98997
1.98091
1.97313
1.96407
1.95634
1.94752
1.93998
1.93164
1.92434
1.9165
1.90936
1.90191
1.89514
1.88873
1.88484
2.22421
2.16832
2.11164
2.0554
2.00229
1.95111
1.90419
1.85953
1.81913
1.78097
1.74694
1.71523
1.68738
1.66225
1.64059
1.62261
1.6076
1.59692
1.58928
1.58723
1.58787
1.59069
1.5982
1.61595
1.65523
1.74822
1.88494
2.09238
2.20761
2.30482
2.42604
2.50652
2.52003
2.51178
2.48339
2.43596
2.38627
2.34495
2.31339
2.28984
2.27599
2.26594
2.2625
2.25747
2.25489
2.25709
2.26064
2.26477
2.26525
2.26344
2.25907
2.25473
2.24795
2.24274
2.23412
2.22668
2.21665
2.20848
2.19814
2.19005
2.18012
2.17247
2.16288
2.15522
2.14553
2.13749
2.12754
2.11914
2.10901
2.10045
2.09034
2.08186
2.07205
2.06382
2.05442
2.0465
2.03741
2.02954
2.02041
2.01239
2.00312
1.99501
1.98579
1.97782
1.96885
1.96117
1.95252
1.94514
1.93673
1.92955
1.92127
1.9142
1.90598
1.89897
1.89082
1.8839
1.87599
1.86951
1.86275
1.85917
2.21999
2.16994
2.11846
2.06671
2.01638
1.9682
1.92225
1.87943
1.83894
1.80181
1.76679
1.73524
1.70553
1.67948
1.65503
1.63454
1.61565
1.6009
1.58849
1.5796
1.57584
1.57625
1.57928
1.58805
1.60938
1.65794
1.77529
1.93776
2.14719
2.33434
2.47684
2.53815
2.5372
2.52184
2.48302
2.43193
2.38519
2.34538
2.31238
2.28688
2.26455
2.2482
2.23553
2.22632
2.21848
2.21129
2.21063
2.21184
2.21353
2.21278
2.20988
2.20655
2.20008
2.19597
2.18924
2.18354
2.17477
2.16757
2.15801
2.15051
2.14121
2.13421
2.12541
2.11848
2.1097
2.10252
2.0937
2.08627
2.0773
2.06957
2.06038
2.05243
2.04313
2.03517
2.02606
2.01825
2.00939
2.00178
1.99316
1.98573
1.97729
1.96993
1.96155
1.95419
1.94582
1.93848
1.93011
1.92284
1.91453
1.90739
1.89922
1.89223
1.88427
1.87745
1.86973
1.86311
1.8557
1.84957
1.84314
1.83982
2.21334
2.169
2.12211
2.07482
2.02796
1.98242
1.93878
1.89708
1.85788
1.82081
1.7864
1.75404
1.72442
1.69659
1.67179
1.64841
1.62846
1.60994
1.59488
1.58221
1.57246
1.5687
1.56941
1.57334
1.58515
1.61404
1.68003
1.81227
2.06889
2.35748
2.5459
2.57663
2.56911
2.54316
2.49766
2.44773
2.39932
2.35678
2.31968
2.28698
2.25663
2.22922
2.20706
2.19063
2.17856
2.16838
2.16056
2.15575
2.15565
2.15623
2.15739
2.15623
2.15349
2.15083
2.14601
2.14263
2.13605
2.13063
2.12264
2.11631
2.10803
2.10173
2.09363
2.08733
2.07914
2.07257
2.06431
2.05745
2.0491
2.04192
2.03345
2.02608
2.01767
2.0104
2.00207
1.99479
1.98639
1.979
1.97051
1.96303
1.95456
1.94714
1.9388
1.93157
1.92343
1.91646
1.9085
1.9017
1.89385
1.88712
1.87936
1.87267
1.86504
1.85845
1.85098
1.84457
1.83736
1.83141
1.8251
1.82188
2.20549
2.16571
2.12399
2.08023
2.03715
1.99432
1.95311
1.91312
1.87541
1.83898
1.80531
1.77271
1.7433
1.71453
1.68936
1.66447
1.64342
1.62259
1.60585
1.58939
1.57763
1.56765
1.56604
1.5684
1.57663
1.59819
1.64901
1.76124
2.03228
2.32771
2.59358
2.63263
2.61863
2.58134
2.51818
2.45413
2.39547
2.34894
2.3082
2.27056
2.23194
2.19674
2.1678
2.14797
2.13364
2.12233
2.11433
2.10676
2.10372
2.1041
2.10683
2.10899
2.1109
2.10986
2.10728
2.10509
2.10056
2.09698
2.09031
2.08475
2.07707
2.07106
2.06351
2.05755
2.05005
2.04397
2.0363
2.03
2.02213
2.01553
2.0075
2.00069
1.9927
1.98575
1.97778
1.97076
1.96282
1.95583
1.94797
1.94107
1.93323
1.92638
1.91852
1.91175
1.90386
1.89719
1.88933
1.88276
1.87496
1.86846
1.86076
1.85431
1.84677
1.8404
1.83308
1.82684
1.81979
1.81393
1.80772
1.80448
2.19607
2.16073
2.12314
2.08409
2.04346
2.00386
1.9646
1.92665
1.8901
1.85528
1.82186
1.79047
1.76051
1.7324
1.70629
1.68126
1.65911
1.63722
1.61903
1.60075
1.58698
1.57422
1.57037
1.57233
1.57936
1.5983
1.64349
1.74269
1.96897
2.21455
2.55433
2.60107
2.57797
2.52975
2.46237
2.40657
2.35181
2.30123
2.26283
2.2297
2.19848
2.16676
2.14116
2.11832
2.10207
2.08877
2.07879
2.07152
2.0668
2.06382
2.06296
2.06459
2.06649
2.06853
2.06841
2.06716
2.06451
2.0624
2.05801
2.05385
2.04708
2.04179
2.03483
2.02949
2.02264
2.01722
2.01031
2.00466
1.99754
1.9916
1.98425
1.97804
1.97044
1.96392
1.95619
1.94948
1.94179
1.93504
1.92741
1.92072
1.91306
1.9064
1.89865
1.89208
1.8843
1.87784
1.87014
1.86378
1.85622
1.84994
1.84251
1.83629
1.82898
1.82281
1.81562
1.80956
1.80259
1.7969
1.79075
1.7876
2.18576
2.15445
2.12051
2.08474
2.04846
2.01043
1.97429
1.93787
1.90265
1.86936
1.8363
1.80614
1.7763
1.74864
1.72248
1.69725
1.67469
1.65222
1.63311
1.61395
1.59899
1.58559
1.58205
1.58471
1.59315
1.61501
1.6648
1.77115
1.93176
2.13052
2.34822
2.47663
2.48672
2.4655
2.43269
2.38315
2.32795
2.2773
2.24094
2.21081
2.18106
2.15134
2.12426
2.10161
2.08127
2.06529
2.0514
2.04121
2.03171
2.02685
2.02382
2.02355
2.02489
2.02809
2.02971
2.03157
2.03084
2.02971
2.02739
2.02515
2.02048
2.01611
2.00953
2.00432
1.99764
1.99241
1.98569
1.98016
1.97316
1.96734
1.96025
1.95419
1.94697
1.94074
1.93343
1.92716
1.91979
1.91354
1.90611
1.89986
1.89242
1.88616
1.87876
1.87252
1.86519
1.85901
1.85178
1.84565
1.83849
1.8324
1.82526
1.8192
1.81208
1.80606
1.79903
1.79309
1.78629
1.7807
1.77468
1.77154
2.17319
2.14607
2.11545
2.08303
2.04953
2.01561
1.9798
1.94753
1.91236
1.88139
1.84914
1.81928
1.79084
1.7627
1.73769
1.71177
1.68985
1.66649
1.6475
1.62776
1.61272
1.60128
1.60114
1.60605
1.61995
1.65397
1.73311
1.84919
1.96872
2.05568
2.17192
2.32592
2.40411
2.41136
2.39443
2.36957
2.3262
2.27453
2.23447
2.20244
2.17028
2.141
2.11317
2.08947
2.06692
2.04819
2.03141
2.01872
2.00779
1.99947
1.99352
1.99028
1.9891
1.98933
1.99122
1.99415
1.99603
1.9967
1.99564
1.99438
1.99172
1.98902
1.98356
1.97872
1.97225
1.96708
1.96072
1.95537
1.94897
1.94358
1.9371
1.93159
1.92482
1.91907
1.91203
1.9061
1.899
1.89298
1.88589
1.87983
1.87278
1.86675
1.85971
1.85373
1.84668
1.84076
1.83373
1.82788
1.82093
1.81513
1.80827
1.80246
1.79571
1.78988
1.78323
1.77741
1.7709
1.76534
1.75948
1.75622
2.16254
2.13438
2.10823
2.0787
2.04771
2.01758
1.98431
1.95265
1.92158
1.8895
1.86098
1.83018
1.80364
1.77542
1.75075
1.72564
1.70268
1.68116
1.6601
1.64299
1.62736
1.62295
1.62634
1.63651
1.66201
1.72333
1.8265
1.93533
1.99059
2.02704
2.06961
2.15061
2.25661
2.32371
2.34495
2.33591
2.31795
2.27806
2.23623
2.20061
2.16576
2.1351
2.10727
2.08138
2.05739
2.03613
2.01775
2.00135
1.98833
1.97655
1.96811
1.96054
1.95776
1.95549
1.95554
1.95671
1.95955
1.96113
1.96311
1.96258
1.96126
1.95987
1.95691
1.95351
1.94767
1.94282
1.93662
1.93163
1.9255
1.92041
1.91426
1.90894
1.9026
1.89702
1.89045
1.88473
1.87803
1.87234
1.86562
1.85998
1.85325
1.84758
1.84083
1.83511
1.82832
1.82264
1.81585
1.81026
1.80356
1.79803
1.79147
1.78591
1.77945
1.77377
1.76736
1.76164
1.75532
1.7499
1.74419
1.74106
2.14862
2.12502
2.09751
2.0732
2.04351
2.01578
1.98682
1.9563
1.92702
1.89779
1.86855
1.84153
1.81318
1.78838
1.76168
1.73904
1.7149
1.69436
1.67425
1.65751
1.64877
1.64968
1.65797
1.67872
1.72796
1.82583
1.93085
1.98705
2.00357
2.00918
2.02029
2.04845
2.1041
2.17246
2.24791
2.28908
2.28516
2.26849
2.24207
2.20708
2.16958
2.13561
2.10495
2.07631
2.05139
2.02738
2.00769
1.98846
1.97289
1.95842
1.94735
1.93757
1.93022
1.92577
1.92359
1.9228
1.92301
1.92456
1.92724
1.92879
1.92932
1.92855
1.92717
1.92557
1.9222
1.91837
1.91266
1.90803
1.90211
1.89742
1.89144
1.88659
1.88049
1.8754
1.86917
1.86383
1.85753
1.85198
1.84567
1.84001
1.83367
1.82805
1.82161
1.81612
1.80957
1.80421
1.79766
1.79236
1.7859
1.78061
1.77428
1.76897
1.76273
1.7574
1.75123
1.74588
1.73979
1.73464
1.72909
1.72604
2.13736
2.11278
2.0886
2.06351
2.03917
2.01143
1.9853
1.9581
1.93004
1.90254
1.87558
1.84852
1.82304
1.79716
1.77366
1.74904
1.72796
1.70609
1.68921
1.67592
1.67574
1.68249
1.70048
1.74122
1.82969
1.93731
1.99736
2.01181
2.00809
1.99992
1.99534
1.99701
2.01212
2.05044
2.10556
2.18646
2.22757
2.23342
2.22297
2.20702
2.17517
2.14078
2.10664
2.07519
2.04698
2.02188
1.99896
1.97866
1.95978
1.94397
1.92966
1.91853
1.9081
1.90042
1.89419
1.89194
1.89009
1.89011
1.89099
1.89356
1.89461
1.8966
1.89629
1.89554
1.89446
1.89263
1.88873
1.88464
1.87915
1.87457
1.8689
1.86423
1.85846
1.85367
1.84773
1.84275
1.83665
1.83153
1.82537
1.8202
1.81402
1.80885
1.80266
1.79747
1.79127
1.78603
1.77983
1.77457
1.76847
1.76328
1.75733
1.75219
1.74636
1.74124
1.73544
1.73034
1.72456
1.71971
1.7144
1.71157
2.12204
2.10155
2.07797
2.05565
2.03149
2.00797
1.98186
1.95683
1.9316
1.90535
1.87955
1.85464
1.82926
1.80561
1.78156
1.76011
1.73769
1.72001
1.7047
1.70229
1.70818
1.72367
1.75972
1.83851
1.94824
2.01447
2.02912
2.02202
2.01087
1.99182
1.97533
1.96895
1.9698
1.97927
2.00444
2.05178
2.11353
2.15825
2.18268
2.17772
2.16407
2.14281
2.11207
2.07953
2.04744
2.01926
1.99427
1.97171
1.9504
1.93249
1.91607
1.902
1.88967
1.87923
1.8703
1.86376
1.86022
1.85841
1.85817
1.85846
1.85992
1.86297
1.86382
1.86555
1.86507
1.8645
1.86315
1.8609
1.85633
1.85208
1.84663
1.84207
1.83659
1.83204
1.82649
1.82176
1.81604
1.81119
1.80543
1.80057
1.79476
1.78988
1.78396
1.77907
1.77308
1.76823
1.76226
1.75746
1.75163
1.74678
1.74113
1.73616
1.73063
1.72559
1.72006
1.71505
1.70952
1.70481
1.69971
1.69701
2.10759
2.09053
2.06783
2.04538
2.02412
2.00093
1.97876
1.95376
1.9305
1.90644
1.8824
1.85796
1.83482
1.81136
1.78919
1.76787
1.74947
1.73284
1.7291
1.73435
1.74814
1.78102
1.84916
1.96066
2.03363
2.05008
2.04316
2.02923
2.00821
1.98511
1.9641
1.95191
1.94505
1.94511
1.94882
1.96361
1.99609
2.03919
2.09425
2.12214
2.12824
2.12048
2.10765
2.08148
2.05125
2.02243
1.99434
1.96793
1.94518
1.92437
1.90565
1.88877
1.87438
1.86153
1.85101
1.84163
1.83483
1.83006
1.82822
1.82727
1.82742
1.82843
1.8306
1.833
1.83469
1.83525
1.83493
1.83414
1.83219
1.82934
1.82456
1.82032
1.81505
1.81066
1.80538
1.80092
1.79556
1.79103
1.78562
1.78107
1.77562
1.77106
1.7655
1.76091
1.75529
1.75068
1.74508
1.74038
1.73484
1.73004
1.72457
1.71977
1.71433
1.70965
1.70421
1.69967
1.69427
1.68997
1.68505
1.68255
2.08764
2.07665
2.05794
2.03576
2.01454
1.99409
1.97229
1.951
1.92766
1.90548
1.88291
1.86064
1.83786
1.81659
1.79503
1.77647
1.76032
1.75464
1.75907
1.7725
1.80266
1.86497
1.97957
2.05706
2.07466
2.06717
2.05202
2.03003
2.00284
1.97962
1.95891
1.94202
1.92883
1.92192
1.91765
1.91833
1.92524
1.94371
1.97879
2.01939
2.05623
2.07744
2.07496
2.06548
2.05075
2.02552
1.99705
1.96938
1.94389
1.92016
1.89893
1.87974
1.86261
1.84783
1.83477
1.82388
1.81442
1.80684
1.80131
1.79859
1.79728
1.79739
1.7979
1.79952
1.80276
1.80399
1.80587
1.80572
1.80525
1.80417
1.80154
1.79816
1.79331
1.78926
1.78424
1.78017
1.77521
1.77111
1.76611
1.76187
1.75674
1.75238
1.74715
1.74273
1.73743
1.73298
1.72765
1.7232
1.71789
1.71344
1.70816
1.70373
1.69846
1.69407
1.68882
1.68451
1.67934
1.67534
1.67075
1.66856
2.06704
2.06185
2.04657
2.02632
2.00588
1.98583
1.9662
1.94533
1.92511
1.90306
1.88225
1.86081
1.84051
1.82002
1.80172
1.78545
1.77916
1.78298
1.79605
1.82514
1.88548
1.99554
2.07627
2.09631
2.08951
2.07486
2.05119
2.02406
1.99898
1.97674
1.95656
1.93752
1.92095
1.90635
1.89694
1.88979
1.8877
1.8888
1.89813
1.91926
1.95142
1.99049
2.01355
2.02754
2.02358
2.01425
1.99648
1.97318
1.94664
1.92019
1.89629
1.87477
1.85522
1.83764
1.82237
1.80905
1.79789
1.78778
1.77985
1.77355
1.76992
1.7682
1.76809
1.76833
1.76967
1.77177
1.77504
1.77626
1.77767
1.77738
1.77666
1.77509
1.77166
1.76826
1.7635
1.75972
1.755
1.75119
1.74653
1.74259
1.73789
1.73382
1.72897
1.72484
1.71984
1.71568
1.71055
1.70636
1.7012
1.697
1.69188
1.68769
1.68263
1.67854
1.67353
1.66964
1.66479
1.66132
1.65721
1.65548
2.03678
2.04105
2.03374
2.01755
1.99706
1.97745
1.95839
1.93958
1.91997
1.90056
1.88041
1.86064
1.84132
1.8239
1.8086
1.80213
1.80578
1.81898
1.84774
1.90744
2.01377
2.09789
2.1191
2.11243
2.09771
2.07344
2.04572
2.01923
1.99685
1.97453
1.95504
1.93475
1.91619
1.8986
1.88279
1.87109
1.86205
1.8547
1.85469
1.85664
1.86712
1.88898
1.91763
1.95251
1.9708
1.97813
1.97343
1.96471
1.9468
1.92211
1.89841
1.87373
1.85164
1.83148
1.81391
1.79776
1.78426
1.77235
1.76235
1.75382
1.74697
1.7426
1.73993
1.73953
1.73976
1.74058
1.74315
1.74568
1.74791
1.74937
1.74948
1.74925
1.74829
1.7464
1.74256
1.73924
1.73483
1.73116
1.72673
1.72306
1.71862
1.71494
1.71039
1.70666
1.70198
1.69816
1.6934
1.68948
1.68468
1.6807
1.67588
1.67201
1.66716
1.66358
1.65878
1.65557
1.65115
1.64848
1.64522
1.64416
2.00004
2.0193
2.01807
2.00689
1.9893
1.96957
1.95087
1.93291
1.91484
1.8965
1.87825
1.86008
1.84304
1.82877
1.82295
1.82702
1.84086
1.8703
1.9305
2.03478
2.12154
2.14344
2.13676
2.12262
2.09601
2.06633
2.0398
2.01588
1.99391
1.97322
1.95248
1.9329
1.91231
1.89364
1.87476
1.85854
1.84491
1.83353
1.82568
1.8184
1.81878
1.82195
1.83342
1.85525
1.88128
1.90997
1.92621
1.93046
1.92538
1.91659
1.89952
1.87499
1.85175
1.82966
1.80874
1.79063
1.77411
1.76025
1.74777
1.73769
1.72835
1.72141
1.71597
1.71276
1.71171
1.71188
1.71234
1.71426
1.71647
1.71964
1.72104
1.72257
1.72255
1.72208
1.72059
1.71847
1.71459
1.71129
1.707
1.70351
1.69932
1.69585
1.69169
1.68825
1.68399
1.6806
1.67618
1.6728
1.66821
1.6648
1.66016
1.6568
1.65235
1.64922
1.64519
1.64259
1.6393
1.6377
1.63515
1.63459
1.9249
1.98663
1.99707
1.99331
1.9803
1.96228
1.94378
1.92643
1.90915
1.89234
1.87542
1.85994
1.84643
1.84133
1.84624
1.8609
1.89248
1.95253
2.05987
2.14491
2.16558
2.1577
2.14378
2.11695
2.08634
2.05906
2.03492
2.013
1.99167
1.97129
1.9503
1.92991
1.90912
1.88898
1.86956
1.85054
1.83393
1.81797
1.80608
1.79446
1.78693
1.7815
1.78208
1.78597
1.79814
1.82015
1.84407
1.86761
1.88216
1.88382
1.87945
1.87077
1.85376
1.83101
1.80737
1.78712
1.76849
1.75159
1.73676
1.72379
1.71329
1.70377
1.69645
1.69048
1.68713
1.68489
1.68495
1.6853
1.68646
1.68914
1.69149
1.69431
1.69524
1.69643
1.69633
1.69562
1.69374
1.69135
1.68767
1.68464
1.68067
1.67765
1.67369
1.67069
1.66665
1.66356
1.65944
1.65634
1.65221
1.64922
1.64512
1.64238
1.63847
1.63623
1.63311
1.63181
1.62929
1.62862
1.62772
1.62789
1.78373
1.93907
1.97067
1.97468
1.96897
1.95519
1.93736
1.92012
1.90374
1.88771
1.87351
1.8614
1.85786
1.86399
1.87982
1.9145
1.97587
2.08388
2.16767
2.18696
2.17884
2.16213
2.1357
2.10575
2.07816
2.05386
2.03159
2.01039
1.98954
1.96852
1.94752
1.92625
1.90541
1.88438
1.86435
1.8444
1.8258
1.8081
1.79214
1.77858
1.76648
1.75599
1.74898
1.74486
1.74547
1.74955
1.76134
1.78305
1.80512
1.82535
1.83871
1.83893
1.83519
1.8268
1.81116
1.78928
1.76792
1.74778
1.72996
1.71448
1.70121
1.68974
1.68014
1.67227
1.66582
1.66176
1.65871
1.65852
1.65876
1.65975
1.6617
1.66495
1.66705
1.6695
1.67028
1.67113
1.67086
1.66988
1.66762
1.66521
1.66175
1.65896
1.65531
1.65274
1.649
1.64663
1.64278
1.64051
1.63665
1.63443
1.63085
1.6289
1.62629
1.62509
1.62342
1.62247
1.6225
1.62314
1.62562
1.62614
1.57065
1.85232
1.94077
1.95637
1.95591
1.94702
1.93167
1.91429
1.89849
1.88435
1.87323
1.87154
1.87949
1.89714
1.93504
2.00229
2.10896
2.19107
2.20876
2.20035
2.18136
2.15312
2.1235
2.0966
2.07253
2.05007
2.02855
2.00723
1.98588
1.96451
1.94304
1.92161
1.90032
1.87926
1.85874
1.83876
1.81931
1.80095
1.78295
1.76681
1.75177
1.73895
1.72719
1.71684
1.71032
1.70799
1.7088
1.71312
1.72416
1.74567
1.76655
1.78426
1.7974
1.79783
1.79406
1.78552
1.76956
1.75062
1.7312
1.71293
1.69546
1.68098
1.66776
1.65734
1.64819
1.64125
1.63631
1.63304
1.6323
1.63248
1.63328
1.6356
1.63768
1.64123
1.64333
1.64544
1.6461
1.6469
1.64648
1.64535
1.64279
1.64098
1.63756
1.63556
1.63216
1.63019
1.62695
1.62497
1.62218
1.62052
1.61878
1.61787
1.61703
1.61658
1.61686
1.61772
1.61999
1.62376
1.6293
1.63367
1.32551
1.67853
1.87276
1.9263
1.93679
1.93471
1.92437
1.90892
1.89439
1.88344
1.88283
1.89302
1.91254
1.954
2.02909
2.13429
2.2102
2.22739
2.21921
2.19975
2.16993
2.13954
2.11302
2.08929
2.06706
2.04538
2.02383
2.00238
1.9809
1.95944
1.93798
1.91648
1.89523
1.87409
1.85338
1.83307
1.81319
1.79408
1.77544
1.75776
1.74111
1.72559
1.71205
1.69936
1.68856
1.67926
1.67301
1.67228
1.67327
1.67778
1.68841
1.70878
1.72872
1.74584
1.75789
1.75827
1.75455
1.74654
1.73098
1.71397
1.69552
1.67851
1.66299
1.64891
1.63753
1.62714
1.61978
1.61351
1.61008
1.60827
1.60837
1.60912
1.61058
1.6136
1.61641
1.61953
1.62183
1.62327
1.62427
1.62471
1.62417
1.62309
1.62071
1.61904
1.61638
1.61462
1.61242
1.61109
1.60997
1.60949
1.60952
1.60978
1.6105
1.61213
1.61446
1.61992
1.62514
1.63584
1.64712
1.65692
1.16738
1.40772
1.73811
1.88188
1.91246
1.91838
1.91477
1.90479
1.89296
1.8925
1.90431
1.9267
1.97311
2.05776
2.16453
2.23252
2.246
2.23685
2.21569
2.18485
2.15432
2.12779
2.10455
2.083
2.06177
2.04039
2.0187
1.99692
1.97515
1.95345
1.93191
1.91046
1.88915
1.86808
1.84721
1.82689
1.80688
1.78756
1.76877
1.75047
1.73315
1.71619
1.70077
1.68633
1.6735
1.66137
1.65129
1.64306
1.63699
1.63741
1.63901
1.6437
1.65413
1.673
1.69263
1.70966
1.72202
1.72146
1.71741
1.71006
1.69523
1.67913
1.66288
1.64664
1.63268
1.61978
1.60939
1.60057
1.59361
1.5892
1.58616
1.58603
1.58659
1.58783
1.59013
1.59313
1.59676
1.59932
1.60191
1.60306
1.60435
1.60463
1.60421
1.60335
1.60193
1.60091
1.60031
1.60053
1.60114
1.60196
1.60325
1.60585
1.60938
1.61537
1.6212
1.63371
1.64351
1.6632
1.68097
1.69307
1.08722
1.22801
1.52614
1.79361
1.88288
1.90116
1.90442
1.90214
1.90164
1.91248
1.93929
1.99343
2.08583
2.19297
2.2514
2.26025
2.25054
2.22809
2.19656
2.16686
2.141
2.11822
2.09724
2.07671
2.05585
2.03438
2.0124
1.99014
1.9679
1.94582
1.92404
1.90259
1.8814
1.86062
1.84009
1.82
1.80032
1.78105
1.76237
1.74399
1.72631
1.70905
1.69248
1.67695
1.66221
1.64915
1.63674
1.62542
1.61613
1.60944
1.60408
1.60468
1.60708
1.61236
1.62288
1.64112
1.6603
1.6767
1.68888
1.68765
1.68334
1.67601
1.66223
1.6471
1.63226
1.6177
1.60431
1.59342
1.5836
1.57631
1.57028
1.56686
1.56547
1.56566
1.56675
1.5689
1.57176
1.57561
1.57863
1.58199
1.58396
1.5863
1.5872
1.58858
1.58946
1.59056
1.59174
1.59365
1.59567
1.59959
1.60343
1.61092
1.61739
1.63104
1.64216
1.66194
1.67968
1.69865
1.71759
1.72653
1.04766
1.1157
1.29212
1.61677
1.81337
1.87411
1.89098
1.90147
1.91766
1.95155
2.01661
2.12364
2.22666
2.27346
2.2764
2.26525
2.24004
2.20689
2.17851
2.15472
2.13344
2.11288
2.09222
2.07104
2.04923
2.02689
2.00431
1.98182
1.95971
1.93805
1.91678
1.89583
1.87501
1.85438
1.83397
1.81388
1.79427
1.77505
1.75632
1.73805
1.7202
1.70301
1.68615
1.67018
1.65478
1.64041
1.62721
1.61482
1.60369
1.59343
1.58491
1.57958
1.5755
1.57619
1.57898
1.58487
1.59502
1.61303
1.63216
1.64712
1.65878
1.657
1.65253
1.64492
1.63185
1.61854
1.60422
1.59145
1.57922
1.56956
1.56119
1.55433
1.55021
1.54731
1.54737
1.54824
1.54994
1.55277
1.55675
1.56097
1.56513
1.5692
1.5722
1.57649
1.5795
1.58451
1.58767
1.5936
1.598
1.60671
1.61408
1.62889
1.64293
1.66108
1.67958
1.69747
1.71451
1.72625
1.73624
1.73927
1.02494
1.05779
1.14635
1.35594
1.67218
1.82657
1.8753
1.90825
1.95774
2.0413
2.1637
2.26403
2.29791
2.29315
2.27759
2.24702
2.21321
2.18525
2.16276
2.14305
2.12344
2.10298
2.08175
2.06025
2.03863
2.01699
1.99534
1.97373
1.95228
1.93097
1.90985
1.88891
1.86818
1.84773
1.82762
1.8079
1.78856
1.76967
1.75123
1.73326
1.71574
1.69871
1.68219
1.66626
1.65086
1.63611
1.62222
1.60913
1.59704
1.58553
1.57515
1.56623
1.55819
1.55378
1.55103
1.55175
1.55413
1.56124
1.57119
1.58956
1.60869
1.62099
1.63249
1.63037
1.62574
1.61803
1.60516
1.593
1.58017
1.56789
1.55828
1.54907
1.54212
1.53685
1.53331
1.53289
1.53358
1.5351
1.5377
1.54304
1.54866
1.55511
1.56088
1.569
1.57541
1.58481
1.59131
1.6022
1.61239
1.62769
1.64402
1.66125
1.68078
1.69687
1.71218
1.72193
1.7293
1.73221
1.73201
1.73135
1.01388
1.0297
1.0781
1.1856
1.4481
1.72904
1.86013
1.93926
2.05515
2.21034
2.30684
2.32974
2.3188
2.29309
2.25718
2.22531
2.19903
2.17744
2.15818
2.13886
2.11874
2.09776
2.07629
2.05457
2.03269
2.01084
1.98918
1.96776
1.94659
1.92561
1.90481
1.88421
1.86384
1.8438
1.82412
1.80486
1.78605
1.76766
1.74971
1.73218
1.71509
1.6984
1.68217
1.66638
1.65106
1.63638
1.62219
1.60876
1.59615
1.58431
1.57324
1.56278
1.55312
1.54541
1.53794
1.53392
1.53243
1.53311
1.5351
1.54212
1.55392
1.57083
1.58988
1.60061
1.61116
1.60874
1.60354
1.59571
1.58368
1.57198
1.56006
1.54955
1.54068
1.53335
1.52837
1.52419
1.52418
1.52507
1.52718
1.5318
1.53725
1.54792
1.55792
1.56965
1.58012
1.59391
1.60823
1.62538
1.64438
1.66313
1.68206
1.69777
1.71074
1.71933
1.72416
1.72453
1.72424
1.72326
1.72124
1.71947
1.00704
1.01718
1.04116
1.10052
1.24886
1.55516
1.82761
2.02746
2.2502
2.36442
2.37508
2.35529
2.31771
2.27652
2.24415
2.219
2.19782
2.17869
2.15959
2.13983
2.11938
2.09843
2.07686
2.05486
2.03273
2.01081
1.98922
1.968
1.94707
1.92639
1.90594
1.88578
1.86595
1.84647
1.82738
1.80862
1.79023
1.77214
1.75444
1.73701
1.72016
1.70353
1.68757
1.67199
1.65691
1.6425
1.62851
1.61513
1.60257
1.59027
1.57904
1.56813
1.5577
1.54823
1.53889
1.53185
1.52504
1.52062
1.52071
1.52162
1.52377
1.52999
1.5433
1.56051
1.57894
1.58725
1.5967
1.59353
1.58786
1.57998
1.56851
1.55811
1.54676
1.53787
1.53094
1.52533
1.52481
1.52527
1.52707
1.53151
1.53832
1.55068
1.56373
1.57938
1.59781
1.61852
1.64093
1.66297
1.68267
1.6987
1.7107
1.7172
1.7205
1.72032
1.7193
1.71742
1.71596
1.71419
1.7145
1.71384
1.00411
1.0113
1.02415
1.06422
1.15191
1.37844
1.79334
2.24527
2.48619
2.48708
2.44846
2.39436
2.34203
2.30254
2.27332
2.24996
2.22853
2.20666
2.1843
2.16175
2.13889
2.11563
2.09235
2.06914
2.04616
2.02367
2.00176
1.98054
1.96
1.94017
1.92089
1.90207
1.88344
1.86487
1.84621
1.82741
1.80861
1.78988
1.77145
1.75348
1.73608
1.71936
1.70328
1.68793
1.67317
1.65906
1.64554
1.63244
1.62005
1.60786
1.59629
1.5852
1.5741
1.5638
1.55341
1.54395
1.53499
1.5275
1.52178
1.51723
1.51771
1.51945
1.52238
1.52946
1.54292
1.55922
1.57735
1.58428
1.59141
1.58762
1.58095
1.57412
1.56321
1.55409
1.54517
1.53893
1.5373
1.5374
1.53937
1.54459
1.5548
1.57009
1.58844
1.60989
1.63424
1.658
1.67964
1.69676
1.70886
1.71528
1.71842
1.71835
1.71762
1.71592
1.71494
1.71464
1.71507
1.71598
1.71781
1.71805
1.00339
1.00866
1.02008
1.05235
1.12915
1.33885
1.82513
2.48284
2.69444
2.6495
2.57421
2.50534
2.45327
2.41288
2.37948
2.34988
2.32185
2.29416
2.26648
2.23888
2.21155
2.18454
2.15777
2.13168
2.10647
2.08212
2.05876
2.03629
2.01462
1.9935
1.97261
1.95176
1.93072
1.9095
1.88825
1.86715
1.84654
1.82656
1.80743
1.78916
1.77178
1.75523
1.73938
1.72431
1.70965
1.69577
1.68201
1.66894
1.65589
1.64332
1.63077
1.61869
1.60651
1.59496
1.58333
1.57234
1.56194
1.55219
1.54359
1.53613
1.53133
1.52767
1.52822
1.53015
1.53326
1.54154
1.55447
1.56889
1.58563
1.59106
1.59681
1.59281
1.58779
1.58194
1.57538
1.57107
1.57021
1.57122
1.57585
1.58534
1.60016
1.61821
1.63876
1.65975
1.67825
1.69352
1.70464
1.71221
1.71522
1.71676
1.71694
1.71708
1.71752
1.71855
1.72015
1.72349
1.72567
1.72842
1.73144
1.73232
1.00287
1.00839
1.01838
1.05055
1.12587
1.34481
1.88129
2.64295
2.79454
2.74278
2.6787
2.62801
2.58695
2.55065
2.51645
2.48289
2.44958
2.41686
2.38532
2.35538
2.32697
2.29964
2.27283
2.24576
2.21862
2.19147
2.16442
2.13758
2.11086
2.08431
2.05778
2.03153
2.00554
1.98025
1.95575
1.93234
1.91005
1.88898
1.86901
1.85016
1.83217
1.81514
1.79868
1.78297
1.76756
1.75273
1.73799
1.72369
1.70941
1.6954
1.68154
1.66779
1.65447
1.64119
1.62858
1.61606
1.60419
1.59298
1.58196
1.57227
1.56332
1.55514
1.54948
1.54684
1.545
1.54566
1.54869
1.55805
1.56976
1.58506
1.59947
1.60797
1.61461
1.61545
1.6169
1.61936
1.62517
1.63275
1.64459
1.65847
1.67366
1.68806
1.70118
1.71188
1.71863
1.72315
1.72625
1.72782
1.7292
1.73127
1.73343
1.73683
1.73961
1.74406
1.74704
1.75104
1.75385
1.75663
1.75897
1.75896
1.00336
1.00716
1.02012
1.04761
1.13012
1.34804
1.9068
2.68163
2.81111
2.76227
2.72253
2.69666
2.67117
2.64224
2.61147
2.58099
2.55159
2.52345
2.49633
2.46954
2.44252
2.4147
2.38592
2.35603
2.32504
2.29312
2.26063
2.22811
2.19575
2.16424
2.13371
2.10477
2.07738
2.05179
2.02785
2.00538
1.98428
1.96421
1.94509
1.92669
1.9089
1.89163
1.87487
1.85841
1.84251
1.82666
1.81134
1.79594
1.78084
1.76568
1.75054
1.73545
1.72021
1.70513
1.68982
1.6748
1.65965
1.64478
1.63038
1.61593
1.60318
1.59033
1.57962
1.57141
1.56533
1.56299
1.56366
1.56613
1.57409
1.58911
1.60635
1.62803
1.65072
1.66819
1.68551
1.70168
1.71664
1.73067
1.74345
1.75243
1.75896
1.76331
1.76314
1.76271
1.76153
1.76093
1.76015
1.761
1.76376
1.76804
1.77342
1.77859
1.78452
1.78943
1.79416
1.79737
1.79994
1.801
1.80226
1.80132
1.00333
1.00713
1.02029
1.04764
1.13125
1.35234
1.91797
2.6945
2.81397
2.76376
2.73043
2.71611
2.69889
2.6758
2.65172
2.63012
2.6104
2.59011
2.56732
2.5411
2.51166
2.47967
2.44607
2.41183
2.37762
2.3442
2.31191
2.28096
2.25145
2.22339
2.1967
2.17126
2.14696
2.12369
2.10138
2.07991
2.05926
2.03926
2.01989
2.00098
1.98243
1.96409
1.94581
1.9275
1.90903
1.89039
1.87149
1.85241
1.8332
1.81389
1.79474
1.77561
1.75702
1.73861
1.72101
1.70392
1.6876
1.67228
1.65762
1.64422
1.63192
1.62053
1.6113
1.60334
1.59707
1.59706
1.59788
1.60031
1.60514
1.61731
1.63936
1.66744
1.70104
1.73775
1.7737
1.80493
1.82862
1.84311
1.85144
1.84852
1.84382
1.83905
1.82922
1.82248
1.81508
1.81321
1.81102
1.81192
1.81494
1.81943
1.82678
1.83346
1.84136
1.84689
1.85255
1.85574
1.85897
1.85986
1.86177
1.86091
)
;

boundaryField
{
    inlet
    {
        type            fixedValue;
        value           uniform 1;
    }
    outlet
    {
        type            zeroGradient;
    }
    bottom
    {
        type            symmetryPlane;
    }
    top
    {
        type            symmetryPlane;
    }
    obstacle
    {
        type            zeroGradient;
    }
    defaultFaces
    {
        type            empty;
    }
}


// ************************************************************************* //
