/*--------------------------------*- C++ -*----------------------------------*\
  =========                 |
  \\      /  F ield         | OpenFOAM: The Open Source CFD Toolbox
   \\    /   O peration     | Website:  https://openfoam.org
    \\  /    A nd           | Version:  10
     \\/     M anipulation  |
\*---------------------------------------------------------------------------*/
FoamFile
{
    format      ascii;
    class       volScalarField;
    location    "2.5";
    object      rho;
}
// * * * * * * * * * * * * * * * * * * * * * * * * * * * * * * * * * * * * * //

dimensions      [1 -3 0 0 0 0 0];

internalField   nonuniform List<scalar> 
5250
(
1.40001
1.40002
1.40006
1.40013
1.40036
1.4008
1.4022
1.40481
1.41328
1.42939
1.4752
1.56773
1.77676
2.22158
3.9559
6.03023
5.77704
5.63371
5.65614
5.74632
5.83822
5.89989
5.94682
5.98767
5.99456
1.40001
1.40002
1.40006
1.40013
1.40034
1.40082
1.40204
1.40507
1.41225
1.43038
1.47192
1.56711
1.76942
2.20922
3.89961
6.03877
5.78013
5.63231
5.65502
5.7454
5.83775
5.89986
5.94753
5.98933
5.99726
1.40001
1.40002
1.40005
1.40013
1.40032
1.4008
1.40198
1.40479
1.41209
1.4287
1.47011
1.56102
1.7579
2.18079
3.77349
6.0569
5.78751
5.62708
5.64843
5.73724
5.82843
5.89039
5.93902
5.98113
5.98924
1.40001
1.40002
1.40005
1.40012
1.40033
1.4007
1.40199
1.40432
1.41183
1.42643
1.46766
1.5511
1.74241
2.13954
3.58553
6.08322
5.80213
5.61834
5.63517
5.71924
5.81206
5.87248
5.91625
5.95711
5.96648
1.40001
1.40002
1.40004
1.40012
1.40027
1.40074
1.40168
1.40438
1.41028
1.42596
1.4608
1.54416
1.71828
2.09358
3.34387
6.09649
5.81994
5.61156
5.62303
5.69814
5.78629
5.84379
5.88713
5.92595
5.9344
1.40001
1.40002
1.40004
1.40012
1.40024
1.40071
1.40146
1.40429
1.40894
1.42508
1.45455
1.53564
1.69459
2.0423
3.10654
6.05725
5.81602
5.59197
5.59875
5.66191
5.74806
5.79542
5.83525
5.87485
5.89028
1.40001
1.40002
1.40004
1.40009
1.40027
1.40056
1.40161
1.40337
1.40959
1.42061
1.45481
1.52074
1.6799
1.99327
2.93753
5.89294
5.75422
5.55955
5.56219
5.60951
5.68981
5.73704
5.76619
5.79928
5.81636
1.40001
1.40002
1.40004
1.4001
1.40021
1.4006
1.40125
1.40366
1.40755
1.42158
1.4463
1.51714
1.65514
1.95584
2.7764
5.64222
5.64163
5.53666
5.52575
5.54752
5.61238
5.65222
5.67374
5.69214
5.70852
1.40001
1.40001
1.40004
1.40008
1.40022
1.40048
1.40132
1.40286
1.40801
1.41732
1.44615
1.50239
1.63937
1.9123
2.62569
5.31762
5.57221
5.50935
5.46853
5.47826
5.51891
5.54302
5.54439
5.5386
5.53293
1.40001
1.40001
1.40003
1.40007
1.40019
1.40045
1.40111
1.40277
1.40664
1.4167
1.43951
1.49493
1.61484
1.86939
2.477
4.91532
5.52908
5.4784
5.4028
5.40355
5.41735
5.41453
5.38992
5.32689
5.25705
1.40001
1.40001
1.40003
1.40007
1.40015
1.40042
1.40094
1.40248
1.40576
1.41474
1.43457
1.48442
1.59008
1.82079
2.33338
4.43608
5.50353
5.45362
5.33338
5.311
5.30008
5.26773
5.17696
4.95599
4.29303
1.40001
1.40001
1.40003
1.40005
1.40015
1.40032
1.40089
1.40193
1.4053
1.4118
1.43104
1.47013
1.56762
1.76405
2.19662
3.87947
5.50211
5.4408
5.28649
5.22663
5.19005
5.11728
4.96257
4.64038
3.91974
1.40001
1.40001
1.40002
1.40005
1.40012
1.40027
1.40072
1.40165
1.40425
1.41006
1.42508
1.45921
1.53933
1.70849
2.06433
3.25793
5.47855
5.42299
5.26054
5.15179
5.08431
4.97392
4.76822
4.43011
3.84393
1.40001
1.40001
1.40002
1.40004
1.4001
1.40022
1.40058
1.40138
1.40339
1.40841
1.42001
1.4491
1.51388
1.65724
1.95113
2.75364
5.30569
5.34478
5.24486
5.08978
4.98765
4.8567
4.63307
4.31209
3.85349
1.40001
1.40001
1.40002
1.40004
1.40008
1.40019
1.40047
1.40112
1.40285
1.40661
1.41704
1.43935
1.49569
1.6145
1.86884
2.47078
4.80235
5.23647
5.17811
5.02981
4.89655
4.75781
4.53739
4.24302
3.86694
1.40001
1.40001
1.40001
1.40003
1.40007
1.40015
1.40038
1.40093
1.40218
1.40566
1.41301
1.43321
1.47639
1.57839
1.78937
2.25236
4.1035
5.14639
5.11114
4.99266
4.82414
4.67509
4.47016
4.19471
3.86933
1.40001
1.40001
1.40001
1.40002
1.40006
1.40011
1.40032
1.40066
1.40189
1.40396
1.41121
1.42407
1.46321
1.53877
1.71716
2.06679
3.34676
5.08606
5.06883
4.98327
4.78053
4.60765
4.41749
4.17029
3.87502
1.40001
1.40001
1.40001
1.40002
1.40004
1.4001
1.40022
1.40054
1.40136
1.40315
1.40821
1.41862
1.44748
1.50703
1.64576
1.91693
2.64168
4.88447
5.04391
4.96604
4.77409
4.56445
4.37117
4.14678
3.88454
1.40001
1.40001
1.40001
1.40002
1.40003
1.40007
1.40018
1.40039
1.40109
1.40229
1.40648
1.4138
1.43726
1.48167
1.59493
1.81547
2.32637
4.28961
4.94782
4.90346
4.76664
4.54451
4.34227
4.12927
3.8885
1.40001
1.40001
1.40001
1.40001
1.40002
1.40006
1.40012
1.40034
1.4007
1.40197
1.40423
1.41158
1.4255
1.46573
1.54442
1.72856
2.08581
3.46719
4.85946
4.84123
4.7539
4.55074
4.33092
4.12323
3.89942
1.40001
1.40001
1.40001
1.40001
1.40002
1.40004
1.4001
1.40022
1.40058
1.40125
1.40347
1.40734
1.42019
1.44396
1.50921
1.6383
1.90148
2.59303
4.64046
4.82777
4.75573
4.5773
4.335
4.12164
3.91234
1.40001
1.40001
1.40001
1.40001
1.40002
1.40003
1.40007
1.40018
1.40036
1.40103
1.40216
1.40609
1.41296
1.43496
1.47634
1.5833
1.78826
2.24972
4.01017
4.74619
4.71115
4.59569
4.35903
4.13541
3.92978
1.40001
1.40001
1.40001
1.40001
1.40001
1.40002
1.40005
1.40011
1.40029
1.40066
1.40168
1.40397
1.40985
1.42356
1.45684
1.53046
1.69186
2.00375
3.10953
4.598
4.65013
4.58383
4.40046
4.16748
3.95361
1.40001
1.40001
1.40001
1.40001
1.40001
1.40002
1.40004
1.40008
1.40021
1.40044
1.4012
1.40262
1.40697
1.41567
1.43996
1.48974
1.60848
1.83022
2.37911
4.2093
4.61463
4.56875
4.43639
4.21034
3.99051
1.40001
1.40001
1.40001
1.40001
1.40001
1.40001
1.40003
1.40005
1.40014
1.4003
1.40084
1.40174
1.40489
1.41042
1.42806
1.46149
1.54904
1.71792
2.06764
3.3767
4.50418
4.5089
4.44798
4.27488
4.03336
1.40001
1.40001
1.40001
1.40001
1.40001
1.40001
1.40002
1.40004
1.40009
1.40021
1.40054
1.40117
1.40321
1.40677
1.41869
1.44
1.5007
1.61683
1.84819
2.43677
4.21073
4.49807
4.45272
4.33196
4.09724
1.40001
1.40001
1.40001
1.40001
1.40001
1.40001
1.40002
1.40003
1.40007
1.40013
1.40037
1.40076
1.40212
1.40452
1.41232
1.4268
1.46851
1.54938
1.73251
2.08686
3.46465
4.4049
4.40577
4.34989
4.19768
1.40001
1.40001
1.40001
1.40001
1.40001
1.40001
1.40001
1.40002
1.40004
1.4001
1.40022
1.40052
1.40129
1.40298
1.40768
1.41725
1.44367
1.49735
1.62263
1.83992
2.43519
4.13527
4.39659
4.35949
4.25932
1.40001
1.40001
1.40001
1.40001
1.40001
1.40001
1.40001
1.40002
1.40003
1.40006
1.40014
1.40034
1.40084
1.4019
1.40499
1.41101
1.42881
1.46365
1.55202
1.72048
2.07462
3.40948
4.29353
4.32282
4.27443
1.40001
1.40001
1.40001
1.40001
1.40001
1.40001
1.40001
1.40001
1.40002
1.40004
1.4001
1.4002
1.40054
1.40117
1.40307
1.40692
1.41762
1.44003
1.49634
1.6102
1.82224
2.37742
3.99748
4.30052
4.27481
1.40001
1.40001
1.40001
1.40001
1.40001
1.40001
1.40001
1.40001
1.40001
1.40003
1.40006
1.40013
1.40034
1.40072
1.40198
1.40422
1.41136
1.42478
1.46315
1.53734
1.70491
2.02064
3.22556
4.16279
4.23663
1.40001
1.40001
1.40001
1.40001
1.40001
1.40001
1.40001
1.40001
1.40001
1.40002
1.40004
1.40009
1.40019
1.40047
1.40114
1.40266
1.40671
1.41525
1.43812
1.48562
1.59538
1.7863
2.27983
3.79512
4.19565
1.40001
1.40001
1.40001
1.40001
1.40001
1.40001
1.40001
1.40001
1.40001
1.40001
1.40002
1.40006
1.40011
1.40031
1.40064
1.40176
1.40372
1.41007
1.42174
1.45587
1.52108
1.67126
1.94057
2.91322
3.99788
1.40001
1.40001
1.40001
1.40001
1.40001
1.40001
1.40001
1.40001
1.40001
1.40001
1.40002
1.40003
1.40008
1.40017
1.40041
1.40097
1.40231
1.40576
1.41315
1.43283
1.47402
1.56999
1.74176
2.15031
3.50863
1.40001
1.40001
1.40001
1.40001
1.40001
1.40001
1.40001
1.40001
1.40001
1.40001
1.40001
1.40002
1.40005
1.4001
1.40026
1.40053
1.40145
1.40306
1.40826
1.41777
1.4458
1.49921
1.62482
1.8345
2.48787
1.40001
1.40001
1.40001
1.40001
1.40001
1.40001
1.40001
1.40001
1.40001
1.40001
1.40001
1.40002
1.40003
1.40006
1.40014
1.40032
1.40083
1.40178
1.40485
1.41011
1.42747
1.45796
1.54185
1.68531
2.00439
1.40001
1.40001
1.40001
1.40001
1.40001
1.40001
1.40001
1.40001
1.40001
1.40001
1.40001
1.40001
1.40002
1.40004
1.40008
1.4002
1.40042
1.40113
1.40244
1.40634
1.41414
1.43536
1.47866
1.57903
1.74999
1.40001
1.40001
1.40001
1.40001
1.40001
1.40001
1.40001
1.40001
1.40001
1.40001
1.40001
1.40001
1.40001
1.40002
1.40005
1.40011
1.40026
1.4006
1.40143
1.40351
1.40801
1.42015
1.44499
1.5073
1.6257
1.40001
1.40001
1.40001
1.40001
1.40001
1.40001
1.40001
1.40001
1.40001
1.40001
1.40001
1.40001
1.40001
1.40002
1.40003
1.40006
1.40015
1.40032
1.40085
1.40179
1.40491
1.41017
1.42754
1.45775
1.54109
1.40001
1.40001
1.40001
1.40001
1.40001
1.40001
1.40001
1.40001
1.40001
1.40001
1.40001
1.40001
1.40001
1.40001
1.40002
1.40004
1.40008
1.4002
1.40041
1.40112
1.40233
1.40634
1.41322
1.43504
1.47392
1.40001
1.40001
1.40001
1.40001
1.40001
1.40001
1.40001
1.40001
1.40001
1.40001
1.40001
1.40001
1.40001
1.40001
1.40001
1.40002
1.40005
1.4001
1.40026
1.40053
1.40144
1.403
1.40812
1.41698
1.44449
1.40001
1.40001
1.40001
1.40001
1.40001
1.40001
1.40001
1.40001
1.40001
1.40001
1.40001
1.40001
1.40001
1.40001
1.40001
1.40001
1.40003
1.40006
1.40013
1.40031
1.40075
1.40166
1.40434
1.4092
1.42443
1.40001
1.40001
1.40001
1.40001
1.40001
1.40001
1.40001
1.40001
1.40001
1.40001
1.40001
1.40001
1.40001
1.40001
1.40001
1.40001
1.40002
1.40003
1.40007
1.40017
1.40038
1.40096
1.40206
1.40548
1.41149
1.40001
1.40001
1.40001
1.40001
1.40001
1.40001
1.40001
1.40001
1.40001
1.40001
1.40001
1.40001
1.40001
1.40001
1.40001
1.40001
1.40001
1.40002
1.40004
1.40009
1.40021
1.40047
1.40118
1.40254
1.4067
1.40001
1.40001
1.40001
1.40001
1.40001
1.40001
1.40001
1.40001
1.40001
1.40001
1.40001
1.40001
1.40001
1.40001
1.40001
1.40001
1.40001
1.40001
1.40002
1.40005
1.4001
1.40027
1.40055
1.40147
1.40313
1.40001
1.40001
1.40001
1.40001
1.40001
1.40001
1.40001
1.40001
1.40001
1.40001
1.40001
1.40001
1.40001
1.40001
1.40001
1.40001
1.40001
1.40001
1.40002
1.40003
1.40006
1.40013
1.40031
1.40074
1.40165
1.40001
1.40001
1.40001
1.40001
1.40001
1.40001
1.40001
1.40001
1.40001
1.40001
1.40001
1.40001
1.40001
1.40001
1.40001
1.40001
1.40001
1.40001
1.40001
1.40002
1.40003
1.40007
1.40016
1.40037
1.4009
1.40001
1.40001
1.40001
1.40001
1.40001
1.40001
1.40001
1.40001
1.40001
1.40001
1.40001
1.40001
1.40001
1.40001
1.40001
1.40001
1.40001
1.40001
1.40001
1.40001
1.40002
1.40004
1.40009
1.40021
1.40046
1.40001
1.40001
1.40001
1.40001
1.40001
1.40001
1.40001
1.40001
1.40001
1.40001
1.40001
1.40001
1.40001
1.40001
1.40001
1.40001
1.40001
1.40001
1.40001
1.40001
1.40001
1.40003
1.40006
1.40013
1.40029
1.40001
1.40001
1.40001
1.40001
1.40001
1.40001
1.40001
1.40001
1.40001
1.40001
1.40001
1.40001
1.40001
1.40001
1.40001
1.40001
1.40001
1.40001
1.40001
1.40001
1.40001
1.40002
1.40004
1.40011
1.40022
1.86916
1.01425
0.700228
0.625819
0.625739
0.659169
0.75029
0.824269
0.84702
0.846385
0.843806
0.842161
0.842381
0.843597
0.847623
0.851561
0.853347
0.853334
0.853071
0.852436
0.851272
0.850287
0.849554
0.848821
0.847867
0.846639
0.845438
0.844414
0.844311
0.844642
0.846105
0.850287
0.86097
0.886469
0.944969
1.07883
1.41013
1.73875
1.7372
1.74153
1.75293
1.77106
1.80643
1.85842
1.90587
1.94978
1.98522
2.01147
2.03138
2.04382
2.05404
2.06273
2.06847
2.06949
2.06889
2.06553
2.06367
2.05734
2.05227
2.04286
2.03461
2.02243
2.01126
1.99704
1.98439
1.96897
1.9553
1.9385
1.92354
1.90527
1.88899
1.86948
1.85208
1.83167
1.8135
1.79245
1.77381
1.75227
1.73333
1.71143
1.69234
1.67027
1.65115
1.62911
1.61006
1.58823
1.56952
1.54808
1.52981
1.50882
1.49134
1.47111
1.45437
1.43479
1.41881
1.39999
1.38499
1.3676
1.35483
1.34275
2.31465
1.50661
1.14911
1.00202
0.942208
0.899391
0.892524
0.897009
0.907861
0.933502
0.958174
0.967318
0.967137
0.966207
0.963554
0.963535
0.963749
0.964336
0.965562
0.965655
0.965523
0.965066
0.964053
0.96229
0.960568
0.959097
0.957638
0.956156
0.95614
0.956499
0.957679
0.961366
0.970577
0.992585
1.04274
1.1474
1.41951
1.79357
1.79632
1.77446
1.77419
1.80625
1.86455
1.93063
1.99874
2.05814
2.11118
2.15134
2.18433
2.20979
2.23195
2.24839
2.26463
2.27464
2.28099
2.28317
2.28542
2.28455
2.28347
2.27895
2.27408
2.26498
2.25607
2.24322
2.23186
2.21672
2.20388
2.18678
2.17245
2.15337
2.1377
2.11705
2.10034
2.07856
2.06091
2.0383
2.0198
1.99653
1.97735
1.95368
1.93404
1.91017
1.89024
1.86642
1.84616
1.82253
1.80228
1.77893
1.75864
1.7356
1.71516
1.69235
1.67206
1.64974
1.62985
1.60825
1.58913
1.56889
1.55224
1.53556
2.84127
2.10847
1.63758
1.33793
1.14501
1.02564
0.949198
0.942495
0.946463
0.957357
0.984681
1.00985
1.02663
1.03462
1.03489
1.03459
1.0338
1.03294
1.03294
1.03288
1.03277
1.03253
1.03203
1.03098
1.02951
1.02784
1.02607
1.02441
1.02414
1.02423
1.02502
1.02788
1.03513
1.05291
1.09419
1.18326
1.38843
1.8182
1.96369
1.9521
1.94486
1.96925
2.01591
2.06636
2.12636
2.17984
2.23515
2.2799
2.32004
2.34658
2.37095
2.38682
2.40575
2.4177
2.42893
2.42945
2.43137
2.42712
2.42517
2.41657
2.41106
2.39908
2.39094
2.37584
2.36491
2.34718
2.33379
2.31397
2.29808
2.27608
2.25807
2.23458
2.2156
2.1917
2.1725
2.14859
2.12923
2.10522
2.08562
2.06157
2.04174
2.01761
1.99775
1.97362
1.95368
1.92952
1.90927
1.88529
1.86503
1.84141
1.82123
1.79793
1.77795
1.75493
1.73524
1.7126
1.69355
1.67191
1.65496
1.63722
3.14333
2.49685
2.00351
1.65159
1.41293
1.24971
1.14782
1.08257
1.04321
1.03342
1.03551
1.04149
1.05666
1.07401
1.08672
1.0924
1.09245
1.09178
1.09013
1.0876
1.08607
1.08527
1.08488
1.08443
1.08374
1.08213
1.08033
1.07827
1.07612
1.07613
1.07671
1.07852
1.08356
1.09626
1.12605
1.19397
1.3271
1.69464
2.10787
2.21604
2.20874
2.21185
2.22178
2.23105
2.26093
2.29458
2.34137
2.38827
2.43309
2.46719
2.49659
2.51373
2.53245
2.54199
2.5529
2.55115
2.55206
2.54528
2.54243
2.53163
2.52394
2.50866
2.49677
2.47788
2.4628
2.44142
2.4246
2.4021
2.38437
2.36093
2.3419
2.31707
2.29657
2.27066
2.24944
2.22334
2.20217
2.17627
2.15539
2.12996
2.10942
2.08421
2.06374
2.03865
2.01839
1.99346
1.97334
1.94863
1.9288
1.90444
1.88497
1.86098
1.84192
1.81823
1.79963
1.77625
1.75826
1.73574
1.71926
1.70124
3.32894
2.7779
2.30996
1.94612
1.67455
1.4744
1.32733
1.22115
1.14562
1.09708
1.07064
1.07081
1.07293
1.07831
1.09205
1.10442
1.11353
1.11918
1.11986
1.1196
1.11882
1.11724
1.11563
1.11445
1.11346
1.11265
1.11193
1.11087
1.10907
1.10904
1.10934
1.11036
1.11404
1.12328
1.14564
1.1975
1.30888
1.55427
2.10537
2.51316
2.51151
2.4969
2.46039
2.40177
2.38359
2.40425
2.43767
2.47125
2.51346
2.55224
2.58726
2.61012
2.62963
2.63925
2.64881
2.64728
2.64555
2.63695
2.63119
2.61811
2.60831
2.59214
2.57919
2.55929
2.54244
2.51932
2.5002
2.47553
2.45525
2.42943
2.40797
2.381
2.35867
2.33116
2.30871
2.28127
2.25907
2.23194
2.20988
2.18265
2.16069
2.13364
2.11198
2.08522
2.06396
2.03753
2.01665
1.99053
1.97011
1.94446
1.92463
1.89962
1.88039
1.85615
1.83736
1.81398
1.79566
1.77348
1.75636
1.73859
3.44424
2.98519
2.56282
2.20807
1.92358
1.70049
1.52731
1.39527
1.29494
1.22278
1.1694
1.13512
1.11519
1.11453
1.11594
1.11976
1.12975
1.14034
1.14884
1.15442
1.15469
1.15443
1.15348
1.15138
1.14884
1.14648
1.14483
1.14338
1.14158
1.14133
1.14148
1.14228
1.1453
1.15281
1.17121
1.21346
1.30767
1.48725
1.99199
2.79213
2.83737
2.83032
2.76467
2.63613
2.56056
2.53164
2.53449
2.55531
2.57614
2.60132
2.63467
2.66317
2.68445
2.69589
2.70556
2.7081
2.70931
2.69823
2.68921
2.67272
2.65973
2.64132
2.62626
2.60495
2.58714
2.56369
2.54448
2.51968
2.49905
2.4727
2.45044
2.42256
2.39917
2.37041
2.34677
2.31817
2.29485
2.26646
2.24337
2.21504
2.19224
2.16424
2.14203
2.11457
2.09305
2.06615
2.04519
2.01881
1.9983
1.97261
1.95255
1.92775
1.90817
1.88432
1.8652
1.84231
1.82362
1.80199
1.78439
1.76666
3.51853
3.13245
2.75974
2.42583
2.14386
1.91004
1.72116
1.56846
1.44697
1.35072
1.27492
1.21878
1.17663
1.15173
1.13865
1.13891
1.14031
1.14374
1.15238
1.16038
1.16655
1.17043
1.17067
1.17052
1.17002
1.16873
1.16683
1.16522
1.16344
1.16346
1.16385
1.16511
1.1684
1.17641
1.19497
1.23588
1.32616
1.50148
1.95057
2.84548
3.17244
3.16712
3.09072
2.95021
2.81694
2.71862
2.66083
2.63305
2.63147
2.63796
2.64728
2.66215
2.68623
2.70548
2.7192
2.72368
2.72755
2.72488
2.71877
2.70267
2.68851
2.66899
2.65303
2.63151
2.61378
2.59024
2.57068
2.54522
2.52389
2.49688
2.47436
2.44628
2.42315
2.39481
2.37165
2.34325
2.32022
2.29177
2.26878
2.24022
2.21735
2.18896
2.16647
2.13857
2.11655
2.08933
2.06767
2.04113
2.01973
1.99392
1.97288
1.94795
1.9274
1.90345
1.88342
1.86043
1.84098
1.81911
1.801
1.78258
3.57713
3.24366
2.9133
2.60569
2.33329
2.09929
1.90154
1.73725
1.60068
1.48924
1.39807
1.32526
1.26776
1.22461
1.1923
1.17356
1.16313
1.16336
1.16462
1.16766
1.1753
1.18268
1.18925
1.1934
1.19347
1.19317
1.19228
1.19011
1.18731
1.18732
1.18776
1.18946
1.1941
1.20529
1.23035
1.28333
1.39136
1.62552
2.05371
2.56577
3.0435
3.20232
3.19947
3.14666
3.02181
2.91251
2.81244
2.73684
2.69184
2.66941
2.66548
2.66802
2.67513
2.68564
2.70382
2.71762
2.72525
2.7265
2.72633
2.71954
2.70739
2.6884
2.67189
2.64983
2.63235
2.6092
2.5901
2.56499
2.54411
2.51754
2.49557
2.46819
2.4457
2.41773
2.39491
2.36657
2.34359
2.315
2.2919
2.26312
2.24002
2.2114
2.18864
2.1606
2.13829
2.11094
2.08897
2.06224
2.04056
2.01441
1.99314
1.9677
1.94694
1.92242
1.90224
1.87862
1.8591
1.83644
1.81824
1.79863
3.619
3.32707
3.03248
2.75088
2.49299
2.26413
2.0648
1.89391
1.74842
1.62547
1.52225
1.43593
1.36468
1.30653
1.26049
1.22538
1.19958
1.18506
1.17792
1.17816
1.17927
1.18181
1.1883
1.19371
1.19803
1.20095
1.20171
1.2017
1.20143
1.2016
1.20257
1.2057
1.21383
1.23271
1.27334
1.35261
1.52949
1.90331
2.17754
2.39133
2.63161
2.90603
3.10078
3.13203
3.1197
3.05906
2.9582
2.87594
2.79812
2.73763
2.70339
2.68705
2.68242
2.68267
2.68809
2.69507
2.70804
2.71767
2.71942
2.71936
2.71751
2.70632
2.69145
2.66899
2.65065
2.62651
2.60674
2.58135
2.56077
2.53463
2.51337
2.4864
2.46445
2.43678
2.41431
2.38612
2.36336
2.3349
2.31205
2.28352
2.26064
2.23218
2.20938
2.18131
2.15876
2.13128
2.10904
2.08214
2.06028
2.0339
2.01248
1.98671
1.9657
1.94064
1.92012
1.89581
1.87598
1.85262
1.83423
1.8137
3.65525
3.39438
3.12876
2.87067
2.6282
2.40782
2.21072
2.03775
1.88694
1.75682
1.64472
1.54903
1.46739
1.39869
1.34135
1.29444
1.25757
1.22932
1.20837
1.1968
1.1911
1.19132
1.19232
1.19468
1.20036
1.20574
1.21039
1.21302
1.21405
1.21575
1.21928
1.22697
1.24363
1.27879
1.34467
1.49139
1.83741
2.12824
2.26054
2.34313
2.44419
2.57808
2.76185
2.93334
3.03704
3.04378
3.0293
2.9819
2.90417
2.84348
2.78939
2.73959
2.71074
2.69669
2.68858
2.68591
2.68931
2.69486
2.70429
2.70758
2.70889
2.70659
2.70083
2.68158
2.66379
2.63907
2.61871
2.59288
2.57252
2.54681
2.5262
2.49955
2.47786
2.45014
2.4278
2.39966
2.37717
2.34888
2.3262
2.29775
2.27482
2.24645
2.22355
2.19577
2.17321
2.1461
2.12386
2.09705
2.07497
2.04839
2.02661
2.00064
1.97947
1.95434
1.93387
1.90949
1.88972
1.86613
1.84773
1.8267
3.68671
3.45021
3.20776
2.96973
2.74302
2.53209
2.34037
2.16807
2.01513
1.88059
1.76254
1.65989
1.57049
1.49343
1.42704
1.37068
1.32333
1.28436
1.25378
1.23029
1.21328
1.20375
1.1996
1.19982
1.20075
1.20298
1.20755
1.21271
1.21806
1.22321
1.23121
1.24714
1.27939
1.33981
1.46894
1.76675
2.10627
2.25687
2.31064
2.33966
2.37634
2.42973
2.50261
2.60069
2.74446
2.87272
2.95893
2.96885
2.96188
2.93084
2.86884
2.81863
2.7763
2.73403
2.70802
2.69413
2.68546
2.68049
2.68306
2.68691
2.69014
2.69057
2.68954
2.68386
2.67289
2.65032
2.63022
2.60442
2.58394
2.55786
2.53714
2.51041
2.48894
2.46149
2.43958
2.41181
2.38965
2.36168
2.33919
2.31109
2.28818
2.26006
2.23689
2.20906
2.18608
2.15885
2.13641
2.10973
2.08771
2.06136
2.03961
2.01366
1.99235
1.96708
1.94647
1.92198
1.90213
1.87834
1.85987
1.83829
3.72029
3.50008
3.27717
3.05573
2.84259
2.6426
2.4564
2.28807
2.13464
1.99848
1.87633
1.76887
1.67355
1.59009
1.51674
1.453
1.39774
1.35062
1.31088
1.27826
1.25263
1.23305
1.21908
1.21088
1.20858
1.20899
1.2105
1.21387
1.22168
1.23222
1.24766
1.27786
1.33566
1.44806
1.70484
2.07848
2.26795
2.32553
2.34374
2.35152
2.35786
2.36613
2.38231
2.41538
2.48015
2.57457
2.69855
2.80832
2.8853
2.90704
2.90248
2.88296
2.84033
2.79403
2.76004
2.72745
2.70281
2.68752
2.67771
2.67067
2.67102
2.67225
2.67381
2.67324
2.67055
2.65828
2.64193
2.61712
2.59664
2.56997
2.54877
2.52175
2.50028
2.47295
2.45126
2.42385
2.40187
2.37409
2.35128
2.32297
2.29954
2.27138
2.24813
2.22067
2.19797
2.17111
2.14881
2.12221
2.1001
2.07364
2.05177
2.02562
2.00419
1.97865
1.9579
1.93315
1.91331
1.88933
1.87103
1.84904
3.74918
3.54427
3.33691
3.13189
2.93042
2.73987
2.56073
2.39551
2.24447
2.10726
1.98371
1.87247
1.77326
1.68444
1.60585
1.53586
1.47461
1.4204
1.37395
1.33335
1.3
1.27173
1.25029
1.23374
1.22188
1.21851
1.21913
1.22162
1.22789
1.24123
1.2679
1.31987
1.41705
1.63451
2.01547
2.26068
2.34106
2.35955
2.36653
2.3684
2.35857
2.33806
2.33041
2.33577
2.35123
2.38269
2.4449
2.53059
2.63824
2.74024
2.81588
2.85366
2.85312
2.84339
2.818
2.77514
2.74346
2.71484
2.69365
2.677
2.666
2.65896
2.65771
2.65726
2.65595
2.65117
2.64204
2.62349
2.60635
2.58141
2.56089
2.53417
2.51282
2.4855
2.46343
2.43565
2.41328
2.38572
2.36334
2.33588
2.31306
2.28531
2.26208
2.23444
2.21151
2.18445
2.16209
2.13541
2.11333
2.08666
2.06471
2.03824
2.01674
1.99094
1.97018
1.9451
1.92527
1.90085
1.88258
1.86007
3.78648
3.59178
3.39537
3.20182
3.01328
2.83044
2.65806
2.49662
2.34745
2.21049
2.08581
1.97229
1.87004
1.77745
1.69463
1.61977
1.55364
1.49364
1.44175
1.39473
1.35502
1.31987
1.29109
1.26712
1.24873
1.23695
1.23739
1.2402
1.2485
1.26798
1.30895
1.38695
1.55467
1.92965
2.228
2.34553
2.37574
2.38395
2.38845
2.38137
2.35432
2.32738
2.3063
2.29331
2.29469
2.3022
2.31772
2.34742
2.40423
2.4807
2.57262
2.66796
2.74404
2.79535
2.8091
2.80626
2.79455
2.76277
2.73021
2.70178
2.68055
2.66118
2.64858
2.64072
2.63833
2.63613
2.63313
2.62282
2.61079
2.58983
2.5706
2.54409
2.5223
2.49516
2.47368
2.44687
2.42522
2.39803
2.37568
2.34808
2.3252
2.29744
2.27436
2.24666
2.22379
2.19654
2.17431
2.14755
2.12585
2.09921
2.07755
2.05092
2.02938
2.00318
1.98239
1.957
1.93724
1.9126
1.89433
1.8714
3.82856
3.63886
3.45253
3.26791
3.08758
2.91438
2.7469
2.5901
2.44297
2.30688
2.18154
2.06724
1.96217
1.86755
1.78102
1.70274
1.63261
1.56813
1.5118
1.45969
1.41486
1.37403
1.33939
1.30936
1.28447
1.26767
1.26815
1.27223
1.28498
1.31571
1.377
1.5111
1.83347
2.16852
2.33827
2.38785
2.39837
2.40456
2.39982
2.37538
2.34675
2.32198
2.30036
2.28265
2.26927
2.25951
2.26054
2.26613
2.27835
2.3028
2.34973
2.41734
2.50104
2.59209
2.67501
2.73613
2.77053
2.77091
2.76267
2.74515
2.71518
2.68296
2.66001
2.64066
2.6285
2.61944
2.61487
2.60854
2.60147
2.58716
2.57324
2.551
2.53168
2.50527
2.48353
2.45628
2.43441
2.40732
2.38531
2.35798
2.33549
2.30791
2.28524
2.25772
2.23519
2.20785
2.18569
2.15871
2.13701
2.11046
2.08904
2.06263
2.04124
2.01506
1.99413
1.96858
1.9487
1.92403
1.90591
1.88278
3.8852
3.69457
3.51351
3.3362
3.16075
2.99256
2.83241
2.67784
2.53428
2.39934
2.27329
2.15884
2.05149
1.95476
1.86563
1.78421
1.71102
1.64301
1.58302
1.52684
1.47802
1.43248
1.39316
1.35913
1.32742
1.31372
1.31479
1.32206
1.34379
1.39418
1.49966
1.75887
2.1205
2.32931
2.40294
2.41296
2.42065
2.41515
2.39064
2.36203
2.33824
2.31711
2.29846
2.2801
2.262
2.24528
2.2305
2.22057
2.21752
2.22381
2.23317
2.25312
2.28989
2.34858
2.4225
2.50912
2.59841
2.67067
2.72224
2.73893
2.73603
2.72435
2.6988
2.662
2.6359
2.61402
2.60159
2.59071
2.58351
2.57362
2.56395
2.54792
2.53275
2.51005
2.49046
2.46425
2.44275
2.4156
2.39359
2.36622
2.34387
2.31621
2.29368
2.26615
2.24394
2.21682
2.19502
2.16822
2.14661
2.12001
2.09861
2.07233
2.05116
2.02524
2.00441
1.97891
1.95893
1.93415
1.91604
1.89293
3.95756
3.75514
3.57232
3.39955
3.23135
3.06637
2.90988
2.76197
2.61714
2.48743
2.36004
2.24586
2.13848
2.03871
1.94931
1.86366
1.78921
1.71708
1.65472
1.59488
1.5425
1.49399
1.44982
1.41445
1.37685
1.37604
1.37902
1.39271
1.43184
1.51497
1.71663
2.09791
2.336
2.42597
2.43961
2.44551
2.44083
2.40821
2.37771
2.35152
2.33106
2.3118
2.29277
2.27397
2.25499
2.23691
2.21946
2.20343
2.18905
2.17841
2.17171
2.17598
2.1827
2.19838
2.22616
2.27707
2.34517
2.42999
2.52058
2.60784
2.67085
2.71156
2.70977
2.70091
2.68572
2.65071
2.6208
2.59321
2.57486
2.55854
2.5483
2.53541
2.52462
2.50774
2.49233
2.46959
2.45
2.42381
2.40207
2.3747
2.3524
2.3248
2.30228
2.27465
2.25236
2.22521
2.20351
2.17696
2.15564
2.12929
2.10787
2.08165
2.06027
2.03441
2.01361
1.98821
1.96827
1.9435
1.92518
1.90197
4.03765
3.82542
3.6387
3.46568
3.30088
3.14263
2.98419
2.84149
2.70014
2.56827
2.44663
2.32785
2.22323
2.12054
2.02998
1.94333
1.86463
1.79246
1.72459
1.66447
1.60697
1.55689
1.51054
1.46958
1.44712
1.44786
1.45754
1.48825
1.55553
1.71217
2.10195
2.36747
2.47285
2.48359
2.49262
2.4807
2.44223
2.40586
2.37634
2.34818
2.3247
2.30329
2.28549
2.26749
2.24992
2.23117
2.21253
2.19343
2.17555
2.15864
2.14372
2.13286
2.124
2.12716
2.13075
2.14185
2.16325
2.20428
2.26626
2.34603
2.44106
2.54066
2.61921
2.68249
2.68392
2.67907
2.66289
2.62602
2.59475
2.5649
2.54352
2.52424
2.51168
2.49625
2.4843
2.4665
2.45069
2.4279
2.40805
2.38173
2.35965
2.3322
2.30976
2.28239
2.26011
2.23311
2.21133
2.18495
2.16369
2.1378
2.11662
2.09071
2.06941
2.04348
2.02254
1.99708
1.97705
1.9524
1.93416
1.91067
4.14067
3.90859
3.70862
3.53224
3.3662
3.21231
3.05968
2.91396
2.77918
2.64732
2.52573
2.41098
2.30172
2.20288
2.10687
2.02198
1.93935
1.86596
1.79614
1.7324
1.6744
1.62005
1.57461
1.53391
1.53253
1.53777
1.56244
1.62096
1.75813
2.11178
2.41588
2.54133
2.55474
2.55978
2.54502
2.49675
2.45539
2.41745
2.38726
2.35757
2.33297
2.30858
2.2861
2.26497
2.24448
2.22489
2.20476
2.1856
2.16614
2.14791
2.13013
2.11332
2.09788
2.08426
2.07355
2.07005
2.07341
2.08204
2.09991
2.13426
2.19087
2.26776
2.36214
2.47011
2.56533
2.63957
2.6519
2.64764
2.63176
2.59687
2.56586
2.53524
2.51182
2.4897
2.47433
2.45634
2.44225
2.42308
2.40622
2.38315
2.36303
2.33692
2.31501
2.28807
2.26617
2.23958
2.21792
2.19167
2.17032
2.14455
2.12358
2.09809
2.07723
2.05171
2.0309
2.00552
1.98542
1.9606
1.9425
1.91896
4.19141
3.99993
3.78833
3.60637
3.43802
3.28328
3.13575
2.99158
2.85464
2.7266
2.60376
2.48905
2.38175
2.27952
2.1862
2.09618
2.01558
1.93713
1.86794
1.80074
1.74106
1.68795
1.63739
1.62614
1.62812
1.64615
1.70176
1.82159
2.14165
2.4872
2.63713
2.64991
2.65681
2.63389
2.57338
2.5167
2.47331
2.43449
2.40374
2.37458
2.34862
2.32067
2.29453
2.2677
2.24364
2.22118
2.2001
2.17949
2.15992
2.13988
2.12019
2.09982
2.08036
2.06136
2.04531
2.0311
2.02167
2.01601
2.01987
2.02633
2.04071
2.06686
2.11637
2.18807
2.28417
2.39854
2.50936
2.59805
2.61769
2.614
2.59886
2.56526
2.53391
2.50247
2.47726
2.45246
2.43447
2.41422
2.39847
2.37817
2.36066
2.33743
2.31734
2.29159
2.27006
2.24369
2.22238
2.1965
2.17544
2.14985
2.12897
2.10368
2.08306
2.05798
2.03762
2.01257
1.99266
1.9679
1.94965
1.9261
4.19934
4.09333
3.87267
3.68166
3.50897
3.35309
3.20599
3.06591
2.93214
2.80259
2.68308
2.567
2.4594
2.35808
2.26168
2.17347
2.08833
2.0114
1.93728
1.87124
1.80951
1.7551
1.72623
1.72652
1.74076
1.79039
1.90038
2.18378
2.57825
2.75588
2.77096
2.77468
2.74843
2.67304
2.60751
2.55051
2.50543
2.46348
2.42955
2.39445
2.365
2.3346
2.30675
2.2777
2.25092
2.22398
2.19956
2.17623
2.15357
2.13134
2.10944
2.08849
2.06795
2.04884
2.03001
2.01288
1.9967
1.98222
1.97152
1.96242
1.9652
1.96982
1.98107
2.00301
2.04694
2.11613
2.21182
2.33124
2.45801
2.55509
2.5796
2.57587
2.56144
2.52865
2.49796
2.46691
2.44081
2.41429
2.39448
2.37243
2.35495
2.33342
2.31506
2.29156
2.27155
2.24628
2.2254
2.19999
2.17943
2.15436
2.13384
2.10881
2.08838
2.06343
2.04331
2.01858
1.9989
1.97442
1.95617
1.93241
4.17982
4.12233
3.97507
3.76957
3.58914
3.42828
3.28076
3.14007
3.00717
2.87993
2.75836
2.64484
2.53588
2.43405
2.33804
2.24709
2.16324
2.08245
2.00992
1.94085
1.88104
1.83766
1.8358
1.84572
1.8874
1.99105
2.24024
2.68287
2.89414
2.90879
2.91495
2.88156
2.79683
2.71747
2.65358
2.59672
2.54932
2.50395
2.46444
2.42435
2.38986
2.35453
2.32454
2.2944
2.26472
2.23485
2.20591
2.17844
2.15259
2.12808
2.10449
2.08193
2.06013
2.03903
2.01863
1.99884
1.97989
1.96208
1.94579
1.93115
1.9201
1.91044
1.91122
1.91387
1.92308
1.94215
1.97974
2.04525
2.14192
2.26628
2.40634
2.50775
2.53797
2.53458
2.52132
2.48992
2.45937
2.42819
2.4012
2.37318
2.35191
2.32827
2.30979
2.28761
2.26915
2.24591
2.22652
2.20211
2.18228
2.15789
2.1381
2.11356
2.0935
2.06876
2.04867
2.02408
2.00448
1.98019
1.96222
1.93829
4.15351
4.12677
4.04481
3.85964
3.67136
3.50581
3.35698
3.21747
3.08436
2.95789
2.83678
2.72077
2.61252
2.50953
2.41207
2.32137
2.23515
2.15543
2.08042
2.01621
1.95815
1.95423
1.96036
1.99539
2.09677
2.31577
2.80299
3.04675
3.06661
3.06918
3.03233
2.9342
2.84687
2.77128
2.70892
2.65108
2.6003
2.55028
2.50563
2.46098
2.42199
2.38191
2.34754
2.31112
2.28057
2.24791
2.21714
2.18559
2.15582
2.12762
2.10191
2.07718
2.0538
2.03103
2.00927
1.9882
1.96813
1.94893
1.93049
1.9132
1.89652
1.88154
1.86888
1.85821
1.8557
1.85771
1.86575
1.88306
1.91761
1.98154
2.08273
2.21099
2.36175
2.46246
2.4955
2.49191
2.47827
2.44762
2.41773
2.38591
2.3587
2.3301
2.30816
2.2839
2.26528
2.24299
2.2248
2.20201
2.18317
2.15959
2.14045
2.11672
2.09737
2.07328
2.05354
2.02915
2.00968
1.98531
1.96754
1.94354
4.07287
4.1028
4.06438
3.96356
3.76653
3.58993
3.43411
3.29331
3.15985
3.03305
2.91291
2.79744
2.68759
2.5847
2.48647
2.39371
2.3081
2.22655
2.15657
2.08857
2.08053
2.08258
2.11083
2.2043
2.39341
2.91684
3.20299
3.23389
3.23818
3.19729
3.09037
2.98932
2.90689
2.83348
2.77028
2.70915
2.65477
2.6005
2.55193
2.5029
2.4591
2.4147
2.3756
2.33536
2.29985
2.26305
2.2309
2.19713
2.16557
2.13459
2.10522
2.07772
2.05143
2.02658
2.00287
1.98037
1.95885
1.93809
1.91815
1.89877
1.88013
1.86239
1.84541
1.83018
1.81716
1.80648
1.80279
1.8046
1.81204
1.82826
1.86092
1.92364
2.02888
2.16071
2.32033
2.41681
2.45091
2.44722
2.43303
2.40265
2.37379
2.34209
2.31521
2.28654
2.26442
2.24014
2.22152
2.19934
2.18152
2.15924
2.14098
2.11808
2.09938
2.07613
2.05714
2.0334
2.01432
1.99013
1.97253
1.94832
3.79702
4.07218
4.05958
4.0067
3.87791
3.68946
3.52276
3.375
3.23988
3.11172
2.99026
2.87543
2.76459
2.65991
2.56154
2.46847
2.38098
2.30405
2.23118
2.21045
2.21111
2.23764
2.3232
2.52319
3.04386
3.37031
3.41795
3.42048
3.37809
3.25691
3.1469
3.05268
2.97373
2.90047
2.83469
2.77093
2.71263
2.65469
2.60148
2.54826
2.50028
2.45205
2.40883
2.3644
2.32493
2.28424
2.24826
2.212
2.17934
2.1453
2.11357
2.08233
2.05372
2.02658
2.00104
1.97647
1.95307
1.93059
1.90893
1.88811
1.86781
1.84838
1.82941
1.81168
1.79458
1.77936
1.76626
1.75551
1.7514
1.75317
1.76031
1.77615
1.80859
1.87262
1.97898
2.11387
2.28064
2.36899
2.40273
2.39928
2.38567
2.35557
2.32751
2.29685
2.27076
2.24257
2.22073
2.19676
2.17832
2.15648
2.13902
2.11725
2.09939
2.07695
2.05872
2.03581
2.01753
1.99382
1.9768
1.9526
3.09916
3.92091
4.03724
4.01395
3.94559
3.78817
3.61191
3.45759
3.3186
3.19048
3.06874
2.95281
2.8431
2.73751
2.63778
2.54395
2.45995
2.38125
2.34959
2.34826
2.37243
2.45469
2.66534
3.19007
3.56173
3.6205
3.62294
3.57055
3.43823
3.31379
3.21284
3.12361
3.04498
2.96931
2.90093
2.83355
2.77164
2.70958
2.6526
2.59571
2.54393
2.49196
2.44489
2.39701
2.35404
2.30959
2.27015
2.22959
2.19358
2.15809
2.12484
2.09155
2.05996
2.02976
2.00145
1.97463
1.94897
1.92456
1.90112
1.87868
1.85718
1.83643
1.81668
1.7975
1.77937
1.76204
1.74569
1.73093
1.71797
1.70754
1.70281
1.70441
1.71113
1.72715
1.75915
1.82742
1.933
2.07212
2.24102
2.32218
2.35341
2.3501
2.33769
2.30862
2.28181
2.2519
2.22656
2.19902
2.17745
2.15373
2.13543
2.11389
2.0968
2.07543
2.05807
2.03601
2.01871
1.99579
1.97969
1.95613
2.18261
3.51731
3.97037
4.00195
3.96777
3.88297
3.70815
3.54362
3.39932
3.26707
3.14485
3.0283
2.91766
2.81326
2.714
2.62386
2.53964
2.49752
2.49385
2.51541
2.59691
2.80949
3.33031
3.76145
3.83732
3.83895
3.78029
3.63127
3.4971
3.38396
3.28837
3.19887
3.118
3.04011
2.96872
2.8979
2.83196
2.7659
2.70518
2.64478
2.58981
2.53481
2.48433
2.43313
2.38623
2.33843
2.2957
2.25181
2.21323
2.17354
2.13861
2.10352
2.07052
2.03763
2.00676
1.97735
1.94961
1.92295
1.89763
1.87335
1.85018
1.82801
1.80674
1.78648
1.76694
1.74842
1.73043
1.71371
1.69744
1.68284
1.67006
1.65945
1.65509
1.65679
1.66367
1.68053
1.71443
1.78555
1.89227
2.0399
2.20326
2.27727
2.30506
2.3017
2.28933
2.26105
2.23551
2.20643
2.18194
2.15515
2.13412
2.11099
2.09317
2.07219
2.05567
2.03471
2.01829
1.99634
1.98092
1.95855
1.85337
2.5674
3.70267
3.96421
3.95774
3.91816
3.81666
3.64521
3.48857
3.35037
3.22398
3.10573
2.99453
2.88878
2.79312
2.7045
2.65398
2.64837
2.66802
2.74767
2.96537
3.49824
3.97634
4.06753
4.06856
4.00035
3.83957
3.68995
3.56829
3.46083
3.36538
3.27458
3.19203
3.11148
3.03653
2.96158
2.89169
2.82223
2.75846
2.69502
2.63676
2.57797
2.5239
2.4692
2.41928
2.36879
2.32321
2.27666
2.23538
2.19275
2.15527
2.11668
2.08267
2.04768
2.01493
1.98261
1.95258
1.92383
1.89655
1.8706
1.84589
1.8224
1.8
1.77854
1.75801
1.7382
1.71909
1.70076
1.68284
1.6661
1.64994
1.6351
1.62278
1.612
1.60888
1.61077
1.61812
1.63608
1.67389
1.74702
1.85144
2.0094
2.16479
2.23106
2.25601
2.25282
2.24103
2.21346
2.18904
2.16102
2.13774
2.1119
2.09172
2.06935
2.05237
2.03191
2.01636
1.99563
1.98099
1.95999
1.67789
1.99566
3.0415
3.80224
3.93293
3.91946
3.86913
3.74702
3.58298
3.43556
3.3043
3.18451
3.07212
2.9697
2.87523
2.81725
2.80974
2.82796
2.90885
3.13276
3.68648
4.21503
4.31446
4.31091
4.23477
4.05638
3.89581
3.76066
3.64636
3.5405
3.44452
3.35215
3.26679
3.18246
3.1034
3.02473
2.95157
2.87898
2.81182
2.74487
2.683
2.62112
2.56409
2.50682
2.45419
2.40122
2.35284
2.30394
2.25982
2.21461
2.17443
2.1329
2.09603
2.05867
2.0249
1.99049
1.95859
1.92781
1.89905
1.87132
1.84506
1.81983
1.79572
1.77257
1.75029
1.72889
1.70827
1.68846
1.66946
1.65134
1.63406
1.6178
1.60284
1.5887
1.57751
1.56755
1.56653
1.56862
1.57648
1.59632
1.6383
1.7145
1.82114
1.98018
2.1268
2.1855
2.20701
2.20346
2.19292
2.16702
2.14404
2.11726
2.09527
2.07064
2.05167
2.02986
2.01409
1.99382
1.97981
1.96019
1.57287
1.73014
2.13806
3.3795
3.84859
3.90794
3.88406
3.82234
3.68088
3.52591
3.3886
3.2656
3.15598
3.05451
2.98929
2.97951
2.99663
3.08065
3.3115
3.8975
4.47853
4.57965
4.57203
4.48158
4.28852
4.10994
3.96502
3.8392
3.72824
3.62268
3.52511
3.4296
3.3401
3.25141
3.16828
3.08585
3.00908
2.93305
2.86271
2.79296
2.72852
2.66419
2.60467
2.54492
2.48979
2.43435
2.38343
2.33207
2.28518
2.23752
2.19465
2.15056
2.11164
2.07148
2.03622
2.00041
1.96757
1.9345
1.90412
1.87443
1.84638
1.81927
1.79339
1.76848
1.74463
1.72176
1.69987
1.67899
1.65896
1.63998
1.62172
1.60444
1.588
1.57225
1.55812
1.54441
1.5338
1.52415
1.5246
1.52789
1.53552
1.55808
1.6008
1.68045
1.79601
1.95337
2.08753
2.14133
2.1602
2.1564
2.14633
2.1223
2.10158
2.0756
2.05546
2.03151
2.01415
1.99277
1.97839
1.95956
1.49354
1.61172
1.80522
2.40822
3.5495
3.85238
3.87258
3.84325
3.77103
3.62043
3.47729
3.35206
3.24206
3.16998
3.15824
3.17465
3.2615
3.50645
4.13762
4.76132
4.8578
4.84265
4.74191
4.53102
4.3411
4.18163
4.0481
3.92567
3.81387
3.70527
3.60378
3.50386
3.41002
3.31716
3.23016
3.14419
3.06435
2.98562
2.91283
2.84059
2.77365
2.70665
2.64451
2.58209
2.52438
2.46632
2.41288
2.35902
2.30971
2.25996
2.21485
2.16903
2.12819
2.08608
2.04911
2.01071
1.97713
1.94197
1.91012
1.87824
1.84867
1.81962
1.79217
1.76565
1.74038
1.71618
1.6931
1.67105
1.65007
1.63001
1.61094
1.59276
1.57542
1.55892
1.54335
1.52836
1.51489
1.50215
1.49217
1.48371
1.48449
1.48893
1.49868
1.52297
1.56936
1.65143
1.77292
1.92889
2.04913
2.09814
2.11573
2.11203
2.10278
2.08059
2.06181
2.0371
2.01846
1.99557
1.97975
1.95961
1.45141
1.52595
1.64886
1.92376
2.81256
3.63911
3.83604
3.83393
3.80524
3.72798
3.58225
3.44923
3.35891
3.34474
3.3609
3.45399
3.71608
4.39325
5.0566
5.14648
5.12713
5.01307
4.78693
4.57982
4.41115
4.26516
4.1361
4.01286
3.89758
3.7846
3.67845
3.57405
3.4761
3.37954
3.28941
3.20074
3.11843
3.03729
2.9619
2.88697
2.81718
2.74738
2.68248
2.61742
2.55724
2.49681
2.44122
2.38527
2.33416
2.28261
2.23578
2.18837
2.1456
2.10184
2.06289
2.02247
1.98692
1.95002
1.91701
1.88293
1.85224
1.82132
1.79279
1.76474
1.73838
1.71289
1.68871
1.66555
1.64347
1.62242
1.60229
1.58312
1.56477
1.54728
1.53064
1.51463
1.49976
1.48533
1.47235
1.46048
1.45107
1.44464
1.44566
1.45058
1.46328
1.48834
1.5384
1.62759
1.75345
1.90529
2.01334
2.05795
2.07451
2.07089
2.062
2.04186
2.02493
2.00165
1.9852
1.96298
1.43027
1.46423
1.5505
1.69139
2.03436
3.11846
3.70096
3.81515
3.8063
3.77508
3.6947
3.56644
3.54747
3.55984
3.6541
3.94009
4.68101
5.39101
5.45317
5.4243
5.29782
5.05013
4.83133
4.64822
4.49484
4.35433
4.22477
4.09813
3.97843
3.86076
3.75011
3.64161
3.54014
3.44068
3.348
3.25685
3.17184
3.08759
3.00887
2.93049
2.85746
2.78468
2.71722
2.64989
2.5877
2.52543
2.4681
2.41051
2.35777
2.30457
2.25604
2.20691
2.16223
2.11682
2.07581
2.03377
1.99637
1.95757
1.92365
1.88776
1.85637
1.82374
1.79458
1.76502
1.73794
1.71121
1.6862
1.66195
1.63893
1.61681
1.59568
1.57545
1.55611
1.53764
1.52
1.50316
1.48724
1.47194
1.45773
1.44431
1.43188
1.42117
1.4124
1.40861
1.40995
1.41566
1.43068
1.45903
1.51414
1.60564
1.73524
1.88229
1.9789
2.01994
2.03589
2.03266
2.02432
2.00606
1.99162
1.96966
1.41407
1.43659
1.47716
1.57548
1.72919
2.14318
3.31929
3.73038
3.8054
3.79493
3.77051
3.75347
3.76486
3.87055
4.19282
5.01473
5.75094
5.77418
5.73493
5.58915
5.32682
5.09177
4.89941
4.73258
4.58446
4.44276
4.30968
4.17891
4.05535
3.93386
3.81965
3.70752
3.60252
3.49938
3.40301
3.308
3.21928
3.13153
3.04979
2.96882
2.89361
2.81894
2.74968
2.68063
2.61665
2.55263
2.49352
2.43429
2.37974
2.32487
2.27451
2.22363
2.17721
2.13015
2.08751
2.04415
2.00516
1.96522
1.92982
1.89302
1.86064
1.82667
1.79696
1.76587
1.73837
1.71013
1.68449
1.65889
1.635
1.61169
1.58957
1.56829
1.54793
1.52851
1.50995
1.4923
1.47556
1.45964
1.44467
1.43051
1.41714
1.40502
1.39357
1.38418
1.37596
1.37574
1.37743
1.38354
1.40017
1.43004
1.49375
1.58723
1.71937
1.86161
1.94752
1.98475
2.00057
1.99791
1.99114
1.975
1.40811
1.41765
1.44401
1.4949
1.60809
1.8036
2.41742
3.43317
3.74595
3.80878
3.84241
3.91358
4.08348
4.47022
5.45052
6.14307
6.14206
6.06917
5.88548
5.61149
5.36849
5.163
4.98919
4.82845
4.67882
4.53218
4.39309
4.25636
4.12706
4.00021
3.88113
3.76472
3.65602
3.54958
3.45013
3.35226
3.2608
3.17056
3.08647
3.00326
2.92592
2.84916
2.77793
2.70697
2.64129
2.5757
2.51504
2.45418
2.398
2.34148
2.2895
2.23709
2.1892
2.1408
2.09689
2.05232
2.01217
1.97121
1.9345
1.89692
1.86334
1.8286
1.79782
1.76576
1.7375
1.70796
1.68187
1.6548
1.63052
1.60589
1.58319
1.56086
1.5398
1.51957
1.50028
1.48204
1.46464
1.44822
1.43267
1.41799
1.40413
1.39121
1.37892
1.36784
1.35757
1.34947
1.34261
1.34328
1.34685
1.35495
1.37184
1.40755
1.47527
1.56942
1.70584
1.84245
1.91719
1.9555
1.96851
1.97329
1.40423
1.40899
1.42363
1.44947
1.52091
1.63565
1.89781
2.70853
3.52308
3.78643
3.93055
4.1974
4.74234
5.93282
6.56848
6.55447
6.44524
6.1856
5.89647
5.64691
5.43795
5.25203
5.08281
4.91811
4.76142
4.60748
4.46193
4.31935
4.18527
4.05431
3.93157
3.81177
3.69987
3.59034
3.48807
3.38761
3.2939
3.20161
3.11554
3.0305
2.95125
2.87258
2.79947
2.72673
2.65931
2.59202
2.52979
2.46748
2.40997
2.35221
2.29909
2.2456
2.19666
2.14726
2.10236
2.05686
2.01579
1.97398
1.93644
1.89798
1.86356
1.82811
1.79653
1.76388
1.73486
1.70471
1.67798
1.65012
1.62543
1.59975
1.57689
1.55339
1.53218
1.5109
1.49138
1.47222
1.4544
1.4373
1.4213
1.40614
1.39189
1.37852
1.36587
1.35416
1.34314
1.33308
1.32407
1.31704
1.31307
1.31395
1.31844
1.32853
1.34724
1.39095
1.45505
1.56085
1.6925
1.82986
1.88512
1.94735
1.40202
1.40513
1.41112
1.42829
1.46103
1.54118
1.6739
1.99409
2.96379
3.67044
4.07597
4.84507
6.38604
7.06414
7.03588
6.88215
6.5117
6.17362
5.91565
5.70555
5.51984
5.3387
5.16399
4.99074
4.82613
4.66571
4.51508
4.36846
4.23071
4.09624
3.97017
3.84712
3.73219
3.61992
3.51523
3.41262
3.31692
3.22268
3.1348
3.0479
2.96695
2.8867
2.81208
2.73792
2.66913
2.60058
2.53715
2.47375
2.41518
2.35647
2.30239
2.24806
2.19827
2.14814
2.10249
2.05638
2.01466
1.97227
1.93411
1.89519
1.86024
1.82438
1.79226
1.75923
1.72966
1.69911
1.67187
1.64353
1.61844
1.59216
1.56899
1.54479
1.52342
1.50139
1.48171
1.46195
1.444
1.42644
1.41023
1.39471
1.38021
1.36654
1.35365
1.34164
1.3303
1.31974
1.31005
1.30115
1.29365
1.28722
1.28706
1.28824
1.29288
1.305
1.32915
1.37499
1.43974
1.56488
1.65914
1.85364
1.40117
1.4025
1.40662
1.41384
1.43618
1.47608
1.57595
1.7348
2.1676
3.2451
4.38179
6.6348
7.44525
7.38878
7.16884
6.74171
6.41995
6.1738
5.96968
5.77301
5.58192
5.39049
5.20633
5.02581
4.85571
4.69069
4.53579
4.38492
4.24295
4.10444
3.97474
3.84872
3.73158
3.61786
3.51237
3.40941
3.31366
3.21948
3.13163
3.04467
2.96349
2.88283
2.80769
2.73289
2.66343
2.5942
2.53009
2.46606
2.40689
2.34766
2.29313
2.23847
2.18841
2.13813
2.09238
2.04624
2.00449
1.96214
1.92393
1.88499
1.84994
1.81408
1.78172
1.74857
1.71865
1.68795
1.66034
1.63183
1.60643
1.57993
1.55667
1.53213
1.51089
1.48839
1.46908
1.44877
1.43128
1.41324
1.39745
1.38161
1.36742
1.35358
1.34088
1.3288
1.31752
1.30692
1.29709
1.28783
1.27951
1.27191
1.26601
1.2616
1.26214
1.26469
1.2712
1.28483
1.313
1.36321
1.43612
1.62148
1.40073
1.40158
1.40426
1.40897
1.42423
1.45195
1.52851
1.67657
1.98779
2.881
5.03911
7.44736
7.43931
7.19716
6.80829
6.50793
6.27766
6.07292
5.87339
5.66711
5.4672
5.27262
5.09001
4.91387
4.74915
4.58973
4.44061
4.29622
4.16161
4.03125
3.90984
3.79161
3.68112
3.57268
3.471
3.37063
3.27644
3.1831
3.09556
3.00859
2.92722
2.84633
2.77101
2.69617
2.62684
2.55794
2.49437
2.43109
2.37288
2.31483
2.26159
2.20835
2.15973
2.11089
2.06648
2.02159
1.9809
1.93944
1.90195
1.86353
1.82882
1.79321
1.76098
1.72796
1.69803
1.66744
1.63977
1.61143
1.58601
1.5598
1.53665
1.51252
1.49163
1.46964
1.45094
1.4311
1.41447
1.39669
1.38192
1.36609
1.35288
1.33887
1.32699
1.3146
1.304
1.293
1.28366
1.27406
1.26579
1.25783
1.25072
1.24472
1.23962
1.23896
1.23964
1.24324
1.25185
1.26906
1.30533
1.40324
1.4006
1.40133
1.40347
1.408
1.42033
1.44761
1.51446
1.66111
1.91219
2.83941
5.32825
6.64054
6.61968
6.49302
6.3525
6.19092
6.00429
5.79427
5.58289
5.37485
5.17874
4.9905
4.81657
4.65093
4.49792
4.3512
4.21488
4.08283
3.95929
3.83868
3.72558
3.61486
3.51125
3.4097
3.31484
3.22153
3.13432
3.04808
2.9674
2.88728
2.81244
2.73796
2.66865
2.59961
2.53564
2.47185
2.41295
2.35414
2.30002
2.24588
2.19621
2.14636
2.10077
2.05476
2.01282
1.97019
1.93146
1.89185
1.85598
1.81916
1.78589
1.75176
1.7209
1.68935
1.66076
1.63164
1.60528
1.57841
1.55432
1.52959
1.5078
1.48517
1.46566
1.4451
1.42775
1.40919
1.39379
1.37705
1.36336
1.34821
1.33599
1.32228
1.3113
1.29897
1.28907
1.27807
1.26928
1.25952
1.25189
1.24347
1.2369
1.23011
1.22481
1.21998
1.21901
1.21983
1.22295
1.23034
1.24611
1.29398
)
;

boundaryField
{
    inlet
    {
        type            calculated;
        value           uniform 1.40001;
    }
    outlet
    {
        type            calculated;
        value           nonuniform List<scalar> 
40
(
1.33938
1.53171
1.63312
1.697
1.73426
1.76227
1.77817
1.79419
1.80925
1.82224
1.83382
1.84456
1.8556
1.86692
1.8783
1.88844
1.89748
1.90617
1.91445
1.92159
1.92789
1.93377
1.93902
1.9438
1.9481
1.95162
1.95401
1.95542
1.95561
1.95506
1.95532
1.95897
1.96581
1.97141
1.96876
1.93958
1.83856
1.59745
1.38781
1.28517
)
;
    }
    bottom
    {
        type            symmetryPlane;
    }
    top
    {
        type            symmetryPlane;
    }
    obstacle
    {
        type            calculated;
        value           nonuniform List<scalar> 
110
(
5.99456
5.99726
5.98924
5.96648
5.9344
5.89028
5.81636
5.70852
5.53293
5.25705
1.86916
1.01425
0.700228
0.625819
0.625739
0.659169
0.75029
0.824269
0.84702
0.846385
0.843806
0.842161
0.842381
0.843597
0.847623
0.851561
0.853347
0.853334
0.853071
0.852436
0.851272
0.850287
0.849554
0.848821
0.847867
0.846639
0.845438
0.844414
0.844311
0.844642
0.846105
0.850287
0.86097
0.886469
0.944969
1.07883
1.41013
1.73875
1.7372
1.74153
1.75293
1.77106
1.80643
1.85842
1.90587
1.94978
1.98522
2.01147
2.03138
2.04382
2.05404
2.06273
2.06847
2.06949
2.06889
2.06553
2.06367
2.05734
2.05227
2.04286
2.03461
2.02243
2.01126
1.99704
1.98439
1.96897
1.9553
1.9385
1.92354
1.90527
1.88899
1.86948
1.85208
1.83167
1.8135
1.79245
1.77381
1.75227
1.73333
1.71143
1.69234
1.67027
1.65115
1.62911
1.61006
1.58823
1.56952
1.54808
1.52981
1.50882
1.49134
1.47111
1.45437
1.43479
1.41881
1.39999
1.38499
1.3676
1.35483
1.34275
)
;
    }
    defaultFaces
    {
        type            empty;
    }
}


// ************************************************************************* //
