/*--------------------------------*- C++ -*----------------------------------*\
  =========                 |
  \\      /  F ield         | OpenFOAM: The Open Source CFD Toolbox
   \\    /   O peration     | Website:  https://openfoam.org
    \\  /    A nd           | Version:  10
     \\/     M anipulation  |
\*---------------------------------------------------------------------------*/
FoamFile
{
    format      ascii;
    class       labelList;
    note        "nPoints: 16842 nCells: 8000 nFaces: 32420 nInternalFaces: 15580";
    location    "constant/polyMesh";
    object      neighbour;
}
// * * * * * * * * * * * * * * * * * * * * * * * * * * * * * * * * * * * * * //


15580
(
1
400
2
401
3
402
4
403
5
404
6
405
7
406
8
407
9
408
10
409
11
410
12
411
13
412
14
413
15
414
16
415
17
416
18
417
19
418
20
419
21
420
22
421
23
422
24
423
25
424
26
425
27
426
28
427
29
428
30
429
31
430
32
431
33
432
34
433
35
434
36
435
37
436
38
437
39
438
40
439
41
440
42
441
43
442
44
443
45
444
46
445
47
446
48
447
49
448
50
449
51
450
52
451
53
452
54
453
55
454
56
455
57
456
58
457
59
458
60
459
61
460
62
461
63
462
64
463
65
464
66
465
67
466
68
467
69
468
70
469
71
470
72
471
73
472
74
473
75
474
76
475
77
476
78
477
79
478
80
479
81
480
82
481
83
482
84
483
85
484
86
485
87
486
88
487
89
488
90
489
91
490
92
491
93
492
94
493
95
494
96
495
97
496
98
497
99
498
100
499
101
500
102
501
103
502
104
503
105
504
106
505
107
506
108
507
109
508
110
509
111
510
112
511
113
512
114
513
115
514
116
515
117
516
118
517
119
518
120
519
121
520
122
521
123
522
124
523
125
524
126
525
127
526
128
527
129
528
130
529
131
530
132
531
133
532
134
533
135
534
136
535
137
536
138
537
139
538
140
539
141
540
142
541
143
542
144
543
145
544
146
545
147
546
148
547
149
548
150
549
151
550
152
551
153
552
154
553
155
554
156
555
157
556
158
557
159
558
160
559
161
560
162
561
163
562
164
563
165
564
166
565
167
566
168
567
169
568
170
569
171
570
172
571
173
572
174
573
175
574
176
575
177
576
178
577
179
578
180
579
181
580
182
581
183
582
184
583
185
584
186
585
187
586
188
587
189
588
190
589
191
590
192
591
193
592
194
593
195
594
196
595
197
596
198
597
199
598
200
599
201
600
202
601
203
602
204
603
205
604
206
605
207
606
208
607
209
608
210
609
211
610
212
611
213
612
214
613
215
614
216
615
217
616
218
617
219
618
220
619
221
620
222
621
223
622
224
623
225
624
226
625
227
626
228
627
229
628
230
629
231
630
232
631
233
632
234
633
235
634
236
635
237
636
238
637
239
638
240
639
241
640
242
641
243
642
244
643
245
644
246
645
247
646
248
647
249
648
250
649
251
650
252
651
253
652
254
653
255
654
256
655
257
656
258
657
259
658
260
659
261
660
262
661
263
662
264
663
265
664
266
665
267
666
268
667
269
668
270
669
271
670
272
671
273
672
274
673
275
674
276
675
277
676
278
677
279
678
280
679
281
680
282
681
283
682
284
683
285
684
286
685
287
686
288
687
289
688
290
689
291
690
292
691
293
692
294
693
295
694
296
695
297
696
298
697
299
698
300
699
301
700
302
701
303
702
304
703
305
704
306
705
307
706
308
707
309
708
310
709
311
710
312
711
313
712
314
713
315
714
316
715
317
716
318
717
319
718
320
719
321
720
322
721
323
722
324
723
325
724
326
725
327
726
328
727
329
728
330
729
331
730
332
731
333
732
334
733
335
734
336
735
337
736
338
737
339
738
340
739
341
740
342
741
343
742
344
743
345
744
346
745
347
746
348
747
349
748
350
749
351
750
352
751
353
752
354
753
355
754
356
755
357
756
358
757
359
758
360
759
361
760
362
761
363
762
364
763
365
764
366
765
367
766
368
767
369
768
370
769
371
770
372
771
373
772
374
773
375
774
376
775
377
776
378
777
379
778
380
779
381
780
382
781
383
782
384
783
385
784
386
785
387
786
388
787
389
788
390
789
391
790
392
791
393
792
394
793
395
794
396
795
397
796
398
797
399
798
799
401
800
402
801
403
802
404
803
405
804
406
805
407
806
408
807
409
808
410
809
411
810
412
811
413
812
414
813
415
814
416
815
417
816
418
817
419
818
420
819
421
820
422
821
423
822
424
823
425
824
426
825
427
826
428
827
429
828
430
829
431
830
432
831
433
832
434
833
435
834
436
835
437
836
438
837
439
838
440
839
441
840
442
841
443
842
444
843
445
844
446
845
447
846
448
847
449
848
450
849
451
850
452
851
453
852
454
853
455
854
456
855
457
856
458
857
459
858
460
859
461
860
462
861
463
862
464
863
465
864
466
865
467
866
468
867
469
868
470
869
471
870
472
871
473
872
474
873
475
874
476
875
477
876
478
877
479
878
480
879
481
880
482
881
483
882
484
883
485
884
486
885
487
886
488
887
489
888
490
889
491
890
492
891
493
892
494
893
495
894
496
895
497
896
498
897
499
898
500
899
501
900
502
901
503
902
504
903
505
904
506
905
507
906
508
907
509
908
510
909
511
910
512
911
513
912
514
913
515
914
516
915
517
916
518
917
519
918
520
919
521
920
522
921
523
922
524
923
525
924
526
925
527
926
528
927
529
928
530
929
531
930
532
931
533
932
534
933
535
934
536
935
537
936
538
937
539
938
540
939
541
940
542
941
543
942
544
943
545
944
546
945
547
946
548
947
549
948
550
949
551
950
552
951
553
952
554
953
555
954
556
955
557
956
558
957
559
958
560
959
561
960
562
961
563
962
564
963
565
964
566
965
567
966
568
967
569
968
570
969
571
970
572
971
573
972
574
973
575
974
576
975
577
976
578
977
579
978
580
979
581
980
582
981
583
982
584
983
585
984
586
985
587
986
588
987
589
988
590
989
591
990
592
991
593
992
594
993
595
994
596
995
597
996
598
997
599
998
600
999
601
1000
602
1001
603
1002
604
1003
605
1004
606
1005
607
1006
608
1007
609
1008
610
1009
611
1010
612
1011
613
1012
614
1013
615
1014
616
1015
617
1016
618
1017
619
1018
620
1019
621
1020
622
1021
623
1022
624
1023
625
1024
626
1025
627
1026
628
1027
629
1028
630
1029
631
1030
632
1031
633
1032
634
1033
635
1034
636
1035
637
1036
638
1037
639
1038
640
1039
641
1040
642
1041
643
1042
644
1043
645
1044
646
1045
647
1046
648
1047
649
1048
650
1049
651
1050
652
1051
653
1052
654
1053
655
1054
656
1055
657
1056
658
1057
659
1058
660
1059
661
1060
662
1061
663
1062
664
1063
665
1064
666
1065
667
1066
668
1067
669
1068
670
1069
671
1070
672
1071
673
1072
674
1073
675
1074
676
1075
677
1076
678
1077
679
1078
680
1079
681
1080
682
1081
683
1082
684
1083
685
1084
686
1085
687
1086
688
1087
689
1088
690
1089
691
1090
692
1091
693
1092
694
1093
695
1094
696
1095
697
1096
698
1097
699
1098
700
1099
701
1100
702
1101
703
1102
704
1103
705
1104
706
1105
707
1106
708
1107
709
1108
710
1109
711
1110
712
1111
713
1112
714
1113
715
1114
716
1115
717
1116
718
1117
719
1118
720
1119
721
1120
722
1121
723
1122
724
1123
725
1124
726
1125
727
1126
728
1127
729
1128
730
1129
731
1130
732
1131
733
1132
734
1133
735
1134
736
1135
737
1136
738
1137
739
1138
740
1139
741
1140
742
1141
743
1142
744
1143
745
1144
746
1145
747
1146
748
1147
749
1148
750
1149
751
1150
752
1151
753
1152
754
1153
755
1154
756
1155
757
1156
758
1157
759
1158
760
1159
761
1160
762
1161
763
1162
764
1163
765
1164
766
1165
767
1166
768
1167
769
1168
770
1169
771
1170
772
1171
773
1172
774
1173
775
1174
776
1175
777
1176
778
1177
779
1178
780
1179
781
1180
782
1181
783
1182
784
1183
785
1184
786
1185
787
1186
788
1187
789
1188
790
1189
791
1190
792
1191
793
1192
794
1193
795
1194
796
1195
797
1196
798
1197
799
1198
1199
801
1200
802
1201
803
1202
804
1203
805
1204
806
1205
807
1206
808
1207
809
1208
810
1209
811
1210
812
1211
813
1212
814
1213
815
1214
816
1215
817
1216
818
1217
819
1218
820
1219
821
1220
822
1221
823
1222
824
1223
825
1224
826
1225
827
1226
828
1227
829
1228
830
1229
831
1230
832
1231
833
1232
834
1233
835
1234
836
1235
837
1236
838
1237
839
1238
840
1239
841
1240
842
1241
843
1242
844
1243
845
1244
846
1245
847
1246
848
1247
849
1248
850
1249
851
1250
852
1251
853
1252
854
1253
855
1254
856
1255
857
1256
858
1257
859
1258
860
1259
861
1260
862
1261
863
1262
864
1263
865
1264
866
1265
867
1266
868
1267
869
1268
870
1269
871
1270
872
1271
873
1272
874
1273
875
1274
876
1275
877
1276
878
1277
879
1278
880
1279
881
1280
882
1281
883
1282
884
1283
885
1284
886
1285
887
1286
888
1287
889
1288
890
1289
891
1290
892
1291
893
1292
894
1293
895
1294
896
1295
897
1296
898
1297
899
1298
900
1299
901
1300
902
1301
903
1302
904
1303
905
1304
906
1305
907
1306
908
1307
909
1308
910
1309
911
1310
912
1311
913
1312
914
1313
915
1314
916
1315
917
1316
918
1317
919
1318
920
1319
921
1320
922
1321
923
1322
924
1323
925
1324
926
1325
927
1326
928
1327
929
1328
930
1329
931
1330
932
1331
933
1332
934
1333
935
1334
936
1335
937
1336
938
1337
939
1338
940
1339
941
1340
942
1341
943
1342
944
1343
945
1344
946
1345
947
1346
948
1347
949
1348
950
1349
951
1350
952
1351
953
1352
954
1353
955
1354
956
1355
957
1356
958
1357
959
1358
960
1359
961
1360
962
1361
963
1362
964
1363
965
1364
966
1365
967
1366
968
1367
969
1368
970
1369
971
1370
972
1371
973
1372
974
1373
975
1374
976
1375
977
1376
978
1377
979
1378
980
1379
981
1380
982
1381
983
1382
984
1383
985
1384
986
1385
987
1386
988
1387
989
1388
990
1389
991
1390
992
1391
993
1392
994
1393
995
1394
996
1395
997
1396
998
1397
999
1398
1000
1399
1001
1400
1002
1401
1003
1402
1004
1403
1005
1404
1006
1405
1007
1406
1008
1407
1009
1408
1010
1409
1011
1410
1012
1411
1013
1412
1014
1413
1015
1414
1016
1415
1017
1416
1018
1417
1019
1418
1020
1419
1021
1420
1022
1421
1023
1422
1024
1423
1025
1424
1026
1425
1027
1426
1028
1427
1029
1428
1030
1429
1031
1430
1032
1431
1033
1432
1034
1433
1035
1434
1036
1435
1037
1436
1038
1437
1039
1438
1040
1439
1041
1440
1042
1441
1043
1442
1044
1443
1045
1444
1046
1445
1047
1446
1048
1447
1049
1448
1050
1449
1051
1450
1052
1451
1053
1452
1054
1453
1055
1454
1056
1455
1057
1456
1058
1457
1059
1458
1060
1459
1061
1460
1062
1461
1063
1462
1064
1463
1065
1464
1066
1465
1067
1466
1068
1467
1069
1468
1070
1469
1071
1470
1072
1471
1073
1472
1074
1473
1075
1474
1076
1475
1077
1476
1078
1477
1079
1478
1080
1479
1081
1480
1082
1481
1083
1482
1084
1483
1085
1484
1086
1485
1087
1486
1088
1487
1089
1488
1090
1489
1091
1490
1092
1491
1093
1492
1094
1493
1095
1494
1096
1495
1097
1496
1098
1497
1099
1498
1100
1499
1101
1500
1102
1501
1103
1502
1104
1503
1105
1504
1106
1505
1107
1506
1108
1507
1109
1508
1110
1509
1111
1510
1112
1511
1113
1512
1114
1513
1115
1514
1116
1515
1117
1516
1118
1517
1119
1518
1120
1519
1121
1520
1122
1521
1123
1522
1124
1523
1125
1524
1126
1525
1127
1526
1128
1527
1129
1528
1130
1529
1131
1530
1132
1531
1133
1532
1134
1533
1135
1534
1136
1535
1137
1536
1138
1537
1139
1538
1140
1539
1141
1540
1142
1541
1143
1542
1144
1543
1145
1544
1146
1545
1147
1546
1148
1547
1149
1548
1150
1549
1151
1550
1152
1551
1153
1552
1154
1553
1155
1554
1156
1555
1157
1556
1158
1557
1159
1558
1160
1559
1161
1560
1162
1561
1163
1562
1164
1563
1165
1564
1166
1565
1167
1566
1168
1567
1169
1568
1170
1569
1171
1570
1172
1571
1173
1572
1174
1573
1175
1574
1176
1575
1177
1576
1178
1577
1179
1578
1180
1579
1181
1580
1182
1581
1183
1582
1184
1583
1185
1584
1186
1585
1187
1586
1188
1587
1189
1588
1190
1589
1191
1590
1192
1591
1193
1592
1194
1593
1195
1594
1196
1595
1197
1596
1198
1597
1199
1598
1599
1201
1600
1202
1601
1203
1602
1204
1603
1205
1604
1206
1605
1207
1606
1208
1607
1209
1608
1210
1609
1211
1610
1212
1611
1213
1612
1214
1613
1215
1614
1216
1615
1217
1616
1218
1617
1219
1618
1220
1619
1221
1620
1222
1621
1223
1622
1224
1623
1225
1624
1226
1625
1227
1626
1228
1627
1229
1628
1230
1629
1231
1630
1232
1631
1233
1632
1234
1633
1235
1634
1236
1635
1237
1636
1238
1637
1239
1638
1240
1639
1241
1640
1242
1641
1243
1642
1244
1643
1245
1644
1246
1645
1247
1646
1248
1647
1249
1648
1250
1649
1251
1650
1252
1651
1253
1652
1254
1653
1255
1654
1256
1655
1257
1656
1258
1657
1259
1658
1260
1659
1261
1660
1262
1661
1263
1662
1264
1663
1265
1664
1266
1665
1267
1666
1268
1667
1269
1668
1270
1669
1271
1670
1272
1671
1273
1672
1274
1673
1275
1674
1276
1675
1277
1676
1278
1677
1279
1678
1280
1679
1281
1680
1282
1681
1283
1682
1284
1683
1285
1684
1286
1685
1287
1686
1288
1687
1289
1688
1290
1689
1291
1690
1292
1691
1293
1692
1294
1693
1295
1694
1296
1695
1297
1696
1298
1697
1299
1698
1300
1699
1301
1700
1302
1701
1303
1702
1304
1703
1305
1704
1306
1705
1307
1706
1308
1707
1309
1708
1310
1709
1311
1710
1312
1711
1313
1712
1314
1713
1315
1714
1316
1715
1317
1716
1318
1717
1319
1718
1320
1719
1321
1720
1322
1721
1323
1722
1324
1723
1325
1724
1326
1725
1327
1726
1328
1727
1329
1728
1330
1729
1331
1730
1332
1731
1333
1732
1334
1733
1335
1734
1336
1735
1337
1736
1338
1737
1339
1738
1340
1739
1341
1740
1342
1741
1343
1742
1344
1743
1345
1744
1346
1745
1347
1746
1348
1747
1349
1748
1350
1749
1351
1750
1352
1751
1353
1752
1354
1753
1355
1754
1356
1755
1357
1756
1358
1757
1359
1758
1360
1759
1361
1760
1362
1761
1363
1762
1364
1763
1365
1764
1366
1765
1367
1766
1368
1767
1369
1768
1370
1769
1371
1770
1372
1771
1373
1772
1374
1773
1375
1774
1376
1775
1377
1776
1378
1777
1379
1778
1380
1779
1381
1780
1382
1781
1383
1782
1384
1783
1385
1784
1386
1785
1387
1786
1388
1787
1389
1788
1390
1789
1391
1790
1392
1791
1393
1792
1394
1793
1395
1794
1396
1795
1397
1796
1398
1797
1399
1798
1400
1799
1401
1800
1402
1801
1403
1802
1404
1803
1405
1804
1406
1805
1407
1806
1408
1807
1409
1808
1410
1809
1411
1810
1412
1811
1413
1812
1414
1813
1415
1814
1416
1815
1417
1816
1418
1817
1419
1818
1420
1819
1421
1820
1422
1821
1423
1822
1424
1823
1425
1824
1426
1825
1427
1826
1428
1827
1429
1828
1430
1829
1431
1830
1432
1831
1433
1832
1434
1833
1435
1834
1436
1835
1437
1836
1438
1837
1439
1838
1440
1839
1441
1840
1442
1841
1443
1842
1444
1843
1445
1844
1446
1845
1447
1846
1448
1847
1449
1848
1450
1849
1451
1850
1452
1851
1453
1852
1454
1853
1455
1854
1456
1855
1457
1856
1458
1857
1459
1858
1460
1859
1461
1860
1462
1861
1463
1862
1464
1863
1465
1864
1466
1865
1467
1866
1468
1867
1469
1868
1470
1869
1471
1870
1472
1871
1473
1872
1474
1873
1475
1874
1476
1875
1477
1876
1478
1877
1479
1878
1480
1879
1481
1880
1482
1881
1483
1882
1484
1883
1485
1884
1486
1885
1487
1886
1488
1887
1489
1888
1490
1889
1491
1890
1492
1891
1493
1892
1494
1893
1495
1894
1496
1895
1497
1896
1498
1897
1499
1898
1500
1899
1501
1900
1502
1901
1503
1902
1504
1903
1505
1904
1506
1905
1507
1906
1508
1907
1509
1908
1510
1909
1511
1910
1512
1911
1513
1912
1514
1913
1515
1914
1516
1915
1517
1916
1518
1917
1519
1918
1520
1919
1521
1920
1522
1921
1523
1922
1524
1923
1525
1924
1526
1925
1527
1926
1528
1927
1529
1928
1530
1929
1531
1930
1532
1931
1533
1932
1534
1933
1535
1934
1536
1935
1537
1936
1538
1937
1539
1938
1540
1939
1541
1940
1542
1941
1543
1942
1544
1943
1545
1944
1546
1945
1547
1946
1548
1947
1549
1948
1550
1949
1551
1950
1552
1951
1553
1952
1554
1953
1555
1954
1556
1955
1557
1956
1558
1957
1559
1958
1560
1959
1561
1960
1562
1961
1563
1962
1564
1963
1565
1964
1566
1965
1567
1966
1568
1967
1569
1968
1570
1969
1571
1970
1572
1971
1573
1972
1574
1973
1575
1974
1576
1975
1577
1976
1578
1977
1579
1978
1580
1979
1581
1980
1582
1981
1583
1982
1584
1983
1585
1984
1586
1985
1587
1986
1588
1987
1589
1988
1590
1989
1591
1990
1592
1991
1593
1992
1594
1993
1595
1994
1596
1995
1597
1996
1598
1997
1599
1998
1999
1601
2000
1602
2001
1603
2002
1604
2003
1605
2004
1606
2005
1607
2006
1608
2007
1609
2008
1610
2009
1611
2010
1612
2011
1613
2012
1614
2013
1615
2014
1616
2015
1617
2016
1618
2017
1619
2018
1620
2019
1621
2020
1622
2021
1623
2022
1624
2023
1625
2024
1626
2025
1627
2026
1628
2027
1629
2028
1630
2029
1631
2030
1632
2031
1633
2032
1634
2033
1635
2034
1636
2035
1637
2036
1638
2037
1639
2038
1640
2039
1641
2040
1642
2041
1643
2042
1644
2043
1645
2044
1646
2045
1647
2046
1648
2047
1649
2048
1650
2049
1651
2050
1652
2051
1653
2052
1654
2053
1655
2054
1656
2055
1657
2056
1658
2057
1659
2058
1660
2059
1661
2060
1662
2061
1663
2062
1664
2063
1665
2064
1666
2065
1667
2066
1668
2067
1669
2068
1670
2069
1671
2070
1672
2071
1673
2072
1674
2073
1675
2074
1676
2075
1677
2076
1678
2077
1679
2078
1680
2079
1681
2080
1682
2081
1683
2082
1684
2083
1685
2084
1686
2085
1687
2086
1688
2087
1689
2088
1690
2089
1691
2090
1692
2091
1693
2092
1694
2093
1695
2094
1696
2095
1697
2096
1698
2097
1699
2098
1700
2099
1701
2100
1702
2101
1703
2102
1704
2103
1705
2104
1706
2105
1707
2106
1708
2107
1709
2108
1710
2109
1711
2110
1712
2111
1713
2112
1714
2113
1715
2114
1716
2115
1717
2116
1718
2117
1719
2118
1720
2119
1721
2120
1722
2121
1723
2122
1724
2123
1725
2124
1726
2125
1727
2126
1728
2127
1729
2128
1730
2129
1731
2130
1732
2131
1733
2132
1734
2133
1735
2134
1736
2135
1737
2136
1738
2137
1739
2138
1740
2139
1741
2140
1742
2141
1743
2142
1744
2143
1745
2144
1746
2145
1747
2146
1748
2147
1749
2148
1750
2149
1751
2150
1752
2151
1753
2152
1754
2153
1755
2154
1756
2155
1757
2156
1758
2157
1759
2158
1760
2159
1761
2160
1762
2161
1763
2162
1764
2163
1765
2164
1766
2165
1767
2166
1768
2167
1769
2168
1770
2169
1771
2170
1772
2171
1773
2172
1774
2173
1775
2174
1776
2175
1777
2176
1778
2177
1779
2178
1780
2179
1781
2180
1782
2181
1783
2182
1784
2183
1785
2184
1786
2185
1787
2186
1788
2187
1789
2188
1790
2189
1791
2190
1792
2191
1793
2192
1794
2193
1795
2194
1796
2195
1797
2196
1798
2197
1799
2198
1800
2199
1801
2200
1802
2201
1803
2202
1804
2203
1805
2204
1806
2205
1807
2206
1808
2207
1809
2208
1810
2209
1811
2210
1812
2211
1813
2212
1814
2213
1815
2214
1816
2215
1817
2216
1818
2217
1819
2218
1820
2219
1821
2220
1822
2221
1823
2222
1824
2223
1825
2224
1826
2225
1827
2226
1828
2227
1829
2228
1830
2229
1831
2230
1832
2231
1833
2232
1834
2233
1835
2234
1836
2235
1837
2236
1838
2237
1839
2238
1840
2239
1841
2240
1842
2241
1843
2242
1844
2243
1845
2244
1846
2245
1847
2246
1848
2247
1849
2248
1850
2249
1851
2250
1852
2251
1853
2252
1854
2253
1855
2254
1856
2255
1857
2256
1858
2257
1859
2258
1860
2259
1861
2260
1862
2261
1863
2262
1864
2263
1865
2264
1866
2265
1867
2266
1868
2267
1869
2268
1870
2269
1871
2270
1872
2271
1873
2272
1874
2273
1875
2274
1876
2275
1877
2276
1878
2277
1879
2278
1880
2279
1881
2280
1882
2281
1883
2282
1884
2283
1885
2284
1886
2285
1887
2286
1888
2287
1889
2288
1890
2289
1891
2290
1892
2291
1893
2292
1894
2293
1895
2294
1896
2295
1897
2296
1898
2297
1899
2298
1900
2299
1901
2300
1902
2301
1903
2302
1904
2303
1905
2304
1906
2305
1907
2306
1908
2307
1909
2308
1910
2309
1911
2310
1912
2311
1913
2312
1914
2313
1915
2314
1916
2315
1917
2316
1918
2317
1919
2318
1920
2319
1921
2320
1922
2321
1923
2322
1924
2323
1925
2324
1926
2325
1927
2326
1928
2327
1929
2328
1930
2329
1931
2330
1932
2331
1933
2332
1934
2333
1935
2334
1936
2335
1937
2336
1938
2337
1939
2338
1940
2339
1941
2340
1942
2341
1943
2342
1944
2343
1945
2344
1946
2345
1947
2346
1948
2347
1949
2348
1950
2349
1951
2350
1952
2351
1953
2352
1954
2353
1955
2354
1956
2355
1957
2356
1958
2357
1959
2358
1960
2359
1961
2360
1962
2361
1963
2362
1964
2363
1965
2364
1966
2365
1967
2366
1968
2367
1969
2368
1970
2369
1971
2370
1972
2371
1973
2372
1974
2373
1975
2374
1976
2375
1977
2376
1978
2377
1979
2378
1980
2379
1981
2380
1982
2381
1983
2382
1984
2383
1985
2384
1986
2385
1987
2386
1988
2387
1989
2388
1990
2389
1991
2390
1992
2391
1993
2392
1994
2393
1995
2394
1996
2395
1997
2396
1998
2397
1999
2398
2399
2001
2400
2002
2401
2003
2402
2004
2403
2005
2404
2006
2405
2007
2406
2008
2407
2009
2408
2010
2409
2011
2410
2012
2411
2013
2412
2014
2413
2015
2414
2016
2415
2017
2416
2018
2417
2019
2418
2020
2419
2021
2420
2022
2421
2023
2422
2024
2423
2025
2424
2026
2425
2027
2426
2028
2427
2029
2428
2030
2429
2031
2430
2032
2431
2033
2432
2034
2433
2035
2434
2036
2435
2037
2436
2038
2437
2039
2438
2040
2439
2041
2440
2042
2441
2043
2442
2044
2443
2045
2444
2046
2445
2047
2446
2048
2447
2049
2448
2050
2449
2051
2450
2052
2451
2053
2452
2054
2453
2055
2454
2056
2455
2057
2456
2058
2457
2059
2458
2060
2459
2061
2460
2062
2461
2063
2462
2064
2463
2065
2464
2066
2465
2067
2466
2068
2467
2069
2468
2070
2469
2071
2470
2072
2471
2073
2472
2074
2473
2075
2474
2076
2475
2077
2476
2078
2477
2079
2478
2080
2479
2081
2480
2082
2481
2083
2482
2084
2483
2085
2484
2086
2485
2087
2486
2088
2487
2089
2488
2090
2489
2091
2490
2092
2491
2093
2492
2094
2493
2095
2494
2096
2495
2097
2496
2098
2497
2099
2498
2100
2499
2101
2500
2102
2501
2103
2502
2104
2503
2105
2504
2106
2505
2107
2506
2108
2507
2109
2508
2110
2509
2111
2510
2112
2511
2113
2512
2114
2513
2115
2514
2116
2515
2117
2516
2118
2517
2119
2518
2120
2519
2121
2520
2122
2521
2123
2522
2124
2523
2125
2524
2126
2525
2127
2526
2128
2527
2129
2528
2130
2529
2131
2530
2132
2531
2133
2532
2134
2533
2135
2534
2136
2535
2137
2536
2138
2537
2139
2538
2140
2539
2141
2540
2142
2541
2143
2542
2144
2543
2145
2544
2146
2545
2147
2546
2148
2547
2149
2548
2150
2549
2151
2550
2152
2551
2153
2552
2154
2553
2155
2554
2156
2555
2157
2556
2158
2557
2159
2558
2160
2559
2161
2560
2162
2561
2163
2562
2164
2563
2165
2564
2166
2565
2167
2566
2168
2567
2169
2568
2170
2569
2171
2570
2172
2571
2173
2572
2174
2573
2175
2574
2176
2575
2177
2576
2178
2577
2179
2578
2180
2579
2181
2580
2182
2581
2183
2582
2184
2583
2185
2584
2186
2585
2187
2586
2188
2587
2189
2588
2190
2589
2191
2590
2192
2591
2193
2592
2194
2593
2195
2594
2196
2595
2197
2596
2198
2597
2199
2598
2200
2599
2201
2600
2202
2601
2203
2602
2204
2603
2205
2604
2206
2605
2207
2606
2208
2607
2209
2608
2210
2609
2211
2610
2212
2611
2213
2612
2214
2613
2215
2614
2216
2615
2217
2616
2218
2617
2219
2618
2220
2619
2221
2620
2222
2621
2223
2622
2224
2623
2225
2624
2226
2625
2227
2626
2228
2627
2229
2628
2230
2629
2231
2630
2232
2631
2233
2632
2234
2633
2235
2634
2236
2635
2237
2636
2238
2637
2239
2638
2240
2639
2241
2640
2242
2641
2243
2642
2244
2643
2245
2644
2246
2645
2247
2646
2248
2647
2249
2648
2250
2649
2251
2650
2252
2651
2253
2652
2254
2653
2255
2654
2256
2655
2257
2656
2258
2657
2259
2658
2260
2659
2261
2660
2262
2661
2263
2662
2264
2663
2265
2664
2266
2665
2267
2666
2268
2667
2269
2668
2270
2669
2271
2670
2272
2671
2273
2672
2274
2673
2275
2674
2276
2675
2277
2676
2278
2677
2279
2678
2280
2679
2281
2680
2282
2681
2283
2682
2284
2683
2285
2684
2286
2685
2287
2686
2288
2687
2289
2688
2290
2689
2291
2690
2292
2691
2293
2692
2294
2693
2295
2694
2296
2695
2297
2696
2298
2697
2299
2698
2300
2699
2301
2700
2302
2701
2303
2702
2304
2703
2305
2704
2306
2705
2307
2706
2308
2707
2309
2708
2310
2709
2311
2710
2312
2711
2313
2712
2314
2713
2315
2714
2316
2715
2317
2716
2318
2717
2319
2718
2320
2719
2321
2720
2322
2721
2323
2722
2324
2723
2325
2724
2326
2725
2327
2726
2328
2727
2329
2728
2330
2729
2331
2730
2332
2731
2333
2732
2334
2733
2335
2734
2336
2735
2337
2736
2338
2737
2339
2738
2340
2739
2341
2740
2342
2741
2343
2742
2344
2743
2345
2744
2346
2745
2347
2746
2348
2747
2349
2748
2350
2749
2351
2750
2352
2751
2353
2752
2354
2753
2355
2754
2356
2755
2357
2756
2358
2757
2359
2758
2360
2759
2361
2760
2362
2761
2363
2762
2364
2763
2365
2764
2366
2765
2367
2766
2368
2767
2369
2768
2370
2769
2371
2770
2372
2771
2373
2772
2374
2773
2375
2774
2376
2775
2377
2776
2378
2777
2379
2778
2380
2779
2381
2780
2382
2781
2383
2782
2384
2783
2385
2784
2386
2785
2387
2786
2388
2787
2389
2788
2390
2789
2391
2790
2392
2791
2393
2792
2394
2793
2395
2794
2396
2795
2397
2796
2398
2797
2399
2798
2799
2401
2800
2402
2801
2403
2802
2404
2803
2405
2804
2406
2805
2407
2806
2408
2807
2409
2808
2410
2809
2411
2810
2412
2811
2413
2812
2414
2813
2415
2814
2416
2815
2417
2816
2418
2817
2419
2818
2420
2819
2421
2820
2422
2821
2423
2822
2424
2823
2425
2824
2426
2825
2427
2826
2428
2827
2429
2828
2430
2829
2431
2830
2432
2831
2433
2832
2434
2833
2435
2834
2436
2835
2437
2836
2438
2837
2439
2838
2440
2839
2441
2840
2442
2841
2443
2842
2444
2843
2445
2844
2446
2845
2447
2846
2448
2847
2449
2848
2450
2849
2451
2850
2452
2851
2453
2852
2454
2853
2455
2854
2456
2855
2457
2856
2458
2857
2459
2858
2460
2859
2461
2860
2462
2861
2463
2862
2464
2863
2465
2864
2466
2865
2467
2866
2468
2867
2469
2868
2470
2869
2471
2870
2472
2871
2473
2872
2474
2873
2475
2874
2476
2875
2477
2876
2478
2877
2479
2878
2480
2879
2481
2880
2482
2881
2483
2882
2484
2883
2485
2884
2486
2885
2487
2886
2488
2887
2489
2888
2490
2889
2491
2890
2492
2891
2493
2892
2494
2893
2495
2894
2496
2895
2497
2896
2498
2897
2499
2898
2500
2899
2501
2900
2502
2901
2503
2902
2504
2903
2505
2904
2506
2905
2507
2906
2508
2907
2509
2908
2510
2909
2511
2910
2512
2911
2513
2912
2514
2913
2515
2914
2516
2915
2517
2916
2518
2917
2519
2918
2520
2919
2521
2920
2522
2921
2523
2922
2524
2923
2525
2924
2526
2925
2527
2926
2528
2927
2529
2928
2530
2929
2531
2930
2532
2931
2533
2932
2534
2933
2535
2934
2536
2935
2537
2936
2538
2937
2539
2938
2540
2939
2541
2940
2542
2941
2543
2942
2544
2943
2545
2944
2546
2945
2547
2946
2548
2947
2549
2948
2550
2949
2551
2950
2552
2951
2553
2952
2554
2953
2555
2954
2556
2955
2557
2956
2558
2957
2559
2958
2560
2959
2561
2960
2562
2961
2563
2962
2564
2963
2565
2964
2566
2965
2567
2966
2568
2967
2569
2968
2570
2969
2571
2970
2572
2971
2573
2972
2574
2973
2575
2974
2576
2975
2577
2976
2578
2977
2579
2978
2580
2979
2581
2980
2582
2981
2583
2982
2584
2983
2585
2984
2586
2985
2587
2986
2588
2987
2589
2988
2590
2989
2591
2990
2592
2991
2593
2992
2594
2993
2595
2994
2596
2995
2597
2996
2598
2997
2599
2998
2600
2999
2601
3000
2602
3001
2603
3002
2604
3003
2605
3004
2606
3005
2607
3006
2608
3007
2609
3008
2610
3009
2611
3010
2612
3011
2613
3012
2614
3013
2615
3014
2616
3015
2617
3016
2618
3017
2619
3018
2620
3019
2621
3020
2622
3021
2623
3022
2624
3023
2625
3024
2626
3025
2627
3026
2628
3027
2629
3028
2630
3029
2631
3030
2632
3031
2633
3032
2634
3033
2635
3034
2636
3035
2637
3036
2638
3037
2639
3038
2640
3039
2641
3040
2642
3041
2643
3042
2644
3043
2645
3044
2646
3045
2647
3046
2648
3047
2649
3048
2650
3049
2651
3050
2652
3051
2653
3052
2654
3053
2655
3054
2656
3055
2657
3056
2658
3057
2659
3058
2660
3059
2661
3060
2662
3061
2663
3062
2664
3063
2665
3064
2666
3065
2667
3066
2668
3067
2669
3068
2670
3069
2671
3070
2672
3071
2673
3072
2674
3073
2675
3074
2676
3075
2677
3076
2678
3077
2679
3078
2680
3079
2681
3080
2682
3081
2683
3082
2684
3083
2685
3084
2686
3085
2687
3086
2688
3087
2689
3088
2690
3089
2691
3090
2692
3091
2693
3092
2694
3093
2695
3094
2696
3095
2697
3096
2698
3097
2699
3098
2700
3099
2701
3100
2702
3101
2703
3102
2704
3103
2705
3104
2706
3105
2707
3106
2708
3107
2709
3108
2710
3109
2711
3110
2712
3111
2713
3112
2714
3113
2715
3114
2716
3115
2717
3116
2718
3117
2719
3118
2720
3119
2721
3120
2722
3121
2723
3122
2724
3123
2725
3124
2726
3125
2727
3126
2728
3127
2729
3128
2730
3129
2731
3130
2732
3131
2733
3132
2734
3133
2735
3134
2736
3135
2737
3136
2738
3137
2739
3138
2740
3139
2741
3140
2742
3141
2743
3142
2744
3143
2745
3144
2746
3145
2747
3146
2748
3147
2749
3148
2750
3149
2751
3150
2752
3151
2753
3152
2754
3153
2755
3154
2756
3155
2757
3156
2758
3157
2759
3158
2760
3159
2761
3160
2762
3161
2763
3162
2764
3163
2765
3164
2766
3165
2767
3166
2768
3167
2769
3168
2770
3169
2771
3170
2772
3171
2773
3172
2774
3173
2775
3174
2776
3175
2777
3176
2778
3177
2779
3178
2780
3179
2781
3180
2782
3181
2783
3182
2784
3183
2785
3184
2786
3185
2787
3186
2788
3187
2789
3188
2790
3189
2791
3190
2792
3191
2793
3192
2794
3193
2795
3194
2796
3195
2797
3196
2798
3197
2799
3198
3199
2801
3200
2802
3201
2803
3202
2804
3203
2805
3204
2806
3205
2807
3206
2808
3207
2809
3208
2810
3209
2811
3210
2812
3211
2813
3212
2814
3213
2815
3214
2816
3215
2817
3216
2818
3217
2819
3218
2820
3219
2821
3220
2822
3221
2823
3222
2824
3223
2825
3224
2826
3225
2827
3226
2828
3227
2829
3228
2830
3229
2831
3230
2832
3231
2833
3232
2834
3233
2835
3234
2836
3235
2837
3236
2838
3237
2839
3238
2840
3239
2841
3240
2842
3241
2843
3242
2844
3243
2845
3244
2846
3245
2847
3246
2848
3247
2849
3248
2850
3249
2851
3250
2852
3251
2853
3252
2854
3253
2855
3254
2856
3255
2857
3256
2858
3257
2859
3258
2860
3259
2861
3260
2862
3261
2863
3262
2864
3263
2865
3264
2866
3265
2867
3266
2868
3267
2869
3268
2870
3269
2871
3270
2872
3271
2873
3272
2874
3273
2875
3274
2876
3275
2877
3276
2878
3277
2879
3278
2880
3279
2881
3280
2882
3281
2883
3282
2884
3283
2885
3284
2886
3285
2887
3286
2888
3287
2889
3288
2890
3289
2891
3290
2892
3291
2893
3292
2894
3293
2895
3294
2896
3295
2897
3296
2898
3297
2899
3298
2900
3299
2901
3300
2902
3301
2903
3302
2904
3303
2905
3304
2906
3305
2907
3306
2908
3307
2909
3308
2910
3309
2911
3310
2912
3311
2913
3312
2914
3313
2915
3314
2916
3315
2917
3316
2918
3317
2919
3318
2920
3319
2921
3320
2922
3321
2923
3322
2924
3323
2925
3324
2926
3325
2927
3326
2928
3327
2929
3328
2930
3329
2931
3330
2932
3331
2933
3332
2934
3333
2935
3334
2936
3335
2937
3336
2938
3337
2939
3338
2940
3339
2941
3340
2942
3341
2943
3342
2944
3343
2945
3344
2946
3345
2947
3346
2948
3347
2949
3348
2950
3349
2951
3350
2952
3351
2953
3352
2954
3353
2955
3354
2956
3355
2957
3356
2958
3357
2959
3358
2960
3359
2961
3360
2962
3361
2963
3362
2964
3363
2965
3364
2966
3365
2967
3366
2968
3367
2969
3368
2970
3369
2971
3370
2972
3371
2973
3372
2974
3373
2975
3374
2976
3375
2977
3376
2978
3377
2979
3378
2980
3379
2981
3380
2982
3381
2983
3382
2984
3383
2985
3384
2986
3385
2987
3386
2988
3387
2989
3388
2990
3389
2991
3390
2992
3391
2993
3392
2994
3393
2995
3394
2996
3395
2997
3396
2998
3397
2999
3398
3000
3399
3001
3400
3002
3401
3003
3402
3004
3403
3005
3404
3006
3405
3007
3406
3008
3407
3009
3408
3010
3409
3011
3410
3012
3411
3013
3412
3014
3413
3015
3414
3016
3415
3017
3416
3018
3417
3019
3418
3020
3419
3021
3420
3022
3421
3023
3422
3024
3423
3025
3424
3026
3425
3027
3426
3028
3427
3029
3428
3030
3429
3031
3430
3032
3431
3033
3432
3034
3433
3035
3434
3036
3435
3037
3436
3038
3437
3039
3438
3040
3439
3041
3440
3042
3441
3043
3442
3044
3443
3045
3444
3046
3445
3047
3446
3048
3447
3049
3448
3050
3449
3051
3450
3052
3451
3053
3452
3054
3453
3055
3454
3056
3455
3057
3456
3058
3457
3059
3458
3060
3459
3061
3460
3062
3461
3063
3462
3064
3463
3065
3464
3066
3465
3067
3466
3068
3467
3069
3468
3070
3469
3071
3470
3072
3471
3073
3472
3074
3473
3075
3474
3076
3475
3077
3476
3078
3477
3079
3478
3080
3479
3081
3480
3082
3481
3083
3482
3084
3483
3085
3484
3086
3485
3087
3486
3088
3487
3089
3488
3090
3489
3091
3490
3092
3491
3093
3492
3094
3493
3095
3494
3096
3495
3097
3496
3098
3497
3099
3498
3100
3499
3101
3500
3102
3501
3103
3502
3104
3503
3105
3504
3106
3505
3107
3506
3108
3507
3109
3508
3110
3509
3111
3510
3112
3511
3113
3512
3114
3513
3115
3514
3116
3515
3117
3516
3118
3517
3119
3518
3120
3519
3121
3520
3122
3521
3123
3522
3124
3523
3125
3524
3126
3525
3127
3526
3128
3527
3129
3528
3130
3529
3131
3530
3132
3531
3133
3532
3134
3533
3135
3534
3136
3535
3137
3536
3138
3537
3139
3538
3140
3539
3141
3540
3142
3541
3143
3542
3144
3543
3145
3544
3146
3545
3147
3546
3148
3547
3149
3548
3150
3549
3151
3550
3152
3551
3153
3552
3154
3553
3155
3554
3156
3555
3157
3556
3158
3557
3159
3558
3160
3559
3161
3560
3162
3561
3163
3562
3164
3563
3165
3564
3166
3565
3167
3566
3168
3567
3169
3568
3170
3569
3171
3570
3172
3571
3173
3572
3174
3573
3175
3574
3176
3575
3177
3576
3178
3577
3179
3578
3180
3579
3181
3580
3182
3581
3183
3582
3184
3583
3185
3584
3186
3585
3187
3586
3188
3587
3189
3588
3190
3589
3191
3590
3192
3591
3193
3592
3194
3593
3195
3594
3196
3595
3197
3596
3198
3597
3199
3598
3599
3201
3600
3202
3601
3203
3602
3204
3603
3205
3604
3206
3605
3207
3606
3208
3607
3209
3608
3210
3609
3211
3610
3212
3611
3213
3612
3214
3613
3215
3614
3216
3615
3217
3616
3218
3617
3219
3618
3220
3619
3221
3620
3222
3621
3223
3622
3224
3623
3225
3624
3226
3625
3227
3626
3228
3627
3229
3628
3230
3629
3231
3630
3232
3631
3233
3632
3234
3633
3235
3634
3236
3635
3237
3636
3238
3637
3239
3638
3240
3639
3241
3640
3242
3641
3243
3642
3244
3643
3245
3644
3246
3645
3247
3646
3248
3647
3249
3648
3250
3649
3251
3650
3252
3651
3253
3652
3254
3653
3255
3654
3256
3655
3257
3656
3258
3657
3259
3658
3260
3659
3261
3660
3262
3661
3263
3662
3264
3663
3265
3664
3266
3665
3267
3666
3268
3667
3269
3668
3270
3669
3271
3670
3272
3671
3273
3672
3274
3673
3275
3674
3276
3675
3277
3676
3278
3677
3279
3678
3280
3679
3281
3680
3282
3681
3283
3682
3284
3683
3285
3684
3286
3685
3287
3686
3288
3687
3289
3688
3290
3689
3291
3690
3292
3691
3293
3692
3294
3693
3295
3694
3296
3695
3297
3696
3298
3697
3299
3698
3300
3699
3301
3700
3302
3701
3303
3702
3304
3703
3305
3704
3306
3705
3307
3706
3308
3707
3309
3708
3310
3709
3311
3710
3312
3711
3313
3712
3314
3713
3315
3714
3316
3715
3317
3716
3318
3717
3319
3718
3320
3719
3321
3720
3322
3721
3323
3722
3324
3723
3325
3724
3326
3725
3327
3726
3328
3727
3329
3728
3330
3729
3331
3730
3332
3731
3333
3732
3334
3733
3335
3734
3336
3735
3337
3736
3338
3737
3339
3738
3340
3739
3341
3740
3342
3741
3343
3742
3344
3743
3345
3744
3346
3745
3347
3746
3348
3747
3349
3748
3350
3749
3351
3750
3352
3751
3353
3752
3354
3753
3355
3754
3356
3755
3357
3756
3358
3757
3359
3758
3360
3759
3361
3760
3362
3761
3363
3762
3364
3763
3365
3764
3366
3765
3367
3766
3368
3767
3369
3768
3370
3769
3371
3770
3372
3771
3373
3772
3374
3773
3375
3774
3376
3775
3377
3776
3378
3777
3379
3778
3380
3779
3381
3780
3382
3781
3383
3782
3384
3783
3385
3784
3386
3785
3387
3786
3388
3787
3389
3788
3390
3789
3391
3790
3392
3791
3393
3792
3394
3793
3395
3794
3396
3795
3397
3796
3398
3797
3399
3798
3400
3799
3401
3800
3402
3801
3403
3802
3404
3803
3405
3804
3406
3805
3407
3806
3408
3807
3409
3808
3410
3809
3411
3810
3412
3811
3413
3812
3414
3813
3415
3814
3416
3815
3417
3816
3418
3817
3419
3818
3420
3819
3421
3820
3422
3821
3423
3822
3424
3823
3425
3824
3426
3825
3427
3826
3428
3827
3429
3828
3430
3829
3431
3830
3432
3831
3433
3832
3434
3833
3435
3834
3436
3835
3437
3836
3438
3837
3439
3838
3440
3839
3441
3840
3442
3841
3443
3842
3444
3843
3445
3844
3446
3845
3447
3846
3448
3847
3449
3848
3450
3849
3451
3850
3452
3851
3453
3852
3454
3853
3455
3854
3456
3855
3457
3856
3458
3857
3459
3858
3460
3859
3461
3860
3462
3861
3463
3862
3464
3863
3465
3864
3466
3865
3467
3866
3468
3867
3469
3868
3470
3869
3471
3870
3472
3871
3473
3872
3474
3873
3475
3874
3476
3875
3477
3876
3478
3877
3479
3878
3480
3879
3481
3880
3482
3881
3483
3882
3484
3883
3485
3884
3486
3885
3487
3886
3488
3887
3489
3888
3490
3889
3491
3890
3492
3891
3493
3892
3494
3893
3495
3894
3496
3895
3497
3896
3498
3897
3499
3898
3500
3899
3501
3900
3502
3901
3503
3902
3504
3903
3505
3904
3506
3905
3507
3906
3508
3907
3509
3908
3510
3909
3511
3910
3512
3911
3513
3912
3514
3913
3515
3914
3516
3915
3517
3916
3518
3917
3519
3918
3520
3919
3521
3920
3522
3921
3523
3922
3524
3923
3525
3924
3526
3925
3527
3926
3528
3927
3529
3928
3530
3929
3531
3930
3532
3931
3533
3932
3534
3933
3535
3934
3536
3935
3537
3936
3538
3937
3539
3938
3540
3939
3541
3940
3542
3941
3543
3942
3544
3943
3545
3944
3546
3945
3547
3946
3548
3947
3549
3948
3550
3949
3551
3950
3552
3951
3553
3952
3554
3953
3555
3954
3556
3955
3557
3956
3558
3957
3559
3958
3560
3959
3561
3960
3562
3961
3563
3962
3564
3963
3565
3964
3566
3965
3567
3966
3568
3967
3569
3968
3570
3969
3571
3970
3572
3971
3573
3972
3574
3973
3575
3974
3576
3975
3577
3976
3578
3977
3579
3978
3580
3979
3581
3980
3582
3981
3583
3982
3584
3983
3585
3984
3586
3985
3587
3986
3588
3987
3589
3988
3590
3989
3591
3990
3592
3991
3593
3992
3594
3993
3595
3994
3596
3995
3597
3996
3598
3997
3599
3998
3999
3601
4000
3602
4001
3603
4002
3604
4003
3605
4004
3606
4005
3607
4006
3608
4007
3609
4008
3610
4009
3611
4010
3612
4011
3613
4012
3614
4013
3615
4014
3616
4015
3617
4016
3618
4017
3619
4018
3620
4019
3621
4020
3622
4021
3623
4022
3624
4023
3625
4024
3626
4025
3627
4026
3628
4027
3629
4028
3630
4029
3631
4030
3632
4031
3633
4032
3634
4033
3635
4034
3636
4035
3637
4036
3638
4037
3639
4038
3640
4039
3641
4040
3642
4041
3643
4042
3644
4043
3645
4044
3646
4045
3647
4046
3648
4047
3649
4048
3650
4049
3651
4050
3652
4051
3653
4052
3654
4053
3655
4054
3656
4055
3657
4056
3658
4057
3659
4058
3660
4059
3661
4060
3662
4061
3663
4062
3664
4063
3665
4064
3666
4065
3667
4066
3668
4067
3669
4068
3670
4069
3671
4070
3672
4071
3673
4072
3674
4073
3675
4074
3676
4075
3677
4076
3678
4077
3679
4078
3680
4079
3681
4080
3682
4081
3683
4082
3684
4083
3685
4084
3686
4085
3687
4086
3688
4087
3689
4088
3690
4089
3691
4090
3692
4091
3693
4092
3694
4093
3695
4094
3696
4095
3697
4096
3698
4097
3699
4098
3700
4099
3701
4100
3702
4101
3703
4102
3704
4103
3705
4104
3706
4105
3707
4106
3708
4107
3709
4108
3710
4109
3711
4110
3712
4111
3713
4112
3714
4113
3715
4114
3716
4115
3717
4116
3718
4117
3719
4118
3720
4119
3721
4120
3722
4121
3723
4122
3724
4123
3725
4124
3726
4125
3727
4126
3728
4127
3729
4128
3730
4129
3731
4130
3732
4131
3733
4132
3734
4133
3735
4134
3736
4135
3737
4136
3738
4137
3739
4138
3740
4139
3741
4140
3742
4141
3743
4142
3744
4143
3745
4144
3746
4145
3747
4146
3748
4147
3749
4148
3750
4149
3751
4150
3752
4151
3753
4152
3754
4153
3755
4154
3756
4155
3757
4156
3758
4157
3759
4158
3760
4159
3761
4160
3762
4161
3763
4162
3764
4163
3765
4164
3766
4165
3767
4166
3768
4167
3769
4168
3770
4169
3771
4170
3772
4171
3773
4172
3774
4173
3775
4174
3776
4175
3777
4176
3778
4177
3779
4178
3780
4179
3781
4180
3782
4181
3783
4182
3784
4183
3785
4184
3786
4185
3787
4186
3788
4187
3789
4188
3790
4189
3791
4190
3792
4191
3793
4192
3794
4193
3795
4194
3796
4195
3797
4196
3798
4197
3799
4198
3800
4199
3801
4200
3802
4201
3803
4202
3804
4203
3805
4204
3806
4205
3807
4206
3808
4207
3809
4208
3810
4209
3811
4210
3812
4211
3813
4212
3814
4213
3815
4214
3816
4215
3817
4216
3818
4217
3819
4218
3820
4219
3821
4220
3822
4221
3823
4222
3824
4223
3825
4224
3826
4225
3827
4226
3828
4227
3829
4228
3830
4229
3831
4230
3832
4231
3833
4232
3834
4233
3835
4234
3836
4235
3837
4236
3838
4237
3839
4238
3840
4239
3841
4240
3842
4241
3843
4242
3844
4243
3845
4244
3846
4245
3847
4246
3848
4247
3849
4248
3850
4249
3851
4250
3852
4251
3853
4252
3854
4253
3855
4254
3856
4255
3857
4256
3858
4257
3859
4258
3860
4259
3861
4260
3862
4261
3863
4262
3864
4263
3865
4264
3866
4265
3867
4266
3868
4267
3869
4268
3870
4269
3871
4270
3872
4271
3873
4272
3874
4273
3875
4274
3876
4275
3877
4276
3878
4277
3879
4278
3880
4279
3881
4280
3882
4281
3883
4282
3884
4283
3885
4284
3886
4285
3887
4286
3888
4287
3889
4288
3890
4289
3891
4290
3892
4291
3893
4292
3894
4293
3895
4294
3896
4295
3897
4296
3898
4297
3899
4298
3900
4299
3901
4300
3902
4301
3903
4302
3904
4303
3905
4304
3906
4305
3907
4306
3908
4307
3909
4308
3910
4309
3911
4310
3912
4311
3913
4312
3914
4313
3915
4314
3916
4315
3917
4316
3918
4317
3919
4318
3920
4319
3921
4320
3922
4321
3923
4322
3924
4323
3925
4324
3926
4325
3927
4326
3928
4327
3929
4328
3930
4329
3931
4330
3932
4331
3933
4332
3934
4333
3935
4334
3936
4335
3937
4336
3938
4337
3939
4338
3940
4339
3941
4340
3942
4341
3943
4342
3944
4343
3945
4344
3946
4345
3947
4346
3948
4347
3949
4348
3950
4349
3951
4350
3952
4351
3953
4352
3954
4353
3955
4354
3956
4355
3957
4356
3958
4357
3959
4358
3960
4359
3961
4360
3962
4361
3963
4362
3964
4363
3965
4364
3966
4365
3967
4366
3968
4367
3969
4368
3970
4369
3971
4370
3972
4371
3973
4372
3974
4373
3975
4374
3976
4375
3977
4376
3978
4377
3979
4378
3980
4379
3981
4380
3982
4381
3983
4382
3984
4383
3985
4384
3986
4385
3987
4386
3988
4387
3989
4388
3990
4389
3991
4390
3992
4391
3993
4392
3994
4393
3995
4394
3996
4395
3997
4396
3998
4397
3999
4398
4399
4001
4400
4002
4401
4003
4402
4004
4403
4005
4404
4006
4405
4007
4406
4008
4407
4009
4408
4010
4409
4011
4410
4012
4411
4013
4412
4014
4413
4015
4414
4016
4415
4017
4416
4018
4417
4019
4418
4020
4419
4021
4420
4022
4421
4023
4422
4024
4423
4025
4424
4026
4425
4027
4426
4028
4427
4029
4428
4030
4429
4031
4430
4032
4431
4033
4432
4034
4433
4035
4434
4036
4435
4037
4436
4038
4437
4039
4438
4040
4439
4041
4440
4042
4441
4043
4442
4044
4443
4045
4444
4046
4445
4047
4446
4048
4447
4049
4448
4050
4449
4051
4450
4052
4451
4053
4452
4054
4453
4055
4454
4056
4455
4057
4456
4058
4457
4059
4458
4060
4459
4061
4460
4062
4461
4063
4462
4064
4463
4065
4464
4066
4465
4067
4466
4068
4467
4069
4468
4070
4469
4071
4470
4072
4471
4073
4472
4074
4473
4075
4474
4076
4475
4077
4476
4078
4477
4079
4478
4080
4479
4081
4480
4082
4481
4083
4482
4084
4483
4085
4484
4086
4485
4087
4486
4088
4487
4089
4488
4090
4489
4091
4490
4092
4491
4093
4492
4094
4493
4095
4494
4096
4495
4097
4496
4098
4497
4099
4498
4100
4499
4101
4500
4102
4501
4103
4502
4104
4503
4105
4504
4106
4505
4107
4506
4108
4507
4109
4508
4110
4509
4111
4510
4112
4511
4113
4512
4114
4513
4115
4514
4116
4515
4117
4516
4118
4517
4119
4518
4120
4519
4121
4520
4122
4521
4123
4522
4124
4523
4125
4524
4126
4525
4127
4526
4128
4527
4129
4528
4130
4529
4131
4530
4132
4531
4133
4532
4134
4533
4135
4534
4136
4535
4137
4536
4138
4537
4139
4538
4140
4539
4141
4540
4142
4541
4143
4542
4144
4543
4145
4544
4146
4545
4147
4546
4148
4547
4149
4548
4150
4549
4151
4550
4152
4551
4153
4552
4154
4553
4155
4554
4156
4555
4157
4556
4158
4557
4159
4558
4160
4559
4161
4560
4162
4561
4163
4562
4164
4563
4165
4564
4166
4565
4167
4566
4168
4567
4169
4568
4170
4569
4171
4570
4172
4571
4173
4572
4174
4573
4175
4574
4176
4575
4177
4576
4178
4577
4179
4578
4180
4579
4181
4580
4182
4581
4183
4582
4184
4583
4185
4584
4186
4585
4187
4586
4188
4587
4189
4588
4190
4589
4191
4590
4192
4591
4193
4592
4194
4593
4195
4594
4196
4595
4197
4596
4198
4597
4199
4598
4200
4599
4201
4600
4202
4601
4203
4602
4204
4603
4205
4604
4206
4605
4207
4606
4208
4607
4209
4608
4210
4609
4211
4610
4212
4611
4213
4612
4214
4613
4215
4614
4216
4615
4217
4616
4218
4617
4219
4618
4220
4619
4221
4620
4222
4621
4223
4622
4224
4623
4225
4624
4226
4625
4227
4626
4228
4627
4229
4628
4230
4629
4231
4630
4232
4631
4233
4632
4234
4633
4235
4634
4236
4635
4237
4636
4238
4637
4239
4638
4240
4639
4241
4640
4242
4641
4243
4642
4244
4643
4245
4644
4246
4645
4247
4646
4248
4647
4249
4648
4250
4649
4251
4650
4252
4651
4253
4652
4254
4653
4255
4654
4256
4655
4257
4656
4258
4657
4259
4658
4260
4659
4261
4660
4262
4661
4263
4662
4264
4663
4265
4664
4266
4665
4267
4666
4268
4667
4269
4668
4270
4669
4271
4670
4272
4671
4273
4672
4274
4673
4275
4674
4276
4675
4277
4676
4278
4677
4279
4678
4280
4679
4281
4680
4282
4681
4283
4682
4284
4683
4285
4684
4286
4685
4287
4686
4288
4687
4289
4688
4290
4689
4291
4690
4292
4691
4293
4692
4294
4693
4295
4694
4296
4695
4297
4696
4298
4697
4299
4698
4300
4699
4301
4700
4302
4701
4303
4702
4304
4703
4305
4704
4306
4705
4307
4706
4308
4707
4309
4708
4310
4709
4311
4710
4312
4711
4313
4712
4314
4713
4315
4714
4316
4715
4317
4716
4318
4717
4319
4718
4320
4719
4321
4720
4322
4721
4323
4722
4324
4723
4325
4724
4326
4725
4327
4726
4328
4727
4329
4728
4330
4729
4331
4730
4332
4731
4333
4732
4334
4733
4335
4734
4336
4735
4337
4736
4338
4737
4339
4738
4340
4739
4341
4740
4342
4741
4343
4742
4344
4743
4345
4744
4346
4745
4347
4746
4348
4747
4349
4748
4350
4749
4351
4750
4352
4751
4353
4752
4354
4753
4355
4754
4356
4755
4357
4756
4358
4757
4359
4758
4360
4759
4361
4760
4362
4761
4363
4762
4364
4763
4365
4764
4366
4765
4367
4766
4368
4767
4369
4768
4370
4769
4371
4770
4372
4771
4373
4772
4374
4773
4375
4774
4376
4775
4377
4776
4378
4777
4379
4778
4380
4779
4381
4780
4382
4781
4383
4782
4384
4783
4385
4784
4386
4785
4387
4786
4388
4787
4389
4788
4390
4789
4391
4790
4392
4791
4393
4792
4394
4793
4395
4794
4396
4795
4397
4796
4398
4797
4399
4798
4799
4401
4800
4402
4801
4403
4802
4404
4803
4405
4804
4406
4805
4407
4806
4408
4807
4409
4808
4410
4809
4411
4810
4412
4811
4413
4812
4414
4813
4415
4814
4416
4815
4417
4816
4418
4817
4419
4818
4420
4819
4421
4820
4422
4821
4423
4822
4424
4823
4425
4824
4426
4825
4427
4826
4428
4827
4429
4828
4430
4829
4431
4830
4432
4831
4433
4832
4434
4833
4435
4834
4436
4835
4437
4836
4438
4837
4439
4838
4440
4839
4441
4840
4442
4841
4443
4842
4444
4843
4445
4844
4446
4845
4447
4846
4448
4847
4449
4848
4450
4849
4451
4850
4452
4851
4453
4852
4454
4853
4455
4854
4456
4855
4457
4856
4458
4857
4459
4858
4460
4859
4461
4860
4462
4861
4463
4862
4464
4863
4465
4864
4466
4865
4467
4866
4468
4867
4469
4868
4470
4869
4471
4870
4472
4871
4473
4872
4474
4873
4475
4874
4476
4875
4477
4876
4478
4877
4479
4878
4480
4879
4481
4880
4482
4881
4483
4882
4484
4883
4485
4884
4486
4885
4487
4886
4488
4887
4489
4888
4490
4889
4491
4890
4492
4891
4493
4892
4494
4893
4495
4894
4496
4895
4497
4896
4498
4897
4499
4898
4500
4899
4501
4900
4502
4901
4503
4902
4504
4903
4505
4904
4506
4905
4507
4906
4508
4907
4509
4908
4510
4909
4511
4910
4512
4911
4513
4912
4514
4913
4515
4914
4516
4915
4517
4916
4518
4917
4519
4918
4520
4919
4521
4920
4522
4921
4523
4922
4524
4923
4525
4924
4526
4925
4527
4926
4528
4927
4529
4928
4530
4929
4531
4930
4532
4931
4533
4932
4534
4933
4535
4934
4536
4935
4537
4936
4538
4937
4539
4938
4540
4939
4541
4940
4542
4941
4543
4942
4544
4943
4545
4944
4546
4945
4547
4946
4548
4947
4549
4948
4550
4949
4551
4950
4552
4951
4553
4952
4554
4953
4555
4954
4556
4955
4557
4956
4558
4957
4559
4958
4560
4959
4561
4960
4562
4961
4563
4962
4564
4963
4565
4964
4566
4965
4567
4966
4568
4967
4569
4968
4570
4969
4571
4970
4572
4971
4573
4972
4574
4973
4575
4974
4576
4975
4577
4976
4578
4977
4579
4978
4580
4979
4581
4980
4582
4981
4583
4982
4584
4983
4585
4984
4586
4985
4587
4986
4588
4987
4589
4988
4590
4989
4591
4990
4592
4991
4593
4992
4594
4993
4595
4994
4596
4995
4597
4996
4598
4997
4599
4998
4600
4999
4601
5000
4602
5001
4603
5002
4604
5003
4605
5004
4606
5005
4607
5006
4608
5007
4609
5008
4610
5009
4611
5010
4612
5011
4613
5012
4614
5013
4615
5014
4616
5015
4617
5016
4618
5017
4619
5018
4620
5019
4621
5020
4622
5021
4623
5022
4624
5023
4625
5024
4626
5025
4627
5026
4628
5027
4629
5028
4630
5029
4631
5030
4632
5031
4633
5032
4634
5033
4635
5034
4636
5035
4637
5036
4638
5037
4639
5038
4640
5039
4641
5040
4642
5041
4643
5042
4644
5043
4645
5044
4646
5045
4647
5046
4648
5047
4649
5048
4650
5049
4651
5050
4652
5051
4653
5052
4654
5053
4655
5054
4656
5055
4657
5056
4658
5057
4659
5058
4660
5059
4661
5060
4662
5061
4663
5062
4664
5063
4665
5064
4666
5065
4667
5066
4668
5067
4669
5068
4670
5069
4671
5070
4672
5071
4673
5072
4674
5073
4675
5074
4676
5075
4677
5076
4678
5077
4679
5078
4680
5079
4681
5080
4682
5081
4683
5082
4684
5083
4685
5084
4686
5085
4687
5086
4688
5087
4689
5088
4690
5089
4691
5090
4692
5091
4693
5092
4694
5093
4695
5094
4696
5095
4697
5096
4698
5097
4699
5098
4700
5099
4701
5100
4702
5101
4703
5102
4704
5103
4705
5104
4706
5105
4707
5106
4708
5107
4709
5108
4710
5109
4711
5110
4712
5111
4713
5112
4714
5113
4715
5114
4716
5115
4717
5116
4718
5117
4719
5118
4720
5119
4721
5120
4722
5121
4723
5122
4724
5123
4725
5124
4726
5125
4727
5126
4728
5127
4729
5128
4730
5129
4731
5130
4732
5131
4733
5132
4734
5133
4735
5134
4736
5135
4737
5136
4738
5137
4739
5138
4740
5139
4741
5140
4742
5141
4743
5142
4744
5143
4745
5144
4746
5145
4747
5146
4748
5147
4749
5148
4750
5149
4751
5150
4752
5151
4753
5152
4754
5153
4755
5154
4756
5155
4757
5156
4758
5157
4759
5158
4760
5159
4761
5160
4762
5161
4763
5162
4764
5163
4765
5164
4766
5165
4767
5166
4768
5167
4769
5168
4770
5169
4771
5170
4772
5171
4773
5172
4774
5173
4775
5174
4776
5175
4777
5176
4778
5177
4779
5178
4780
5179
4781
5180
4782
5181
4783
5182
4784
5183
4785
5184
4786
5185
4787
5186
4788
5187
4789
5188
4790
5189
4791
5190
4792
5191
4793
5192
4794
5193
4795
5194
4796
5195
4797
5196
4798
5197
4799
5198
5199
4801
5200
4802
5201
4803
5202
4804
5203
4805
5204
4806
5205
4807
5206
4808
5207
4809
5208
4810
5209
4811
5210
4812
5211
4813
5212
4814
5213
4815
5214
4816
5215
4817
5216
4818
5217
4819
5218
4820
5219
4821
5220
4822
5221
4823
5222
4824
5223
4825
5224
4826
5225
4827
5226
4828
5227
4829
5228
4830
5229
4831
5230
4832
5231
4833
5232
4834
5233
4835
5234
4836
5235
4837
5236
4838
5237
4839
5238
4840
5239
4841
5240
4842
5241
4843
5242
4844
5243
4845
5244
4846
5245
4847
5246
4848
5247
4849
5248
4850
5249
4851
5250
4852
5251
4853
5252
4854
5253
4855
5254
4856
5255
4857
5256
4858
5257
4859
5258
4860
5259
4861
5260
4862
5261
4863
5262
4864
5263
4865
5264
4866
5265
4867
5266
4868
5267
4869
5268
4870
5269
4871
5270
4872
5271
4873
5272
4874
5273
4875
5274
4876
5275
4877
5276
4878
5277
4879
5278
4880
5279
4881
5280
4882
5281
4883
5282
4884
5283
4885
5284
4886
5285
4887
5286
4888
5287
4889
5288
4890
5289
4891
5290
4892
5291
4893
5292
4894
5293
4895
5294
4896
5295
4897
5296
4898
5297
4899
5298
4900
5299
4901
5300
4902
5301
4903
5302
4904
5303
4905
5304
4906
5305
4907
5306
4908
5307
4909
5308
4910
5309
4911
5310
4912
5311
4913
5312
4914
5313
4915
5314
4916
5315
4917
5316
4918
5317
4919
5318
4920
5319
4921
5320
4922
5321
4923
5322
4924
5323
4925
5324
4926
5325
4927
5326
4928
5327
4929
5328
4930
5329
4931
5330
4932
5331
4933
5332
4934
5333
4935
5334
4936
5335
4937
5336
4938
5337
4939
5338
4940
5339
4941
5340
4942
5341
4943
5342
4944
5343
4945
5344
4946
5345
4947
5346
4948
5347
4949
5348
4950
5349
4951
5350
4952
5351
4953
5352
4954
5353
4955
5354
4956
5355
4957
5356
4958
5357
4959
5358
4960
5359
4961
5360
4962
5361
4963
5362
4964
5363
4965
5364
4966
5365
4967
5366
4968
5367
4969
5368
4970
5369
4971
5370
4972
5371
4973
5372
4974
5373
4975
5374
4976
5375
4977
5376
4978
5377
4979
5378
4980
5379
4981
5380
4982
5381
4983
5382
4984
5383
4985
5384
4986
5385
4987
5386
4988
5387
4989
5388
4990
5389
4991
5390
4992
5391
4993
5392
4994
5393
4995
5394
4996
5395
4997
5396
4998
5397
4999
5398
5000
5399
5001
5400
5002
5401
5003
5402
5004
5403
5005
5404
5006
5405
5007
5406
5008
5407
5009
5408
5010
5409
5011
5410
5012
5411
5013
5412
5014
5413
5015
5414
5016
5415
5017
5416
5018
5417
5019
5418
5020
5419
5021
5420
5022
5421
5023
5422
5024
5423
5025
5424
5026
5425
5027
5426
5028
5427
5029
5428
5030
5429
5031
5430
5032
5431
5033
5432
5034
5433
5035
5434
5036
5435
5037
5436
5038
5437
5039
5438
5040
5439
5041
5440
5042
5441
5043
5442
5044
5443
5045
5444
5046
5445
5047
5446
5048
5447
5049
5448
5050
5449
5051
5450
5052
5451
5053
5452
5054
5453
5055
5454
5056
5455
5057
5456
5058
5457
5059
5458
5060
5459
5061
5460
5062
5461
5063
5462
5064
5463
5065
5464
5066
5465
5067
5466
5068
5467
5069
5468
5070
5469
5071
5470
5072
5471
5073
5472
5074
5473
5075
5474
5076
5475
5077
5476
5078
5477
5079
5478
5080
5479
5081
5480
5082
5481
5083
5482
5084
5483
5085
5484
5086
5485
5087
5486
5088
5487
5089
5488
5090
5489
5091
5490
5092
5491
5093
5492
5094
5493
5095
5494
5096
5495
5097
5496
5098
5497
5099
5498
5100
5499
5101
5500
5102
5501
5103
5502
5104
5503
5105
5504
5106
5505
5107
5506
5108
5507
5109
5508
5110
5509
5111
5510
5112
5511
5113
5512
5114
5513
5115
5514
5116
5515
5117
5516
5118
5517
5119
5518
5120
5519
5121
5520
5122
5521
5123
5522
5124
5523
5125
5524
5126
5525
5127
5526
5128
5527
5129
5528
5130
5529
5131
5530
5132
5531
5133
5532
5134
5533
5135
5534
5136
5535
5137
5536
5138
5537
5139
5538
5140
5539
5141
5540
5142
5541
5143
5542
5144
5543
5145
5544
5146
5545
5147
5546
5148
5547
5149
5548
5150
5549
5151
5550
5152
5551
5153
5552
5154
5553
5155
5554
5156
5555
5157
5556
5158
5557
5159
5558
5160
5559
5161
5560
5162
5561
5163
5562
5164
5563
5165
5564
5166
5565
5167
5566
5168
5567
5169
5568
5170
5569
5171
5570
5172
5571
5173
5572
5174
5573
5175
5574
5176
5575
5177
5576
5178
5577
5179
5578
5180
5579
5181
5580
5182
5581
5183
5582
5184
5583
5185
5584
5186
5585
5187
5586
5188
5587
5189
5588
5190
5589
5191
5590
5192
5591
5193
5592
5194
5593
5195
5594
5196
5595
5197
5596
5198
5597
5199
5598
5599
5201
5600
5202
5601
5203
5602
5204
5603
5205
5604
5206
5605
5207
5606
5208
5607
5209
5608
5210
5609
5211
5610
5212
5611
5213
5612
5214
5613
5215
5614
5216
5615
5217
5616
5218
5617
5219
5618
5220
5619
5221
5620
5222
5621
5223
5622
5224
5623
5225
5624
5226
5625
5227
5626
5228
5627
5229
5628
5230
5629
5231
5630
5232
5631
5233
5632
5234
5633
5235
5634
5236
5635
5237
5636
5238
5637
5239
5638
5240
5639
5241
5640
5242
5641
5243
5642
5244
5643
5245
5644
5246
5645
5247
5646
5248
5647
5249
5648
5250
5649
5251
5650
5252
5651
5253
5652
5254
5653
5255
5654
5256
5655
5257
5656
5258
5657
5259
5658
5260
5659
5261
5660
5262
5661
5263
5662
5264
5663
5265
5664
5266
5665
5267
5666
5268
5667
5269
5668
5270
5669
5271
5670
5272
5671
5273
5672
5274
5673
5275
5674
5276
5675
5277
5676
5278
5677
5279
5678
5280
5679
5281
5680
5282
5681
5283
5682
5284
5683
5285
5684
5286
5685
5287
5686
5288
5687
5289
5688
5290
5689
5291
5690
5292
5691
5293
5692
5294
5693
5295
5694
5296
5695
5297
5696
5298
5697
5299
5698
5300
5699
5301
5700
5302
5701
5303
5702
5304
5703
5305
5704
5306
5705
5307
5706
5308
5707
5309
5708
5310
5709
5311
5710
5312
5711
5313
5712
5314
5713
5315
5714
5316
5715
5317
5716
5318
5717
5319
5718
5320
5719
5321
5720
5322
5721
5323
5722
5324
5723
5325
5724
5326
5725
5327
5726
5328
5727
5329
5728
5330
5729
5331
5730
5332
5731
5333
5732
5334
5733
5335
5734
5336
5735
5337
5736
5338
5737
5339
5738
5340
5739
5341
5740
5342
5741
5343
5742
5344
5743
5345
5744
5346
5745
5347
5746
5348
5747
5349
5748
5350
5749
5351
5750
5352
5751
5353
5752
5354
5753
5355
5754
5356
5755
5357
5756
5358
5757
5359
5758
5360
5759
5361
5760
5362
5761
5363
5762
5364
5763
5365
5764
5366
5765
5367
5766
5368
5767
5369
5768
5370
5769
5371
5770
5372
5771
5373
5772
5374
5773
5375
5774
5376
5775
5377
5776
5378
5777
5379
5778
5380
5779
5381
5780
5382
5781
5383
5782
5384
5783
5385
5784
5386
5785
5387
5786
5388
5787
5389
5788
5390
5789
5391
5790
5392
5791
5393
5792
5394
5793
5395
5794
5396
5795
5397
5796
5398
5797
5399
5798
5400
5799
5401
5800
5402
5801
5403
5802
5404
5803
5405
5804
5406
5805
5407
5806
5408
5807
5409
5808
5410
5809
5411
5810
5412
5811
5413
5812
5414
5813
5415
5814
5416
5815
5417
5816
5418
5817
5419
5818
5420
5819
5421
5820
5422
5821
5423
5822
5424
5823
5425
5824
5426
5825
5427
5826
5428
5827
5429
5828
5430
5829
5431
5830
5432
5831
5433
5832
5434
5833
5435
5834
5436
5835
5437
5836
5438
5837
5439
5838
5440
5839
5441
5840
5442
5841
5443
5842
5444
5843
5445
5844
5446
5845
5447
5846
5448
5847
5449
5848
5450
5849
5451
5850
5452
5851
5453
5852
5454
5853
5455
5854
5456
5855
5457
5856
5458
5857
5459
5858
5460
5859
5461
5860
5462
5861
5463
5862
5464
5863
5465
5864
5466
5865
5467
5866
5468
5867
5469
5868
5470
5869
5471
5870
5472
5871
5473
5872
5474
5873
5475
5874
5476
5875
5477
5876
5478
5877
5479
5878
5480
5879
5481
5880
5482
5881
5483
5882
5484
5883
5485
5884
5486
5885
5487
5886
5488
5887
5489
5888
5490
5889
5491
5890
5492
5891
5493
5892
5494
5893
5495
5894
5496
5895
5497
5896
5498
5897
5499
5898
5500
5899
5501
5900
5502
5901
5503
5902
5504
5903
5505
5904
5506
5905
5507
5906
5508
5907
5509
5908
5510
5909
5511
5910
5512
5911
5513
5912
5514
5913
5515
5914
5516
5915
5517
5916
5518
5917
5519
5918
5520
5919
5521
5920
5522
5921
5523
5922
5524
5923
5525
5924
5526
5925
5527
5926
5528
5927
5529
5928
5530
5929
5531
5930
5532
5931
5533
5932
5534
5933
5535
5934
5536
5935
5537
5936
5538
5937
5539
5938
5540
5939
5541
5940
5542
5941
5543
5942
5544
5943
5545
5944
5546
5945
5547
5946
5548
5947
5549
5948
5550
5949
5551
5950
5552
5951
5553
5952
5554
5953
5555
5954
5556
5955
5557
5956
5558
5957
5559
5958
5560
5959
5561
5960
5562
5961
5563
5962
5564
5963
5565
5964
5566
5965
5567
5966
5568
5967
5569
5968
5570
5969
5571
5970
5572
5971
5573
5972
5574
5973
5575
5974
5576
5975
5577
5976
5578
5977
5579
5978
5580
5979
5581
5980
5582
5981
5583
5982
5584
5983
5585
5984
5586
5985
5587
5986
5588
5987
5589
5988
5590
5989
5591
5990
5592
5991
5593
5992
5594
5993
5595
5994
5596
5995
5597
5996
5598
5997
5599
5998
5999
5601
6000
5602
6001
5603
6002
5604
6003
5605
6004
5606
6005
5607
6006
5608
6007
5609
6008
5610
6009
5611
6010
5612
6011
5613
6012
5614
6013
5615
6014
5616
6015
5617
6016
5618
6017
5619
6018
5620
6019
5621
6020
5622
6021
5623
6022
5624
6023
5625
6024
5626
6025
5627
6026
5628
6027
5629
6028
5630
6029
5631
6030
5632
6031
5633
6032
5634
6033
5635
6034
5636
6035
5637
6036
5638
6037
5639
6038
5640
6039
5641
6040
5642
6041
5643
6042
5644
6043
5645
6044
5646
6045
5647
6046
5648
6047
5649
6048
5650
6049
5651
6050
5652
6051
5653
6052
5654
6053
5655
6054
5656
6055
5657
6056
5658
6057
5659
6058
5660
6059
5661
6060
5662
6061
5663
6062
5664
6063
5665
6064
5666
6065
5667
6066
5668
6067
5669
6068
5670
6069
5671
6070
5672
6071
5673
6072
5674
6073
5675
6074
5676
6075
5677
6076
5678
6077
5679
6078
5680
6079
5681
6080
5682
6081
5683
6082
5684
6083
5685
6084
5686
6085
5687
6086
5688
6087
5689
6088
5690
6089
5691
6090
5692
6091
5693
6092
5694
6093
5695
6094
5696
6095
5697
6096
5698
6097
5699
6098
5700
6099
5701
6100
5702
6101
5703
6102
5704
6103
5705
6104
5706
6105
5707
6106
5708
6107
5709
6108
5710
6109
5711
6110
5712
6111
5713
6112
5714
6113
5715
6114
5716
6115
5717
6116
5718
6117
5719
6118
5720
6119
5721
6120
5722
6121
5723
6122
5724
6123
5725
6124
5726
6125
5727
6126
5728
6127
5729
6128
5730
6129
5731
6130
5732
6131
5733
6132
5734
6133
5735
6134
5736
6135
5737
6136
5738
6137
5739
6138
5740
6139
5741
6140
5742
6141
5743
6142
5744
6143
5745
6144
5746
6145
5747
6146
5748
6147
5749
6148
5750
6149
5751
6150
5752
6151
5753
6152
5754
6153
5755
6154
5756
6155
5757
6156
5758
6157
5759
6158
5760
6159
5761
6160
5762
6161
5763
6162
5764
6163
5765
6164
5766
6165
5767
6166
5768
6167
5769
6168
5770
6169
5771
6170
5772
6171
5773
6172
5774
6173
5775
6174
5776
6175
5777
6176
5778
6177
5779
6178
5780
6179
5781
6180
5782
6181
5783
6182
5784
6183
5785
6184
5786
6185
5787
6186
5788
6187
5789
6188
5790
6189
5791
6190
5792
6191
5793
6192
5794
6193
5795
6194
5796
6195
5797
6196
5798
6197
5799
6198
5800
6199
5801
6200
5802
6201
5803
6202
5804
6203
5805
6204
5806
6205
5807
6206
5808
6207
5809
6208
5810
6209
5811
6210
5812
6211
5813
6212
5814
6213
5815
6214
5816
6215
5817
6216
5818
6217
5819
6218
5820
6219
5821
6220
5822
6221
5823
6222
5824
6223
5825
6224
5826
6225
5827
6226
5828
6227
5829
6228
5830
6229
5831
6230
5832
6231
5833
6232
5834
6233
5835
6234
5836
6235
5837
6236
5838
6237
5839
6238
5840
6239
5841
6240
5842
6241
5843
6242
5844
6243
5845
6244
5846
6245
5847
6246
5848
6247
5849
6248
5850
6249
5851
6250
5852
6251
5853
6252
5854
6253
5855
6254
5856
6255
5857
6256
5858
6257
5859
6258
5860
6259
5861
6260
5862
6261
5863
6262
5864
6263
5865
6264
5866
6265
5867
6266
5868
6267
5869
6268
5870
6269
5871
6270
5872
6271
5873
6272
5874
6273
5875
6274
5876
6275
5877
6276
5878
6277
5879
6278
5880
6279
5881
6280
5882
6281
5883
6282
5884
6283
5885
6284
5886
6285
5887
6286
5888
6287
5889
6288
5890
6289
5891
6290
5892
6291
5893
6292
5894
6293
5895
6294
5896
6295
5897
6296
5898
6297
5899
6298
5900
6299
5901
6300
5902
6301
5903
6302
5904
6303
5905
6304
5906
6305
5907
6306
5908
6307
5909
6308
5910
6309
5911
6310
5912
6311
5913
6312
5914
6313
5915
6314
5916
6315
5917
6316
5918
6317
5919
6318
5920
6319
5921
6320
5922
6321
5923
6322
5924
6323
5925
6324
5926
6325
5927
6326
5928
6327
5929
6328
5930
6329
5931
6330
5932
6331
5933
6332
5934
6333
5935
6334
5936
6335
5937
6336
5938
6337
5939
6338
5940
6339
5941
6340
5942
6341
5943
6342
5944
6343
5945
6344
5946
6345
5947
6346
5948
6347
5949
6348
5950
6349
5951
6350
5952
6351
5953
6352
5954
6353
5955
6354
5956
6355
5957
6356
5958
6357
5959
6358
5960
6359
5961
6360
5962
6361
5963
6362
5964
6363
5965
6364
5966
6365
5967
6366
5968
6367
5969
6368
5970
6369
5971
6370
5972
6371
5973
6372
5974
6373
5975
6374
5976
6375
5977
6376
5978
6377
5979
6378
5980
6379
5981
6380
5982
6381
5983
6382
5984
6383
5985
6384
5986
6385
5987
6386
5988
6387
5989
6388
5990
6389
5991
6390
5992
6391
5993
6392
5994
6393
5995
6394
5996
6395
5997
6396
5998
6397
5999
6398
6399
6001
6400
6002
6401
6003
6402
6004
6403
6005
6404
6006
6405
6007
6406
6008
6407
6009
6408
6010
6409
6011
6410
6012
6411
6013
6412
6014
6413
6015
6414
6016
6415
6017
6416
6018
6417
6019
6418
6020
6419
6021
6420
6022
6421
6023
6422
6024
6423
6025
6424
6026
6425
6027
6426
6028
6427
6029
6428
6030
6429
6031
6430
6032
6431
6033
6432
6034
6433
6035
6434
6036
6435
6037
6436
6038
6437
6039
6438
6040
6439
6041
6440
6042
6441
6043
6442
6044
6443
6045
6444
6046
6445
6047
6446
6048
6447
6049
6448
6050
6449
6051
6450
6052
6451
6053
6452
6054
6453
6055
6454
6056
6455
6057
6456
6058
6457
6059
6458
6060
6459
6061
6460
6062
6461
6063
6462
6064
6463
6065
6464
6066
6465
6067
6466
6068
6467
6069
6468
6070
6469
6071
6470
6072
6471
6073
6472
6074
6473
6075
6474
6076
6475
6077
6476
6078
6477
6079
6478
6080
6479
6081
6480
6082
6481
6083
6482
6084
6483
6085
6484
6086
6485
6087
6486
6088
6487
6089
6488
6090
6489
6091
6490
6092
6491
6093
6492
6094
6493
6095
6494
6096
6495
6097
6496
6098
6497
6099
6498
6100
6499
6101
6500
6102
6501
6103
6502
6104
6503
6105
6504
6106
6505
6107
6506
6108
6507
6109
6508
6110
6509
6111
6510
6112
6511
6113
6512
6114
6513
6115
6514
6116
6515
6117
6516
6118
6517
6119
6518
6120
6519
6121
6520
6122
6521
6123
6522
6124
6523
6125
6524
6126
6525
6127
6526
6128
6527
6129
6528
6130
6529
6131
6530
6132
6531
6133
6532
6134
6533
6135
6534
6136
6535
6137
6536
6138
6537
6139
6538
6140
6539
6141
6540
6142
6541
6143
6542
6144
6543
6145
6544
6146
6545
6147
6546
6148
6547
6149
6548
6150
6549
6151
6550
6152
6551
6153
6552
6154
6553
6155
6554
6156
6555
6157
6556
6158
6557
6159
6558
6160
6559
6161
6560
6162
6561
6163
6562
6164
6563
6165
6564
6166
6565
6167
6566
6168
6567
6169
6568
6170
6569
6171
6570
6172
6571
6173
6572
6174
6573
6175
6574
6176
6575
6177
6576
6178
6577
6179
6578
6180
6579
6181
6580
6182
6581
6183
6582
6184
6583
6185
6584
6186
6585
6187
6586
6188
6587
6189
6588
6190
6589
6191
6590
6192
6591
6193
6592
6194
6593
6195
6594
6196
6595
6197
6596
6198
6597
6199
6598
6200
6599
6201
6600
6202
6601
6203
6602
6204
6603
6205
6604
6206
6605
6207
6606
6208
6607
6209
6608
6210
6609
6211
6610
6212
6611
6213
6612
6214
6613
6215
6614
6216
6615
6217
6616
6218
6617
6219
6618
6220
6619
6221
6620
6222
6621
6223
6622
6224
6623
6225
6624
6226
6625
6227
6626
6228
6627
6229
6628
6230
6629
6231
6630
6232
6631
6233
6632
6234
6633
6235
6634
6236
6635
6237
6636
6238
6637
6239
6638
6240
6639
6241
6640
6242
6641
6243
6642
6244
6643
6245
6644
6246
6645
6247
6646
6248
6647
6249
6648
6250
6649
6251
6650
6252
6651
6253
6652
6254
6653
6255
6654
6256
6655
6257
6656
6258
6657
6259
6658
6260
6659
6261
6660
6262
6661
6263
6662
6264
6663
6265
6664
6266
6665
6267
6666
6268
6667
6269
6668
6270
6669
6271
6670
6272
6671
6273
6672
6274
6673
6275
6674
6276
6675
6277
6676
6278
6677
6279
6678
6280
6679
6281
6680
6282
6681
6283
6682
6284
6683
6285
6684
6286
6685
6287
6686
6288
6687
6289
6688
6290
6689
6291
6690
6292
6691
6293
6692
6294
6693
6295
6694
6296
6695
6297
6696
6298
6697
6299
6698
6300
6699
6301
6700
6302
6701
6303
6702
6304
6703
6305
6704
6306
6705
6307
6706
6308
6707
6309
6708
6310
6709
6311
6710
6312
6711
6313
6712
6314
6713
6315
6714
6316
6715
6317
6716
6318
6717
6319
6718
6320
6719
6321
6720
6322
6721
6323
6722
6324
6723
6325
6724
6326
6725
6327
6726
6328
6727
6329
6728
6330
6729
6331
6730
6332
6731
6333
6732
6334
6733
6335
6734
6336
6735
6337
6736
6338
6737
6339
6738
6340
6739
6341
6740
6342
6741
6343
6742
6344
6743
6345
6744
6346
6745
6347
6746
6348
6747
6349
6748
6350
6749
6351
6750
6352
6751
6353
6752
6354
6753
6355
6754
6356
6755
6357
6756
6358
6757
6359
6758
6360
6759
6361
6760
6362
6761
6363
6762
6364
6763
6365
6764
6366
6765
6367
6766
6368
6767
6369
6768
6370
6769
6371
6770
6372
6771
6373
6772
6374
6773
6375
6774
6376
6775
6377
6776
6378
6777
6379
6778
6380
6779
6381
6780
6382
6781
6383
6782
6384
6783
6385
6784
6386
6785
6387
6786
6388
6787
6389
6788
6390
6789
6391
6790
6392
6791
6393
6792
6394
6793
6395
6794
6396
6795
6397
6796
6398
6797
6399
6798
6799
6401
6800
6402
6801
6403
6802
6404
6803
6405
6804
6406
6805
6407
6806
6408
6807
6409
6808
6410
6809
6411
6810
6412
6811
6413
6812
6414
6813
6415
6814
6416
6815
6417
6816
6418
6817
6419
6818
6420
6819
6421
6820
6422
6821
6423
6822
6424
6823
6425
6824
6426
6825
6427
6826
6428
6827
6429
6828
6430
6829
6431
6830
6432
6831
6433
6832
6434
6833
6435
6834
6436
6835
6437
6836
6438
6837
6439
6838
6440
6839
6441
6840
6442
6841
6443
6842
6444
6843
6445
6844
6446
6845
6447
6846
6448
6847
6449
6848
6450
6849
6451
6850
6452
6851
6453
6852
6454
6853
6455
6854
6456
6855
6457
6856
6458
6857
6459
6858
6460
6859
6461
6860
6462
6861
6463
6862
6464
6863
6465
6864
6466
6865
6467
6866
6468
6867
6469
6868
6470
6869
6471
6870
6472
6871
6473
6872
6474
6873
6475
6874
6476
6875
6477
6876
6478
6877
6479
6878
6480
6879
6481
6880
6482
6881
6483
6882
6484
6883
6485
6884
6486
6885
6487
6886
6488
6887
6489
6888
6490
6889
6491
6890
6492
6891
6493
6892
6494
6893
6495
6894
6496
6895
6497
6896
6498
6897
6499
6898
6500
6899
6501
6900
6502
6901
6503
6902
6504
6903
6505
6904
6506
6905
6507
6906
6508
6907
6509
6908
6510
6909
6511
6910
6512
6911
6513
6912
6514
6913
6515
6914
6516
6915
6517
6916
6518
6917
6519
6918
6520
6919
6521
6920
6522
6921
6523
6922
6524
6923
6525
6924
6526
6925
6527
6926
6528
6927
6529
6928
6530
6929
6531
6930
6532
6931
6533
6932
6534
6933
6535
6934
6536
6935
6537
6936
6538
6937
6539
6938
6540
6939
6541
6940
6542
6941
6543
6942
6544
6943
6545
6944
6546
6945
6547
6946
6548
6947
6549
6948
6550
6949
6551
6950
6552
6951
6553
6952
6554
6953
6555
6954
6556
6955
6557
6956
6558
6957
6559
6958
6560
6959
6561
6960
6562
6961
6563
6962
6564
6963
6565
6964
6566
6965
6567
6966
6568
6967
6569
6968
6570
6969
6571
6970
6572
6971
6573
6972
6574
6973
6575
6974
6576
6975
6577
6976
6578
6977
6579
6978
6580
6979
6581
6980
6582
6981
6583
6982
6584
6983
6585
6984
6586
6985
6587
6986
6588
6987
6589
6988
6590
6989
6591
6990
6592
6991
6593
6992
6594
6993
6595
6994
6596
6995
6597
6996
6598
6997
6599
6998
6600
6999
6601
7000
6602
7001
6603
7002
6604
7003
6605
7004
6606
7005
6607
7006
6608
7007
6609
7008
6610
7009
6611
7010
6612
7011
6613
7012
6614
7013
6615
7014
6616
7015
6617
7016
6618
7017
6619
7018
6620
7019
6621
7020
6622
7021
6623
7022
6624
7023
6625
7024
6626
7025
6627
7026
6628
7027
6629
7028
6630
7029
6631
7030
6632
7031
6633
7032
6634
7033
6635
7034
6636
7035
6637
7036
6638
7037
6639
7038
6640
7039
6641
7040
6642
7041
6643
7042
6644
7043
6645
7044
6646
7045
6647
7046
6648
7047
6649
7048
6650
7049
6651
7050
6652
7051
6653
7052
6654
7053
6655
7054
6656
7055
6657
7056
6658
7057
6659
7058
6660
7059
6661
7060
6662
7061
6663
7062
6664
7063
6665
7064
6666
7065
6667
7066
6668
7067
6669
7068
6670
7069
6671
7070
6672
7071
6673
7072
6674
7073
6675
7074
6676
7075
6677
7076
6678
7077
6679
7078
6680
7079
6681
7080
6682
7081
6683
7082
6684
7083
6685
7084
6686
7085
6687
7086
6688
7087
6689
7088
6690
7089
6691
7090
6692
7091
6693
7092
6694
7093
6695
7094
6696
7095
6697
7096
6698
7097
6699
7098
6700
7099
6701
7100
6702
7101
6703
7102
6704
7103
6705
7104
6706
7105
6707
7106
6708
7107
6709
7108
6710
7109
6711
7110
6712
7111
6713
7112
6714
7113
6715
7114
6716
7115
6717
7116
6718
7117
6719
7118
6720
7119
6721
7120
6722
7121
6723
7122
6724
7123
6725
7124
6726
7125
6727
7126
6728
7127
6729
7128
6730
7129
6731
7130
6732
7131
6733
7132
6734
7133
6735
7134
6736
7135
6737
7136
6738
7137
6739
7138
6740
7139
6741
7140
6742
7141
6743
7142
6744
7143
6745
7144
6746
7145
6747
7146
6748
7147
6749
7148
6750
7149
6751
7150
6752
7151
6753
7152
6754
7153
6755
7154
6756
7155
6757
7156
6758
7157
6759
7158
6760
7159
6761
7160
6762
7161
6763
7162
6764
7163
6765
7164
6766
7165
6767
7166
6768
7167
6769
7168
6770
7169
6771
7170
6772
7171
6773
7172
6774
7173
6775
7174
6776
7175
6777
7176
6778
7177
6779
7178
6780
7179
6781
7180
6782
7181
6783
7182
6784
7183
6785
7184
6786
7185
6787
7186
6788
7187
6789
7188
6790
7189
6791
7190
6792
7191
6793
7192
6794
7193
6795
7194
6796
7195
6797
7196
6798
7197
6799
7198
7199
6801
7200
6802
7201
6803
7202
6804
7203
6805
7204
6806
7205
6807
7206
6808
7207
6809
7208
6810
7209
6811
7210
6812
7211
6813
7212
6814
7213
6815
7214
6816
7215
6817
7216
6818
7217
6819
7218
6820
7219
6821
7220
6822
7221
6823
7222
6824
7223
6825
7224
6826
7225
6827
7226
6828
7227
6829
7228
6830
7229
6831
7230
6832
7231
6833
7232
6834
7233
6835
7234
6836
7235
6837
7236
6838
7237
6839
7238
6840
7239
6841
7240
6842
7241
6843
7242
6844
7243
6845
7244
6846
7245
6847
7246
6848
7247
6849
7248
6850
7249
6851
7250
6852
7251
6853
7252
6854
7253
6855
7254
6856
7255
6857
7256
6858
7257
6859
7258
6860
7259
6861
7260
6862
7261
6863
7262
6864
7263
6865
7264
6866
7265
6867
7266
6868
7267
6869
7268
6870
7269
6871
7270
6872
7271
6873
7272
6874
7273
6875
7274
6876
7275
6877
7276
6878
7277
6879
7278
6880
7279
6881
7280
6882
7281
6883
7282
6884
7283
6885
7284
6886
7285
6887
7286
6888
7287
6889
7288
6890
7289
6891
7290
6892
7291
6893
7292
6894
7293
6895
7294
6896
7295
6897
7296
6898
7297
6899
7298
6900
7299
6901
7300
6902
7301
6903
7302
6904
7303
6905
7304
6906
7305
6907
7306
6908
7307
6909
7308
6910
7309
6911
7310
6912
7311
6913
7312
6914
7313
6915
7314
6916
7315
6917
7316
6918
7317
6919
7318
6920
7319
6921
7320
6922
7321
6923
7322
6924
7323
6925
7324
6926
7325
6927
7326
6928
7327
6929
7328
6930
7329
6931
7330
6932
7331
6933
7332
6934
7333
6935
7334
6936
7335
6937
7336
6938
7337
6939
7338
6940
7339
6941
7340
6942
7341
6943
7342
6944
7343
6945
7344
6946
7345
6947
7346
6948
7347
6949
7348
6950
7349
6951
7350
6952
7351
6953
7352
6954
7353
6955
7354
6956
7355
6957
7356
6958
7357
6959
7358
6960
7359
6961
7360
6962
7361
6963
7362
6964
7363
6965
7364
6966
7365
6967
7366
6968
7367
6969
7368
6970
7369
6971
7370
6972
7371
6973
7372
6974
7373
6975
7374
6976
7375
6977
7376
6978
7377
6979
7378
6980
7379
6981
7380
6982
7381
6983
7382
6984
7383
6985
7384
6986
7385
6987
7386
6988
7387
6989
7388
6990
7389
6991
7390
6992
7391
6993
7392
6994
7393
6995
7394
6996
7395
6997
7396
6998
7397
6999
7398
7000
7399
7001
7400
7002
7401
7003
7402
7004
7403
7005
7404
7006
7405
7007
7406
7008
7407
7009
7408
7010
7409
7011
7410
7012
7411
7013
7412
7014
7413
7015
7414
7016
7415
7017
7416
7018
7417
7019
7418
7020
7419
7021
7420
7022
7421
7023
7422
7024
7423
7025
7424
7026
7425
7027
7426
7028
7427
7029
7428
7030
7429
7031
7430
7032
7431
7033
7432
7034
7433
7035
7434
7036
7435
7037
7436
7038
7437
7039
7438
7040
7439
7041
7440
7042
7441
7043
7442
7044
7443
7045
7444
7046
7445
7047
7446
7048
7447
7049
7448
7050
7449
7051
7450
7052
7451
7053
7452
7054
7453
7055
7454
7056
7455
7057
7456
7058
7457
7059
7458
7060
7459
7061
7460
7062
7461
7063
7462
7064
7463
7065
7464
7066
7465
7067
7466
7068
7467
7069
7468
7070
7469
7071
7470
7072
7471
7073
7472
7074
7473
7075
7474
7076
7475
7077
7476
7078
7477
7079
7478
7080
7479
7081
7480
7082
7481
7083
7482
7084
7483
7085
7484
7086
7485
7087
7486
7088
7487
7089
7488
7090
7489
7091
7490
7092
7491
7093
7492
7094
7493
7095
7494
7096
7495
7097
7496
7098
7497
7099
7498
7100
7499
7101
7500
7102
7501
7103
7502
7104
7503
7105
7504
7106
7505
7107
7506
7108
7507
7109
7508
7110
7509
7111
7510
7112
7511
7113
7512
7114
7513
7115
7514
7116
7515
7117
7516
7118
7517
7119
7518
7120
7519
7121
7520
7122
7521
7123
7522
7124
7523
7125
7524
7126
7525
7127
7526
7128
7527
7129
7528
7130
7529
7131
7530
7132
7531
7133
7532
7134
7533
7135
7534
7136
7535
7137
7536
7138
7537
7139
7538
7140
7539
7141
7540
7142
7541
7143
7542
7144
7543
7145
7544
7146
7545
7147
7546
7148
7547
7149
7548
7150
7549
7151
7550
7152
7551
7153
7552
7154
7553
7155
7554
7156
7555
7157
7556
7158
7557
7159
7558
7160
7559
7161
7560
7162
7561
7163
7562
7164
7563
7165
7564
7166
7565
7167
7566
7168
7567
7169
7568
7170
7569
7171
7570
7172
7571
7173
7572
7174
7573
7175
7574
7176
7575
7177
7576
7178
7577
7179
7578
7180
7579
7181
7580
7182
7581
7183
7582
7184
7583
7185
7584
7186
7585
7187
7586
7188
7587
7189
7588
7190
7589
7191
7590
7192
7591
7193
7592
7194
7593
7195
7594
7196
7595
7197
7596
7198
7597
7199
7598
7599
7201
7600
7202
7601
7203
7602
7204
7603
7205
7604
7206
7605
7207
7606
7208
7607
7209
7608
7210
7609
7211
7610
7212
7611
7213
7612
7214
7613
7215
7614
7216
7615
7217
7616
7218
7617
7219
7618
7220
7619
7221
7620
7222
7621
7223
7622
7224
7623
7225
7624
7226
7625
7227
7626
7228
7627
7229
7628
7230
7629
7231
7630
7232
7631
7233
7632
7234
7633
7235
7634
7236
7635
7237
7636
7238
7637
7239
7638
7240
7639
7241
7640
7242
7641
7243
7642
7244
7643
7245
7644
7246
7645
7247
7646
7248
7647
7249
7648
7250
7649
7251
7650
7252
7651
7253
7652
7254
7653
7255
7654
7256
7655
7257
7656
7258
7657
7259
7658
7260
7659
7261
7660
7262
7661
7263
7662
7264
7663
7265
7664
7266
7665
7267
7666
7268
7667
7269
7668
7270
7669
7271
7670
7272
7671
7273
7672
7274
7673
7275
7674
7276
7675
7277
7676
7278
7677
7279
7678
7280
7679
7281
7680
7282
7681
7283
7682
7284
7683
7285
7684
7286
7685
7287
7686
7288
7687
7289
7688
7290
7689
7291
7690
7292
7691
7293
7692
7294
7693
7295
7694
7296
7695
7297
7696
7298
7697
7299
7698
7300
7699
7301
7700
7302
7701
7303
7702
7304
7703
7305
7704
7306
7705
7307
7706
7308
7707
7309
7708
7310
7709
7311
7710
7312
7711
7313
7712
7314
7713
7315
7714
7316
7715
7317
7716
7318
7717
7319
7718
7320
7719
7321
7720
7322
7721
7323
7722
7324
7723
7325
7724
7326
7725
7327
7726
7328
7727
7329
7728
7330
7729
7331
7730
7332
7731
7333
7732
7334
7733
7335
7734
7336
7735
7337
7736
7338
7737
7339
7738
7340
7739
7341
7740
7342
7741
7343
7742
7344
7743
7345
7744
7346
7745
7347
7746
7348
7747
7349
7748
7350
7749
7351
7750
7352
7751
7353
7752
7354
7753
7355
7754
7356
7755
7357
7756
7358
7757
7359
7758
7360
7759
7361
7760
7362
7761
7363
7762
7364
7763
7365
7764
7366
7765
7367
7766
7368
7767
7369
7768
7370
7769
7371
7770
7372
7771
7373
7772
7374
7773
7375
7774
7376
7775
7377
7776
7378
7777
7379
7778
7380
7779
7381
7780
7382
7781
7383
7782
7384
7783
7385
7784
7386
7785
7387
7786
7388
7787
7389
7788
7390
7789
7391
7790
7392
7791
7393
7792
7394
7793
7395
7794
7396
7795
7397
7796
7398
7797
7399
7798
7400
7799
7401
7800
7402
7801
7403
7802
7404
7803
7405
7804
7406
7805
7407
7806
7408
7807
7409
7808
7410
7809
7411
7810
7412
7811
7413
7812
7414
7813
7415
7814
7416
7815
7417
7816
7418
7817
7419
7818
7420
7819
7421
7820
7422
7821
7423
7822
7424
7823
7425
7824
7426
7825
7427
7826
7428
7827
7429
7828
7430
7829
7431
7830
7432
7831
7433
7832
7434
7833
7435
7834
7436
7835
7437
7836
7438
7837
7439
7838
7440
7839
7441
7840
7442
7841
7443
7842
7444
7843
7445
7844
7446
7845
7447
7846
7448
7847
7449
7848
7450
7849
7451
7850
7452
7851
7453
7852
7454
7853
7455
7854
7456
7855
7457
7856
7458
7857
7459
7858
7460
7859
7461
7860
7462
7861
7463
7862
7464
7863
7465
7864
7466
7865
7467
7866
7468
7867
7469
7868
7470
7869
7471
7870
7472
7871
7473
7872
7474
7873
7475
7874
7476
7875
7477
7876
7478
7877
7479
7878
7480
7879
7481
7880
7482
7881
7483
7882
7484
7883
7485
7884
7486
7885
7487
7886
7488
7887
7489
7888
7490
7889
7491
7890
7492
7891
7493
7892
7494
7893
7495
7894
7496
7895
7497
7896
7498
7897
7499
7898
7500
7899
7501
7900
7502
7901
7503
7902
7504
7903
7505
7904
7506
7905
7507
7906
7508
7907
7509
7908
7510
7909
7511
7910
7512
7911
7513
7912
7514
7913
7515
7914
7516
7915
7517
7916
7518
7917
7519
7918
7520
7919
7521
7920
7522
7921
7523
7922
7524
7923
7525
7924
7526
7925
7527
7926
7528
7927
7529
7928
7530
7929
7531
7930
7532
7931
7533
7932
7534
7933
7535
7934
7536
7935
7537
7936
7538
7937
7539
7938
7540
7939
7541
7940
7542
7941
7543
7942
7544
7943
7545
7944
7546
7945
7547
7946
7548
7947
7549
7948
7550
7949
7551
7950
7552
7951
7553
7952
7554
7953
7555
7954
7556
7955
7557
7956
7558
7957
7559
7958
7560
7959
7561
7960
7562
7961
7563
7962
7564
7963
7565
7964
7566
7965
7567
7966
7568
7967
7569
7968
7570
7969
7571
7970
7572
7971
7573
7972
7574
7973
7575
7974
7576
7975
7577
7976
7578
7977
7579
7978
7580
7979
7581
7980
7582
7981
7583
7982
7584
7983
7585
7984
7586
7985
7587
7986
7588
7987
7589
7988
7590
7989
7591
7990
7592
7991
7593
7992
7594
7993
7595
7994
7596
7995
7597
7996
7598
7997
7599
7998
7999
7601
7602
7603
7604
7605
7606
7607
7608
7609
7610
7611
7612
7613
7614
7615
7616
7617
7618
7619
7620
7621
7622
7623
7624
7625
7626
7627
7628
7629
7630
7631
7632
7633
7634
7635
7636
7637
7638
7639
7640
7641
7642
7643
7644
7645
7646
7647
7648
7649
7650
7651
7652
7653
7654
7655
7656
7657
7658
7659
7660
7661
7662
7663
7664
7665
7666
7667
7668
7669
7670
7671
7672
7673
7674
7675
7676
7677
7678
7679
7680
7681
7682
7683
7684
7685
7686
7687
7688
7689
7690
7691
7692
7693
7694
7695
7696
7697
7698
7699
7700
7701
7702
7703
7704
7705
7706
7707
7708
7709
7710
7711
7712
7713
7714
7715
7716
7717
7718
7719
7720
7721
7722
7723
7724
7725
7726
7727
7728
7729
7730
7731
7732
7733
7734
7735
7736
7737
7738
7739
7740
7741
7742
7743
7744
7745
7746
7747
7748
7749
7750
7751
7752
7753
7754
7755
7756
7757
7758
7759
7760
7761
7762
7763
7764
7765
7766
7767
7768
7769
7770
7771
7772
7773
7774
7775
7776
7777
7778
7779
7780
7781
7782
7783
7784
7785
7786
7787
7788
7789
7790
7791
7792
7793
7794
7795
7796
7797
7798
7799
7800
7801
7802
7803
7804
7805
7806
7807
7808
7809
7810
7811
7812
7813
7814
7815
7816
7817
7818
7819
7820
7821
7822
7823
7824
7825
7826
7827
7828
7829
7830
7831
7832
7833
7834
7835
7836
7837
7838
7839
7840
7841
7842
7843
7844
7845
7846
7847
7848
7849
7850
7851
7852
7853
7854
7855
7856
7857
7858
7859
7860
7861
7862
7863
7864
7865
7866
7867
7868
7869
7870
7871
7872
7873
7874
7875
7876
7877
7878
7879
7880
7881
7882
7883
7884
7885
7886
7887
7888
7889
7890
7891
7892
7893
7894
7895
7896
7897
7898
7899
7900
7901
7902
7903
7904
7905
7906
7907
7908
7909
7910
7911
7912
7913
7914
7915
7916
7917
7918
7919
7920
7921
7922
7923
7924
7925
7926
7927
7928
7929
7930
7931
7932
7933
7934
7935
7936
7937
7938
7939
7940
7941
7942
7943
7944
7945
7946
7947
7948
7949
7950
7951
7952
7953
7954
7955
7956
7957
7958
7959
7960
7961
7962
7963
7964
7965
7966
7967
7968
7969
7970
7971
7972
7973
7974
7975
7976
7977
7978
7979
7980
7981
7982
7983
7984
7985
7986
7987
7988
7989
7990
7991
7992
7993
7994
7995
7996
7997
7998
7999
)


// ************************************************************************* //
