/*--------------------------------*- C++ -*----------------------------------*\
  =========                 |
  \\      /  F ield         | OpenFOAM: The Open Source CFD Toolbox
   \\    /   O peration     | Website:  https://openfoam.org
    \\  /    A nd           | Version:  10
     \\/     M anipulation  |
\*---------------------------------------------------------------------------*/
FoamFile
{
    format      ascii;
    class       volScalarField;
    location    "1";
    object      Ma;
}
// * * * * * * * * * * * * * * * * * * * * * * * * * * * * * * * * * * * * * //

dimensions      [0 0 0 0 0 0 0];

internalField   nonuniform List<scalar> 
5250
(
3
3
2.99998
2.99993
2.99983
2.99955
2.99888
2.99723
2.99299
2.98302
2.95663
2.89337
2.72887
2.33572
1.53819
0.580325
0.17715
0.30557
0.332754
0.288757
0.225464
0.172096
0.127749
0.084281
0.0460832
3
3
2.99998
2.99993
2.99984
2.99954
2.99895
2.99716
2.99334
2.98276
2.95813
2.89385
2.73414
2.34561
1.55706
0.592633
0.186284
0.310173
0.33647
0.292557
0.230686
0.179319
0.137443
0.0983919
0.069216
3
3
2.99998
2.99993
2.99984
2.99955
2.99897
2.99722
2.99353
2.98319
2.95937
2.89692
2.74258
2.36627
1.59593
0.619309
0.206
0.320241
0.345255
0.302825
0.244757
0.197684
0.160864
0.128999
0.10815
3
3
2.99998
2.99994
2.99985
2.99956
2.99901
2.99732
2.99376
2.98379
2.9609
2.90091
2.75313
2.39235
1.6464
0.655856
0.233203
0.334288
0.357702
0.318495
0.266208
0.224396
0.193065
0.167446
0.151727
3
3
2.99998
2.99994
2.99985
2.99958
2.99905
2.99744
2.99404
2.98455
2.96269
2.90561
2.76493
2.42023
1.69832
0.702683
0.268372
0.351324
0.3722
0.338013
0.293136
0.256786
0.230639
0.210237
0.198116
3
3
2.99998
2.99994
2.99986
2.99961
2.9991
2.9976
2.99435
2.98551
2.9647
2.91125
2.77844
2.4523
1.75996
0.762304
0.312575
0.372261
0.388067
0.361043
0.325082
0.294211
0.273338
0.257989
0.249743
3.00001
3
2.99999
2.99995
2.99987
2.99964
2.99916
2.99778
2.99471
2.98659
2.96699
2.91758
2.79357
2.48836
1.8291
0.834728
0.368056
0.394774
0.404241
0.388377
0.361519
0.336386
0.321693
0.312716
0.310718
3.00001
3
2.99999
2.99995
2.99988
2.99967
2.99923
2.99799
2.99513
2.9878
2.96968
2.9248
2.81098
2.52979
1.91308
0.930185
0.434185
0.415209
0.424139
0.42023
0.401447
0.38346
0.376827
0.376522
0.385961
3.00001
3
2.99999
2.99996
2.99989
2.99972
2.99929
2.99825
2.9955
2.98935
2.97215
2.93341
2.82921
2.57674
2.00718
1.04778
0.509208
0.43571
0.448597
0.455119
0.444439
0.436683
0.439385
0.454316
0.488993
3.00001
3
2.99999
2.99997
2.9999
2.99977
2.99936
2.99849
2.9961
2.99047
2.97616
2.94066
2.85129
2.62649
2.11239
1.1954
0.595374
0.459601
0.4778
0.493636
0.492448
0.494688
0.512238
0.557879
0.659489
3.00001
3
2.99999
2.99997
2.99993
2.99978
2.9995
2.99865
2.99678
2.99181
2.97976
2.9496
2.87345
2.68197
2.2299
1.37923
0.697871
0.49533
0.516986
0.53803
0.543994
0.557192
0.594419
0.682083
0.855008
3.00001
3
3
2.99998
2.99993
2.99984
2.99955
2.99896
2.99725
2.99343
2.98327
2.95888
2.89654
2.74059
2.36294
1.61182
0.819082
0.549366
0.570071
0.589971
0.601768
0.62412
0.675801
0.783804
0.969164
3.00001
3
3
2.99998
2.99995
2.99986
2.99965
2.99913
2.9978
2.99468
2.9863
2.96731
2.91618
2.79383
2.48749
1.84715
0.948566
0.612035
0.623655
0.640971
0.659903
0.688823
0.746187
0.851573
1.01697
3.00001
3
3
2.99999
2.99996
2.99989
2.99973
2.99926
2.99831
2.9954
2.9896
2.97198
2.93419
2.82985
2.58084
2.02078
1.10903
0.691934
0.663565
0.68241
0.70798
0.743382
0.801299
0.894291
1.03561
3.00001
3.00001
3
2.99999
2.99997
2.99992
2.99977
2.99947
2.9985
2.99672
2.99084
2.97927
2.94501
2.86695
2.66147
2.19268
1.33634
0.807448
0.700642
0.718283
0.746518
0.788351
0.846128
0.927369
1.0455
3.00001
3.00001
3
3
2.99998
2.99993
2.99984
2.99954
2.99899
2.99719
2.99359
2.98302
2.95954
2.89639
2.74285
2.36865
1.62923
0.950717
0.751703
0.758153
0.785034
0.82747
0.884182
0.95646
1.05482
3.00001
3.00001
3
3
2.99998
2.99996
2.99987
2.9997
2.99916
2.99807
2.99494
2.98788
2.9694
2.92479
2.81162
2.53613
1.94515
1.1235
0.824669
0.806039
0.826528
0.863896
0.916943
0.981187
1.06513
3.00001
3.00001
3.00001
3
2.99999
2.99997
2.99991
2.99977
2.99937
2.9986
2.99608
2.99132
2.97638
2.94495
2.85756
2.64983
2.1683
1.33672
0.918594
0.851339
0.868049
0.900198
0.948465
1.00656
1.07835
3.00001
3.00001
3.00001
3
3
2.99998
2.99994
2.99982
2.99959
2.99888
2.99742
2.99321
2.98381
2.95881
2.89865
2.74484
2.37902
1.65507
1.06536
0.907794
0.908441
0.932308
0.974507
1.0278
1.09108
3.00001
3.00001
3.00001
3
3
2.99999
2.99996
2.99988
2.99971
2.99922
2.99822
2.99518
2.98912
2.97081
2.93186
2.82487
2.57485
2.02146
1.26153
0.98828
0.955173
0.969843
1.00386
1.05296
1.1088
3.00001
3.00001
3.00001
3.00001
3
2.99999
2.99997
2.99992
2.9998
2.99947
2.99873
2.99678
2.99209
2.9805
2.9514
2.87976
2.69971
2.28305
1.52401
1.10064
1.00514
1.00932
1.03395
1.07607
1.12666
3.00001
3.00001
3.00001
3.00001
3
3
2.99998
2.99995
2.99986
2.99966
2.99914
2.99788
2.99483
2.98691
2.96861
2.92025
2.80459
2.51861
1.91767
1.27026
1.07234
1.05233
1.06786
1.10264
1.14943
3.00001
3.00001
3.00001
3.00001
3.00001
3
2.99999
2.99997
2.99992
2.99977
2.99944
2.99861
2.99649
2.99163
2.9784
2.94872
2.86914
2.68023
2.23937
1.50716
1.16808
1.10166
1.10781
1.1321
1.16915
3.00001
3.00001
3.00001
3.00001
3.00001
3
3
2.99998
2.99994
2.99987
2.99963
2.99914
2.99773
2.99464
2.98638
2.96682
2.91733
2.79497
2.49963
1.88874
1.32567
1.16231
1.14605
1.16019
1.19054
3.00001
3.00001
3.00001
3.00001
3.00001
3
3
2.99999
2.99997
2.99992
2.99977
2.99946
2.99854
2.99673
2.99106
2.9799
2.94679
2.87342
2.68191
2.252
1.5646
1.25899
1.1964
1.19501
1.21465
3.00001
3.00001
3.00001
3.00001
3.00001
3.00001
3
3
2.99998
2.99995
2.99986
2.99967
2.99913
2.99794
2.99479
2.98726
2.96866
2.92224
2.80813
2.53193
1.9597
1.41457
1.25423
1.23299
1.24425
3.00001
3.00001
3.00001
3.00001
3.00001
3.00001
3.00001
3
2.99999
2.99997
2.99992
2.9998
2.99947
2.99878
2.9967
2.99263
2.98007
2.95438
2.88183
2.7151
2.31702
1.66955
1.35473
1.28258
1.27706
3.00001
3.00001
3.00001
3.00001
3.00001
3.00001
3.00001
3
3
2.99999
2.99996
2.99988
2.99971
2.99924
2.99818
2.9955
2.98887
2.97313
2.93278
2.83696
2.60171
2.094
1.53245
1.34882
1.31898
3.00001
3.00001
3.00001
3.00001
3.00001
3.00001
3.00001
3.00001
3
3
2.99998
2.99993
2.99983
2.99957
2.99892
2.9974
2.99336
2.98446
2.95989
2.90468
2.76054
2.42874
1.82329
1.45784
1.36656
3.00001
3.00001
3.00001
3.00001
3.00001
3.00001
3.00001
3.00001
3
3
2.99999
2.99997
2.99991
2.99975
2.99943
2.99842
2.99656
2.99051
2.97885
2.94448
2.86868
2.67523
2.24283
1.67418
1.45122
3.00001
3.00001
3.00001
3.00001
3.00001
3.00001
3.00001
3.00001
3.00001
3
3
2.99999
2.99995
2.99987
2.99968
2.99918
2.99806
2.99493
2.98841
2.96942
2.929
2.81923
2.56729
2.04912
1.59431
3.00001
3.00001
3.00001
3.00001
3.00001
3.00001
3.00001
3.00001
3.00001
3.00001
3
2.99999
2.99998
2.99993
2.99983
2.99953
2.99898
2.99715
2.99376
2.98311
2.9613
2.90046
2.76125
2.42313
1.87141
3.00001
3.00001
3.00001
3.00001
3.00001
3.00001
3.00001
3.00001
3.00001
3.00001
3
3
2.99999
2.99997
2.99991
2.99978
2.99942
2.99859
2.99652
2.99137
2.97931
2.94804
2.87537
2.69429
2.29062
3.00001
3.00001
3.00001
3.00001
3.00001
3.00001
3.00001
3.00001
3.00001
3.00001
3.00001
3
3
2.99999
2.99995
2.99989
2.99969
2.99932
2.99813
2.9958
2.98902
2.97431
2.93541
2.84417
2.61943
3.00001
3.00001
3.00001
3.00001
3.00001
3.00001
3.00001
3.00001
3.00001
3.00001
3.00001
3.00001
3
3
2.99998
2.99994
2.99986
2.99962
2.9991
2.99776
2.99447
2.98679
2.96649
2.92042
2.80123
3.00001
3.00001
3.00001
3.00001
3.00001
3.00001
3.00001
3.00001
3.00001
3.00001
3.00001
3.00001
3.00001
3
3
2.99998
2.99993
2.99982
2.99954
2.99889
2.99719
2.99345
2.98299
2.96062
2.89936
3.00001
3.00001
3.00001
3.00001
3.00001
3.00001
3.00001
3.00001
3.00001
3.00001
3.00001
3.00001
3.00001
3
3
2.99999
2.99997
2.99992
2.99977
2.99949
2.99858
2.99687
2.99165
2.98099
2.95126
3.00001
3.00001
3.00001
3.00001
3.00001
3.00001
3.00001
3.00001
3.00001
3.00001
3.00001
3.00001
3.00001
3.00001
3
3
2.99999
2.99997
2.99989
2.99976
2.99933
2.9985
2.99605
2.99094
2.97716
3.00001
3.00001
3.00001
3.00001
3.00001
3.00001
3.00001
3.00001
3.00001
3.00001
3.00001
3.00001
3.00001
3.00001
3.00001
3
3
2.99999
2.99996
2.99988
2.99972
2.99923
2.99831
2.99549
2.98979
3.00001
3.00001
3.00001
3.00001
3.00001
3.00001
3.00001
3.00001
3.00001
3.00001
3.00001
3.00001
3.00001
3.00001
3.00001
3.00001
3
3
2.99998
2.99995
2.99987
2.99966
2.9992
2.99794
2.99533
3.00001
3.00001
3.00001
3.00001
3.00001
3.00001
3.00001
3.00001
3.00001
3.00001
3.00001
3.00001
3.00001
3.00001
3.00001
3.00001
3.00001
3
3
2.99998
2.99995
2.99985
2.99965
2.99906
2.99792
3.00001
3.00001
3.00001
3.00001
3.00001
3.00001
3.00001
3.00001
3.00001
3.00001
3.00001
3.00001
3.00001
3.00001
3.00001
3.00001
3.00001
3.00001
3
3
2.99998
2.99994
2.99984
2.99961
2.99904
3.00001
3.00001
3.00001
3.00001
3.00001
3.00001
3.00001
3.00001
3.00001
3.00001
3.00001
3.00001
3.00001
3.00001
3.00001
3.00001
3.00001
3.00001
3.00001
3
2.99999
2.99998
2.99993
2.99984
2.99956
3.00001
3.00001
3.00001
3.00001
3.00001
3.00001
3.00001
3.00001
3.00001
3.00001
3.00001
3.00001
3.00001
3.00001
3.00001
3.00001
3.00001
3.00001
3.00001
3.00001
3
2.99999
2.99998
2.99993
2.99983
3.00001
3.00001
3.00001
3.00001
3.00001
3.00001
3.00001
3.00001
3.00001
3.00001
3.00001
3.00001
3.00001
3.00001
3.00001
3.00001
3.00001
3.00001
3.00001
3.00001
3.00001
3
2.99999
2.99998
2.99993
3.00001
3.00001
3.00001
3.00001
3.00001
3.00001
3.00001
3.00001
3.00001
3.00001
3.00001
3.00001
3.00001
3.00001
3.00001
3.00001
3.00001
3.00001
3.00001
3.00001
3.00001
3.00001
3
3
2.99998
3.00001
3.00001
3.00001
3.00001
3.00001
3.00001
3.00001
3.00001
3.00001
3.00001
3.00001
3.00001
3.00001
3.00001
3.00001
3.00001
3.00001
3.00001
3.00001
3.00001
3.00001
3.00001
3.00001
3
3
3.00001
3.00001
3.00001
3.00001
3.00001
3.00001
3.00001
3.00001
3.00001
3.00001
3.00001
3.00001
3.00001
3.00001
3.00001
3.00001
3.00001
3.00001
3.00001
3.00001
3.00001
3.00001
3.00001
3.00001
3
3.00001
3.00001
3.00001
3.00001
3.00001
3.00001
3.00001
3.00001
3.00001
3.00001
3.00001
3.00001
3.00001
3.00001
3.00001
3.00001
3.00001
3.00001
3.00001
3.00001
3.00001
3.00001
3.00001
3.00001
3.00001
3.00001
3.00001
3.00001
3.00001
3.00001
3.00001
3.00001
3.00001
3.00001
3.00001
3.00001
3.00001
3.00001
3.00001
3.00001
3.00001
3.00001
3.00001
3.00001
3.00001
3.00001
3.00001
3.00001
3.00001
3.00001
1.11644
1.32412
1.39594
1.37232
1.31084
1.24515
1.17497
1.14358
1.13785
1.14495
1.15477
1.16555
1.17209
1.17654
1.18111
1.18693
1.19419
1.20302
1.21264
1.22278
1.23317
1.24363
1.25416
1.26484
1.27569
1.28668
1.29775
1.30883
1.31987
1.33084
1.34176
1.35261
1.36335
1.37395
1.38442
1.39481
1.40516
1.41549
1.42577
1.43595
1.44598
1.45582
1.46544
1.47481
1.48393
1.4928
1.50144
1.50985
1.51804
1.52599
1.53369
1.54111
1.54822
1.555
1.56148
1.56764
1.57352
1.57913
1.58455
1.58978
1.59495
1.59988
1.60476
1.60945
1.61405
1.61825
1.62201
1.62547
1.62866
1.63116
1.63327
1.63528
1.6369
1.63919
1.64125
1.64337
1.64533
1.64742
1.64924
1.65075
1.65202
1.65291
1.6535
1.65392
1.65432
1.65521
1.656
1.65705
1.65828
1.66035
1.6628
1.66705
1.67243
1.68302
1.69367
1.71496
1.73151
1.7633
1.78326
1.83114
1.13046
1.25069
1.32421
1.37647
1.42832
1.47589
1.49483
1.49558
1.48996
1.47628
1.46613
1.4624
1.46639
1.47249
1.48015
1.48771
1.49447
1.5008
1.50726
1.51414
1.52152
1.52948
1.53797
1.54681
1.55591
1.56518
1.57459
1.58408
1.59356
1.60294
1.61216
1.6212
1.63006
1.63879
1.64746
1.65603
1.66449
1.67294
1.68136
1.68976
1.69824
1.70689
1.71553
1.72406
1.73229
1.74024
1.74786
1.75511
1.76199
1.76858
1.77481
1.78071
1.78629
1.79158
1.79657
1.80129
1.8057
1.80991
1.81378
1.81737
1.82075
1.82363
1.82644
1.82875
1.83091
1.83315
1.83507
1.83655
1.83872
1.84009
1.84174
1.84254
1.84396
1.8446
1.8455
1.8454
1.84551
1.84528
1.84516
1.84536
1.84531
1.84635
1.84685
1.84835
1.8491
1.85067
1.85114
1.85252
1.85293
1.85435
1.85489
1.85652
1.85729
1.85956
1.86117
1.86468
1.86811
1.87538
1.88178
1.9022
1.14365
1.24691
1.34385
1.43932
1.53073
1.60297
1.65008
1.66123
1.66069
1.65375
1.63904
1.63079
1.62458
1.62765
1.63053
1.63547
1.64189
1.64824
1.65446
1.66084
1.66771
1.67503
1.68281
1.691
1.69947
1.70811
1.7168
1.7255
1.73414
1.74267
1.75099
1.75911
1.76715
1.77512
1.78291
1.79062
1.79838
1.80622
1.81413
1.82206
1.82999
1.83803
1.84623
1.85434
1.86226
1.86997
1.87736
1.88443
1.89126
1.89778
1.90397
1.90986
1.91542
1.92064
1.9255
1.92993
1.93397
1.93765
1.94088
1.94379
1.94648
1.94889
1.95117
1.9532
1.95503
1.95659
1.95798
1.95911
1.96023
1.96135
1.96218
1.96236
1.96292
1.96314
1.96352
1.96318
1.96273
1.9622
1.96103
1.96046
1.95921
1.95872
1.9577
1.95784
1.95727
1.95834
1.95821
1.96
1.96051
1.96306
1.96398
1.96674
1.96763
1.97055
1.97177
1.97534
1.9777
1.98342
1.98735
2.00136
1.16064
1.26763
1.36676
1.45794
1.53991
1.60954
1.66654
1.7096
1.74009
1.75118
1.75347
1.75184
1.74777
1.74119
1.74029
1.74203
1.74566
1.75109
1.75851
1.76699
1.77543
1.78364
1.79157
1.79935
1.80713
1.81498
1.82284
1.83067
1.83845
1.84617
1.85383
1.86145
1.86909
1.87679
1.88459
1.89251
1.90053
1.90859
1.91656
1.9243
1.93193
1.93945
1.94675
1.95375
1.9606
1.96735
1.97409
1.9809
1.98774
1.99451
2.00122
2.0076
2.01365
2.01937
2.02467
2.0294
2.03333
2.03654
2.03927
2.0415
2.04322
2.04472
2.04603
2.04711
2.04811
2.04905
2.04977
2.05024
2.05068
2.05083
2.05058
2.05041
2.0499
2.0493
2.04875
2.04796
2.04708
2.04607
2.04481
2.04364
2.04241
2.04149
2.04032
2.03979
2.03896
2.03935
2.03908
2.04059
2.04105
2.04376
2.0449
2.04814
2.04935
2.05242
2.05339
2.05658
2.05806
2.06241
2.06539
2.07765
1.16414
1.27118
1.36748
1.45574
1.5364
1.6095
1.67438
1.731
1.77751
1.81167
1.83225
1.83843
1.83961
1.83888
1.83723
1.83435
1.83627
1.839
1.84264
1.84792
1.85493
1.86236
1.86968
1.8769
1.88412
1.8914
1.89877
1.90621
1.91372
1.92132
1.92902
1.9368
1.94461
1.95242
1.96015
1.96771
1.97513
1.98254
1.98984
1.99691
2.0037
2.01043
2.01716
2.02398
2.03094
2.03805
2.04519
2.05225
2.05916
2.06586
2.07231
2.07842
2.08401
2.08889
2.09297
2.09627
2.0989
2.10106
2.10285
2.10441
2.10593
2.10746
2.10894
2.11032
2.11175
2.11295
2.11388
2.11445
2.11468
2.11431
2.11379
2.11272
2.11116
2.10986
2.10898
2.10738
2.10561
2.10418
2.10267
2.10138
2.10011
2.09888
2.09777
2.09699
2.09627
2.09646
2.09626
2.09768
2.09817
2.10099
2.10221
2.10596
2.10727
2.11106
2.11254
2.11683
2.11919
2.12545
2.12977
2.14553
1.16287
1.26476
1.35806
1.44399
1.52304
1.5957
1.66151
1.72022
1.77122
1.81491
1.85001
1.87696
1.89358
1.9024
1.90511
1.90624
1.90615
1.90662
1.90813
1.91065
1.91445
1.92007
1.92778
1.93632
1.94484
1.95317
1.96128
1.96917
1.97692
1.98467
1.99246
2.00024
2.00795
2.01557
2.02305
2.03033
2.03749
2.04466
2.05165
2.05833
2.0648
2.07125
2.07775
2.08443
2.09129
2.09827
2.10523
2.11215
2.11893
2.12553
2.13191
2.13788
2.14317
2.14762
2.15123
2.1541
2.1564
2.1583
2.15992
2.16138
2.1628
2.16424
2.16567
2.16688
2.16795
2.16872
2.16923
2.169
2.16865
2.16788
2.1666
2.16479
2.16332
2.1617
2.15977
2.15825
2.15689
2.15518
2.15358
2.15237
2.15126
2.15039
2.14949
2.14876
2.14826
2.14847
2.14853
2.15
2.15065
2.15335
2.15447
2.15798
2.15937
2.16331
2.16509
2.16991
2.17284
2.1803
2.18539
2.20333
1.16029
1.25592
1.34562
1.42878
1.50572
1.57703
1.64256
1.70258
1.75676
1.80579
1.84834
1.88507
1.91472
1.93616
1.94936
1.957
1.96017
1.96206
1.96362
1.96507
1.96751
1.97077
1.97544
1.98219
1.99063
1.99957
2.0086
2.0175
2.02612
2.03447
2.04266
2.05073
2.05862
2.06625
2.0736
2.08065
2.08756
2.09447
2.10114
2.10744
2.11361
2.11985
2.12626
2.13293
2.13986
2.1469
2.15399
2.16109
2.16791
2.17456
2.18094
2.18679
2.19181
2.19569
2.19881
2.20138
2.20357
2.2056
2.20757
2.20956
2.21157
2.21354
2.2154
2.21697
2.21831
2.21917
2.21954
2.21903
2.21824
2.21684
2.21509
2.21284
2.21063
2.20862
2.20669
2.2048
2.20253
2.20107
2.19951
2.19794
2.19666
2.19559
2.19465
2.19398
2.19334
2.19288
2.19287
2.19368
2.1944
2.19657
2.19774
2.20085
2.20249
2.2066
2.20915
2.2153
2.21956
2.22964
2.23645
2.25887
1.16064
1.24694
1.33151
1.412
1.48694
1.55681
1.62155
1.68162
1.73683
1.78714
1.83265
1.87271
1.90779
1.93782
1.96281
1.9815
1.99423
2.00203
2.00655
2.00943
2.01166
2.01415
2.01715
2.02129
2.0273
2.03506
2.0436
2.05248
2.06143
2.07018
2.07859
2.08666
2.09442
2.10189
2.10906
2.116
2.12287
2.12974
2.13664
2.14358
2.15063
2.15787
2.1654
2.17325
2.18126
2.18926
2.19705
2.20436
2.21111
2.21762
2.22377
2.22915
2.23338
2.23683
2.23982
2.24252
2.24505
2.24758
2.25014
2.25272
2.25524
2.25772
2.26
2.26187
2.2632
2.26393
2.26404
2.26337
2.26237
2.26103
2.25948
2.25746
2.25564
2.25411
2.25251
2.25107
2.24927
2.24782
2.2461
2.24464
2.24292
2.24138
2.23993
2.23867
2.23751
2.23672
2.23615
2.23585
2.23574
2.23611
2.237
2.23916
2.24112
2.24552
2.24901
2.25688
2.26268
2.27576
2.28418
2.31154
1.16402
1.2413
1.3188
1.39433
1.46627
1.53445
1.5983
1.65792
1.71355
1.76498
1.81232
1.85546
1.89441
1.92932
1.96005
1.98657
2.00852
2.02509
2.03658
2.04446
2.0498
2.05397
2.05765
2.06138
2.06588
2.07157
2.07835
2.08596
2.09414
2.1026
2.11104
2.11921
2.12703
2.13448
2.1416
2.14844
2.15516
2.16189
2.1687
2.17568
2.18294
2.1906
2.1987
2.20716
2.21577
2.22431
2.23256
2.24019
2.24702
2.2534
2.25947
2.26486
2.26919
2.27285
2.27625
2.27953
2.28276
2.28601
2.28929
2.29254
2.29565
2.29856
2.30108
2.30295
2.30414
2.30467
2.30467
2.30385
2.30283
2.30148
2.29996
2.29798
2.29628
2.29482
2.29337
2.2919
2.29005
2.28832
2.28644
2.28451
2.28236
2.2801
2.27758
2.27514
2.27268
2.27057
2.26862
2.26733
2.26636
2.26632
2.26675
2.26817
2.27094
2.27672
2.28195
2.29303
2.30106
2.3182
2.32873
2.36364
1.17263
1.24069
1.31106
1.38079
1.44835
1.51312
1.57461
1.63285
1.68742
1.73885
1.78674
1.8316
1.87292
1.91093
1.94517
1.97579
2.0027
2.02588
2.04569
2.06158
2.07341
2.08222
2.08896
2.0944
2.09905
2.10379
2.10906
2.11496
2.12159
2.12888
2.13663
2.14459
2.15248
2.1601
2.16741
2.17441
2.18121
2.18797
2.19484
2.20192
2.20929
2.21705
2.22525
2.23379
2.24246
2.25105
2.25937
2.2671
2.274
2.28034
2.28644
2.29205
2.29693
2.30134
2.30557
2.30976
2.3138
2.31786
2.32182
2.32571
2.32924
2.33255
2.33531
2.33744
2.33874
2.33953
2.33978
2.33923
2.33835
2.33731
2.336
2.33429
2.3327
2.33152
2.32989
2.32785
2.32512
2.32208
2.31848
2.3144
2.3097
2.30483
2.29954
2.29452
2.28964
2.28565
2.2822
2.28011
2.27883
2.27949
2.28105
2.28385
2.28875
2.29791
2.30602
2.3218
2.33253
2.35478
2.36671
2.41252
1.18302
1.24381
1.30689
1.37067
1.43367
1.49477
1.55354
1.60963
1.66287
1.7133
1.76078
1.80554
1.84732
1.88655
1.92275
1.95644
1.98712
2.01503
2.03997
2.06177
2.08084
2.09644
2.10869
2.11848
2.12619
2.1325
2.13824
2.14372
2.14936
2.15537
2.16174
2.16849
2.17553
2.18278
2.19009
2.19737
2.20451
2.2116
2.21881
2.2263
2.23416
2.24241
2.25099
2.2598
2.26866
2.27733
2.28565
2.29341
2.30041
2.30672
2.31278
2.31848
2.32371
2.32865
2.33352
2.33835
2.34306
2.34769
2.3522
2.35648
2.36036
2.36374
2.36648
2.36844
2.36962
2.37019
2.37034
2.36975
2.36894
2.36753
2.36583
2.36384
2.36111
2.35796
2.35339
2.34779
2.34082
2.33291
2.32405
2.3149
2.30524
2.29637
2.28781
2.28058
2.27426
2.27033
2.26812
2.26839
2.27072
2.27483
2.28038
2.28876
2.29802
2.31303
2.32386
2.34485
2.35784
2.38548
2.39652
2.45336
1.19799
1.25101
1.30687
1.36489
1.42313
1.48042
1.53606
1.58972
1.64111
1.69016
1.7368
1.78108
1.82288
1.86239
1.89964
1.93457
1.96731
1.99784
2.02609
2.05199
2.07553
2.09634
2.11467
2.12998
2.14246
2.1525
2.16045
2.16703
2.17279
2.17806
2.1831
2.18818
2.1937
2.19987
2.20659
2.21368
2.22112
2.22889
2.23698
2.2454
2.25415
2.2632
2.2724
2.28158
2.29059
2.2993
2.30758
2.31535
2.32245
2.32886
2.33491
2.34077
2.34632
2.35168
2.35708
2.36238
2.3676
2.37262
2.37747
2.38203
2.3861
2.38953
2.39228
2.39418
2.39525
2.39555
2.39525
2.3936
2.39166
2.38867
2.38403
2.37746
2.36853
2.35794
2.34485
2.33087
2.31516
2.29918
2.28277
2.26911
2.25674
2.2476
2.24142
2.23928
2.24009
2.24344
2.249
2.25603
2.26464
2.27569
2.28547
2.30052
2.31107
2.33057
2.34271
2.36637
2.3803
2.41003
2.42005
2.48263
1.21206
1.25923
1.30995
1.36244
1.41629
1.47007
1.52287
1.57417
1.62353
1.67092
1.71627
1.75947
1.8008
1.83997
1.87736
1.9129
1.94663
1.97869
2.00905
2.03766
2.06434
2.08904
2.11142
2.13131
2.14865
2.16326
2.17528
2.18489
2.1925
2.19875
2.20406
2.20877
2.21344
2.2184
2.22396
2.2302
2.2373
2.24527
2.25392
2.26312
2.27271
2.28254
2.29241
2.30211
2.31142
2.32025
2.32849
2.33614
2.34316
2.34963
2.3557
2.36163
2.36747
2.37334
2.37929
2.38539
2.3913
2.39671
2.40172
2.4065
2.4107
2.41424
2.41674
2.4181
2.41799
2.41663
2.41384
2.40865
2.40035
2.38842
2.37195
2.35275
2.33067
2.30657
2.28125
2.2582
2.23898
2.22714
2.2219
2.22179
2.22543
2.23295
2.24124
2.2511
2.26108
2.27401
2.28353
2.29903
2.3088
2.32613
2.33599
2.35521
2.36592
2.38741
2.39928
2.42231
2.43531
2.45988
2.47126
2.51779
1.2309
1.27272
1.31751
1.36503
1.41401
1.46386
1.51341
1.56215
1.60952
1.65529
1.69928
1.74146
1.78185
1.8205
1.85755
1.89302
1.92712
1.95979
1.99121
2.02122
2.04981
2.07674
2.10191
2.12508
2.14605
2.16471
2.18087
2.19448
2.20556
2.21442
2.22139
2.22712
2.23204
2.23664
2.24154
2.2471
2.25356
2.26094
2.26919
2.27822
2.28786
2.29782
2.30787
2.31772
2.32717
2.33609
2.34436
2.35196
2.35907
2.36575
2.37223
2.37869
2.38528
2.39199
2.39875
2.40542
2.41195
2.41785
2.42286
2.42745
2.43132
2.43366
2.43399
2.43243
2.42823
2.41963
2.40609
2.38512
2.36019
2.32989
2.2969
2.26314
2.23327
2.21793
2.21167
2.21427
2.22145
2.2311
2.24129
2.25271
2.26338
2.27638
2.28667
2.30171
2.3118
2.32823
2.33861
2.3566
2.36703
2.38617
2.39677
2.41712
2.42838
2.45012
2.46203
2.48487
2.49744
2.5202
2.53234
2.56472
1.24795
1.2872
1.32811
1.37137
1.4164
1.46223
1.50856
1.55448
1.5995
1.64332
1.68569
1.72654
1.76587
1.80369
1.84013
1.87538
1.90938
1.94235
1.97416
2.00485
2.03434
2.06253
2.08938
2.11462
2.13823
2.15983
2.17928
2.19649
2.21128
2.22366
2.23391
2.24225
2.24921
2.25526
2.26081
2.26631
2.27224
2.2789
2.28645
2.29483
2.30391
2.31345
2.32319
2.33286
2.34225
2.35122
2.35962
2.36752
2.37498
2.3822
2.38931
2.39642
2.40355
2.41071
2.41791
2.42483
2.4316
2.43719
2.44161
2.44439
2.44526
2.44329
2.43681
2.42427
2.40114
2.37148
2.33486
2.29332
2.25074
2.21851
2.20603
2.20537
2.21255
2.22295
2.23403
2.24626
2.25776
2.27156
2.28336
2.29862
2.31001
2.32625
2.33741
2.35407
2.36565
2.38324
2.39505
2.41351
2.42542
2.44459
2.45653
2.47621
2.48842
2.50907
2.52137
2.54264
2.55486
2.57658
2.58756
2.61352
1.27063
1.30663
1.34368
1.38152
1.4222
1.46449
1.50718
1.55028
1.59294
1.63474
1.67545
1.71486
1.75296
1.78984
1.82546
1.86007
1.89366
1.92632
1.9581
1.989
2.01895
2.04796
2.07579
2.10245
2.12762
2.15123
2.17303
2.19288
2.21067
2.22637
2.23998
2.25158
2.26143
2.26988
2.27729
2.28408
2.29065
2.29739
2.30452
2.31219
2.32044
2.32913
2.33809
2.34711
2.35604
2.36471
2.37311
2.38118
2.38899
2.39664
2.40425
2.41194
2.41949
2.4272
2.4344
2.44128
2.44655
2.44959
2.45015
2.44726
2.43798
2.41719
2.3852
2.34578
2.29761
2.24784
2.2112
2.19836
2.20124
2.21082
2.22175
2.2342
2.24657
2.26094
2.27423
2.28972
2.30258
2.3187
2.33105
2.34758
2.36066
2.37661
2.39014
2.4069
2.42015
2.43795
2.45061
2.46962
2.48155
2.50108
2.51263
2.53214
2.54359
2.56337
2.57488
2.59494
2.60647
2.62703
2.63739
2.65898
1.29277
1.32178
1.3586
1.3957
1.43228
1.47024
1.50978
1.54968
1.58973
1.6294
1.66832
1.70631
1.74315
1.7789
1.81363
1.84733
1.88025
1.91236
1.94377
1.9745
2.00456
2.03377
2.06222
2.08953
2.11579
2.14065
2.1641
2.18589
2.20602
2.22429
2.24078
2.2555
2.2685
2.27995
2.29005
2.29908
2.30737
2.31522
2.32288
2.33055
2.33834
2.34632
2.35448
2.36274
2.371
2.37921
2.38738
2.39548
2.40358
2.41165
2.41984
2.42784
2.43579
2.44302
2.44867
2.45163
2.45183
2.44707
2.43363
2.40347
2.36306
2.31117
2.2533
2.2084
2.18899
2.19335
2.20351
2.21527
2.22865
2.24299
2.25776
2.27364
2.28825
2.30444
2.31853
2.3351
2.34931
2.36591
2.3806
2.3972
2.41171
2.42897
2.44288
2.46072
2.47433
2.49283
2.50548
2.52462
2.53642
2.55563
2.56684
2.58542
2.59634
2.61498
2.62585
2.6446
2.65543
2.67456
2.68442
2.70223
1.32451
1.34472
1.3754
1.40968
1.44416
1.47939
1.51545
1.55294
1.59003
1.6274
1.66433
1.70056
1.73594
1.77042
1.80411
1.83696
1.86911
1.90061
1.93154
1.96189
1.99167
2.02081
2.04925
2.07692
2.10363
2.12937
2.15385
2.17709
2.19886
2.21914
2.23788
2.25503
2.27076
2.28503
2.29798
2.30972
2.32039
2.33015
2.33924
2.34781
2.35603
2.364
2.37177
2.37945
2.38709
2.39472
2.40242
2.41018
2.41816
2.42603
2.43397
2.44097
2.44654
2.44932
2.44888
2.44163
2.42257
2.38401
2.33354
2.27047
2.21172
2.17902
2.1799
2.19048
2.20291
2.21758
2.23285
2.24946
2.2662
2.28302
2.29896
2.31565
2.33169
2.34852
2.36467
2.38187
2.39798
2.41531
2.43077
2.4485
2.4636
2.48137
2.49585
2.51406
2.52752
2.54627
2.55843
2.57724
2.58862
2.60685
2.61758
2.63518
2.64552
2.66302
2.67324
2.69084
2.70107
2.71887
2.72819
2.74306
1.35659
1.3698
1.39492
1.42704
1.45926
1.49136
1.52351
1.55767
1.59295
1.62804
1.66295
1.69755
1.73153
1.76476
1.79727
1.82911
1.86035
1.89104
1.92125
1.95105
1.98039
2.00931
2.03766
2.06543
2.09246
2.11861
2.14379
2.16783
2.19069
2.21232
2.23261
2.25172
2.26944
2.28602
2.30146
2.31575
2.32898
2.34119
2.35242
2.36272
2.37219
2.38097
2.38918
2.39691
2.40435
2.41161
2.41885
2.42599
2.43298
2.43942
2.44356
2.44591
2.44431
2.43483
2.409
2.36303
2.30276
2.22805
2.17671
2.15908
2.1704
2.18327
2.1982
2.21523
2.23318
2.25187
2.26985
2.28786
2.30561
2.32349
2.3413
2.35935
2.3769
2.3948
2.41208
2.4302
2.44685
2.46491
2.48101
2.49895
2.5143
2.53249
2.54673
2.56513
2.578
2.59653
2.60804
2.62612
2.63704
2.65429
2.66449
2.68129
2.69107
2.70775
2.7174
2.73417
2.74381
2.7601
2.76983
2.78171
1.40565
1.40089
1.41462
1.43964
1.47123
1.50253
1.53412
1.56505
1.59771
1.63088
1.66405
1.69697
1.72966
1.76173
1.79313
1.82387
1.85405
1.88375
1.91306
1.94211
1.97087
1.99938
2.02755
2.05525
2.08238
2.10877
2.1343
2.1589
2.18245
2.20494
2.22636
2.24666
2.266
2.28425
2.30154
2.31794
2.3334
2.34788
2.36138
2.37387
2.38531
2.39565
2.40506
2.41358
2.42146
2.42869
2.4351
2.44028
2.44341
2.4446
2.44077
2.42893
2.39674
2.34207
2.27371
2.19207
2.1468
2.14427
2.15716
2.17245
2.19035
2.20914
2.22893
2.24932
2.26896
2.28863
2.30808
2.3278
2.34722
2.36667
2.38559
2.40459
2.42288
2.44176
2.45936
2.47788
2.49481
2.51313
2.52909
2.54748
2.56228
2.58061
2.59403
2.61219
2.62462
2.64195
2.65347
2.67012
2.68099
2.69703
2.70731
2.72301
2.73279
2.74826
2.75802
2.77284
2.78326
2.79657
2.80698
2.8168
1.45902
1.43631
1.44049
1.4568
1.48338
1.51415
1.5449
1.5755
1.60608
1.63699
1.66816
1.69933
1.73025
1.76093
1.79123
1.82088
1.85006
1.87879
1.90721
1.93543
1.9635
1.99144
2.0192
2.04666
2.07365
2.10007
2.12574
2.15061
2.17458
2.19766
2.21977
2.24103
2.26132
2.28086
2.29955
2.31748
2.33462
2.35101
2.36649
2.38099
2.39444
2.40677
2.41793
2.42786
2.43627
2.44244
2.44543
2.44584
2.44138
2.42657
2.39003
2.328
2.25238
2.16622
2.1228
2.1288
2.14194
2.15939
2.17876
2.19942
2.22067
2.24191
2.26309
2.28436
2.30566
2.32704
2.34787
2.36878
2.38909
2.40936
2.4288
2.44837
2.46697
2.4861
2.5037
2.52258
2.53917
2.55787
2.57343
2.59185
2.60622
2.62399
2.63734
2.65449
2.66679
2.68296
2.69452
2.70997
2.7209
2.73605
2.74644
2.76105
2.77114
2.78497
2.79537
2.80779
2.81868
2.83
2.83976
2.84833
1.56171
1.4819
1.47078
1.47987
1.50059
1.52967
1.55948
1.58762
1.61566
1.64479
1.6744
1.7043
1.73414
1.76286
1.79136
1.81985
1.84798
1.87584
1.90346
1.93094
1.95833
1.98567
2.01286
2.03986
2.06651
2.09272
2.11836
2.14328
2.1675
2.19086
2.21349
2.23526
2.25635
2.27665
2.29637
2.3154
2.33381
2.35153
2.36852
2.38469
2.39984
2.41381
2.42646
2.43671
2.44196
2.44368
2.44043
2.42531
2.38758
2.32174
2.24086
2.15033
2.10505
2.11254
2.12605
2.14538
2.16556
2.18727
2.20957
2.23147
2.25395
2.27666
2.29922
2.32178
2.3441
2.36585
2.38726
2.40854
2.4292
2.4495
2.46913
2.48885
2.50751
2.52671
2.54428
2.56325
2.5796
2.59824
2.61341
2.63156
2.64537
2.66276
2.67583
2.69211
2.70437
2.71972
2.73116
2.74604
2.75703
2.77139
2.78192
2.79546
2.80562
2.818
2.82834
2.8393
2.84937
2.85974
2.86839
2.87606
1.77703
1.56527
1.51721
1.50919
1.52018
1.54198
1.57121
1.60045
1.62802
1.65423
1.68124
1.70921
1.73762
1.76621
1.79424
1.82098
1.84786
1.87478
1.90164
1.92841
1.95504
1.98168
2.00823
2.03469
2.06089
2.08678
2.1122
2.13709
2.16131
2.18487
2.20771
2.22984
2.25134
2.27223
2.29256
2.3124
2.33166
2.35038
2.36838
2.38568
2.40174
2.4162
2.42742
2.43049
2.42828
2.41809
2.38368
2.31703
2.23269
2.13796
2.08883
2.09476
2.10864
2.12936
2.15087
2.17396
2.1972
2.22032
2.24395
2.26784
2.29146
2.31483
2.3379
2.36057
2.38272
2.40446
2.42591
2.44693
2.46746
2.48761
2.5073
2.52682
2.54541
2.56464
2.58204
2.60097
2.61691
2.63541
2.65015
2.66772
2.68149
2.69817
2.71115
2.72689
2.73903
2.75386
2.76531
2.77961
2.79064
2.80416
2.81449
2.82701
2.83669
2.84799
2.85731
2.86761
2.87618
2.88586
2.89329
2.89998
2.16341
1.71741
1.57347
1.54815
1.54792
1.55977
1.58173
1.60998
1.63763
1.66471
1.69069
1.716
1.74245
1.7696
1.7968
1.82399
1.85045
1.87581
1.90156
1.92747
1.95343
1.97927
2.00508
2.03087
2.05653
2.08203
2.10716
2.13191
2.15607
2.17966
2.20259
2.22492
2.24666
2.26789
2.28864
2.30891
2.32873
2.34796
2.36636
2.3838
2.39811
2.40632
2.40712
2.40065
2.37089
2.30948
2.22264
2.12201
2.0674
2.07089
2.08611
2.10861
2.132
2.15737
2.18279
2.20795
2.23289
2.25818
2.28293
2.30718
2.33101
2.35436
2.37708
2.39944
2.42125
2.44274
2.46391
2.48477
2.5051
2.52519
2.54467
2.56422
2.58278
2.60191
2.61919
2.63773
2.65366
2.67154
2.68632
2.70326
2.71721
2.7333
2.74642
2.76171
2.7739
2.78828
2.79994
2.81344
2.82456
2.83679
2.84707
2.858
2.86713
2.87726
2.88526
2.89484
2.90191
2.91034
2.91687
2.92189
2.52498
2.03078
1.68794
1.59371
1.57812
1.58274
1.59671
1.61984
1.64664
1.67302
1.69907
1.72491
1.74982
1.77491
1.80081
1.82696
1.85295
1.87902
1.90404
1.92837
1.95319
1.97827
2.00335
2.02843
2.05348
2.07847
2.10321
2.12768
2.15165
2.17518
2.19812
2.22054
2.24242
2.26384
2.28476
2.30524
2.32512
2.34399
2.36089
2.37406
2.37627
2.37133
2.35286
2.29817
2.21045
2.10247
2.03934
2.03697
2.05462
2.07961
2.10459
2.13339
2.16201
2.18951
2.2171
2.24398
2.27027
2.29603
2.32096
2.34557
2.36914
2.39228
2.41477
2.43697
2.45853
2.48004
2.501
2.52182
2.54198
2.56209
2.58152
2.60101
2.61955
2.63839
2.65563
2.67377
2.68995
2.7072
2.72245
2.73879
2.75331
2.76904
2.78263
2.79758
2.81024
2.82409
2.83628
2.84871
2.86043
2.87094
2.88187
2.89084
2.90022
2.90883
2.91639
2.92453
2.93103
2.9376
2.94366
2.94656
2.76075
2.42236
1.9448
1.68696
1.62063
1.61051
1.61695
1.63331
1.65734
1.68251
1.70732
1.73232
1.75771
1.78287
1.80747
1.832
1.85677
1.88164
1.90642
1.93105
1.95479
1.97855
2.00285
2.02731
2.05178
2.07622
2.10048
2.12454
2.1482
2.17154
2.19434
2.21676
2.23862
2.26004
2.28083
2.3007
2.31937
2.3345
2.3397
2.3383
2.32605
2.28115
2.19645
2.08372
2.00679
1.99414
2.01518
2.04159
2.06814
2.09973
2.13075
2.16142
2.19115
2.22034
2.2484
2.27582
2.30264
2.32891
2.35435
2.37916
2.40318
2.42668
2.44945
2.47182
2.4935
2.51513
2.53607
2.55692
2.57704
2.59723
2.6166
2.63614
2.65456
2.6731
2.69045
2.70821
2.7246
2.74143
2.75707
2.77321
2.78825
2.80379
2.81777
2.83236
2.84545
2.85881
2.87144
2.88319
2.89534
2.90495
2.91632
2.92433
2.93407
2.94141
2.94955
2.95583
2.96276
2.96776
2.97355
2.97515
2.88511
2.71756
2.35539
1.90039
1.69936
1.65163
1.64351
1.65107
1.66853
1.69329
1.71753
1.7409
1.76487
1.78971
1.81471
1.83912
1.86277
1.88607
1.90955
1.93321
1.95698
1.98052
2.00376
2.02737
2.05129
2.0752
2.09897
2.12256
2.14584
2.16884
2.19138
2.21355
2.23505
2.25588
2.27546
2.29167
2.30168
2.30159
2.2911
2.25838
2.18309
2.06967
1.97317
1.94672
1.96956
1.99586
2.02457
2.05835
2.09146
2.12411
2.15623
2.1875
2.2175
2.24693
2.27523
2.30318
2.33022
2.35693
2.38259
2.40798
2.43248
2.45668
2.48009
2.50322
2.5254
2.54735
2.5683
2.58943
2.60963
2.63009
2.6495
2.669
2.68731
2.70574
2.72321
2.74073
2.75737
2.77405
2.79002
2.80601
2.82122
2.83629
2.85033
2.86439
2.87749
2.89057
2.90294
2.91487
2.9262
2.93643
2.94699
2.95524
2.96494
2.97179
2.9803
2.98571
2.99284
2.99712
3.00289
3.00422
2.94559
2.86708
2.6805
2.29178
1.87383
1.71611
1.68375
1.67637
1.68479
1.70238
1.72689
1.75112
1.77388
1.79695
1.82086
1.84517
1.86899
1.8919
1.91434
1.93677
1.95967
1.98276
2.00605
2.02912
2.05203
2.0752
2.09846
2.12155
2.14439
2.16691
2.18894
2.2104
2.23047
2.24812
2.26112
2.26258
2.25404
2.23068
2.1679
2.05791
1.94212
1.89883
1.91908
1.94567
1.97589
2.01117
2.04656
2.0808
2.11485
2.14782
2.17977
2.2111
2.24113
2.27061
2.29916
2.32721
2.35423
2.381
2.40673
2.43243
2.45705
2.48194
2.50576
2.52988
2.55291
2.57605
2.59778
2.61978
2.64029
2.66109
2.68045
2.70001
2.71838
2.73692
2.75458
2.77215
2.78898
2.80565
2.82158
2.83733
2.85219
2.86673
2.8806
2.89407
2.90715
2.91978
2.93199
2.94359
2.95457
2.9646
2.97488
2.98277
2.99221
2.99888
3.00681
3.01199
3.01886
3.02282
3.02846
3.03007
2.97389
2.93848
2.84802
2.63621
2.22533
1.85673
1.73523
1.71242
1.70754
1.71668
1.7345
1.75877
1.78313
1.80586
1.82807
1.85088
1.87418
1.89725
1.91975
1.94166
1.96361
1.98591
2.00853
2.03129
2.05405
2.07653
2.09884
2.12119
2.14328
2.16494
2.18543
2.20424
2.21886
2.22201
2.21719
2.19776
2.14881
2.04699
1.91826
1.85469
1.86676
1.89202
1.92343
1.96063
1.99788
2.03382
2.06915
2.10354
2.13703
2.1696
2.20125
2.23199
2.26177
2.2914
2.3197
2.34787
2.37472
2.40173
2.42755
2.45371
2.47862
2.50384
2.52764
2.55237
2.57562
2.59967
2.622
2.64495
2.66619
2.6879
2.70808
2.72843
2.74756
2.76665
2.78472
2.80248
2.81933
2.83591
2.85156
2.86705
2.88156
2.89597
2.90962
2.92307
2.93618
2.94848
2.9608
2.97185
2.98284
2.9923
3.00241
3.00973
3.01879
3.02488
3.0322
3.03686
3.04311
3.04669
3.05187
3.05335
2.98769
2.97237
2.928
2.83289
2.59051
2.17685
1.85579
1.75801
1.73937
1.73891
1.74783
1.76512
1.78905
1.81358
1.83637
1.85796
1.87969
1.90197
1.92433
1.94654
1.96824
1.98984
2.01167
2.03367
2.05587
2.07786
2.0996
2.12075
2.14117
2.1604
2.17566
2.18167
2.1795
2.16336
2.12147
2.03842
1.90646
1.81731
1.81042
1.83886
1.87056
1.90785
1.94712
1.98421
2.02099
2.05655
2.09109
2.1249
2.15762
2.18949
2.22038
2.25074
2.28032
2.3095
2.33763
2.36581
2.39279
2.42021
2.44614
2.47263
2.49739
2.52309
2.54704
2.57197
2.59525
2.61983
2.6426
2.66623
2.68801
2.71034
2.73106
2.75203
2.77174
2.79141
2.80984
2.82819
2.84531
2.86252
2.87843
2.8944
2.90917
2.92397
2.93782
2.95157
2.96474
2.97714
2.9893
3.00039
3.01108
3.02048
3.0304
3.03756
3.04632
3.05228
3.05907
3.0635
3.06923
3.07227
3.07711
3.07755
2.99436
2.98761
2.96721
2.92445
2.81169
2.55124
2.14854
1.86504
1.78271
1.76655
1.76921
1.77819
1.79472
1.81827
1.84252
1.86529
1.88644
1.90738
1.92891
1.95065
1.97259
1.99401
2.01531
2.03632
2.05758
2.07839
2.09876
2.11767
2.13303
2.14145
2.14033
2.12565
2.09162
2.02225
1.90067
1.78616
1.75623
1.78496
1.81578
1.85332
1.8949
1.93367
1.97147
2.00809
2.04364
2.0783
2.11197
2.14479
2.17649
2.20759
2.23783
2.26771
2.29674
2.32574
2.35376
2.38202
2.40904
2.4366
2.46265
2.48961
2.51489
2.54104
2.56545
2.59089
2.61435
2.63888
2.66156
2.68506
2.70681
2.72921
2.7501
2.77151
2.79149
2.81161
2.83031
2.84902
2.86654
2.88397
2.90036
2.91673
2.93193
2.94731
2.96167
2.97575
2.98944
3.0022
3.01457
3.02603
3.03698
3.04658
3.05658
3.0642
3.07281
3.079
3.08591
3.09036
3.09612
3.09913
3.10402
3.10436
2.99759
2.99437
2.98559
2.96671
2.91568
2.80149
2.52389
2.13313
1.88001
1.80836
1.79448
1.7979
1.80742
1.8236
1.84655
1.87029
1.89273
1.91361
1.93393
1.95496
1.97613
1.99755
2.01841
2.03873
2.05806
2.07652
2.09193
2.10126
2.10091
2.08846
2.05956
1.99705
1.89386
1.76074
1.70557
1.72972
1.76012
1.7978
1.84134
1.88134
1.92093
1.95894
1.99563
2.03096
2.06524
2.09865
2.13116
2.16284
2.19373
2.2241
2.25379
2.28322
2.31206
2.34087
2.36887
2.39709
2.42422
2.45192
2.47822
2.50531
2.53064
2.55699
2.58155
2.60709
2.63092
2.65546
2.67837
2.702
2.72403
2.74658
2.76751
2.78878
2.80854
2.82851
2.84724
2.86601
2.88384
2.90164
2.91849
2.93534
2.95129
2.96691
2.98224
2.99642
3.01078
3.02368
3.03662
3.04793
3.05961
3.06914
3.07937
3.08738
3.09623
3.1025
3.11014
3.11475
3.12104
3.12446
3.12977
3.131
2.99904
2.99737
2.99419
2.98475
2.96492
2.91203
2.7922
2.50897
2.13134
1.89867
1.83457
1.82216
1.82595
1.83554
1.85161
1.87384
1.89687
1.91889
1.93947
1.95929
1.97954
1.9998
2.01933
2.03781
2.05288
2.06205
2.06187
2.05086
2.02538
1.97002
1.88131
1.74497
1.66478
1.67347
1.70438
1.74061
1.78717
1.82847
1.86963
1.90911
1.94652
1.98274
2.01774
2.05157
2.0846
2.11668
2.14823
2.17914
2.20956
2.23945
2.26886
2.29808
2.32683
2.3555
2.38346
2.41161
2.43877
2.46642
2.4928
2.51982
2.54528
2.57151
2.59609
2.62141
2.64515
2.66954
2.69234
2.71568
2.73759
2.75993
2.78097
2.80222
2.82221
2.84235
2.8614
2.88057
2.89878
2.91693
2.93433
2.95131
2.96801
2.9837
2.99954
3.01398
3.02853
3.04164
3.05489
3.06622
3.07835
3.08795
3.09873
3.10688
3.11624
3.12276
3.13094
3.13586
3.14255
3.14657
3.15194
3.15355
2.99957
2.99894
2.99745
2.99363
2.98515
2.96237
2.91248
2.78525
2.50577
2.14008
1.92014
1.86086
1.84947
1.85334
1.86284
1.87855
1.89992
1.92194
1.94299
1.96288
1.98142
1.99938
2.01479
2.02435
2.02433
2.01405
1.98981
1.93857
1.85873
1.73525
1.6327
1.61622
1.64885
1.68495
1.7323
1.77501
1.8182
1.85897
1.89693
1.93381
1.96935
2.00378
2.03709
2.06962
2.10144
2.13278
2.16363
2.19414
2.22411
2.25381
2.28316
2.31231
2.34095
2.3695
2.39742
2.42541
2.4526
2.48009
2.50633
2.53302
2.55828
2.58416
2.60851
2.63352
2.65702
2.68116
2.70386
2.72705
2.74881
2.77104
2.79195
2.81325
2.83331
2.85365
2.87291
2.89236
2.91092
2.92935
2.94736
2.96447
2.98193
2.9977
3.01401
3.02874
3.04342
3.05675
3.0703
3.08173
3.09421
3.10416
3.11527
3.12378
3.13389
3.14072
3.14972
3.15527
3.16269
3.16748
3.1733
3.17576
2.99982
2.99958
2.99888
2.99755
2.99335
2.98555
2.96156
2.91334
2.78465
2.51073
2.15709
1.94409
1.88718
1.87635
1.87988
1.88903
1.90373
1.92367
1.94381
1.96248
1.97772
1.98667
1.98692
1.97761
1.9536
1.90511
1.82911
1.71713
1.60864
1.56446
1.59437
1.63
1.67442
1.7202
1.76619
1.8088
1.84744
1.88441
1.92049
1.95517
1.98882
2.02163
2.05372
2.08535
2.11648
2.14735
2.17789
2.20808
2.238
2.26769
2.29697
2.32594
2.35439
2.38268
2.41036
2.43811
2.465
2.49204
2.51794
2.54423
2.56917
2.59469
2.61873
2.64349
2.66681
2.69076
2.71339
2.73646
2.75834
2.78048
2.80149
2.82282
2.84313
2.86367
2.88326
2.9029
2.92187
2.94033
2.95869
2.97585
2.99331
3.00933
3.02545
3.04027
3.05521
3.06842
3.08248
3.09417
3.10714
3.11755
3.12937
3.13822
3.14898
3.15627
3.16573
3.17175
3.17952
3.18509
3.19124
3.19399
2.99994
2.99982
2.9996
2.99889
2.99759
2.99352
2.98558
2.96285
2.91431
2.79025
2.52332
2.18201
1.97029
1.91307
1.90252
1.90502
1.91201
1.92351
1.93996
1.95092
1.95123
1.94136
1.91551
1.87091
1.79475
1.69236
1.58421
1.51926
1.54228
1.57503
1.61653
1.66612
1.71418
1.75808
1.79743
1.83479
1.87086
1.90583
1.93973
1.97266
2.00498
2.03674
2.06824
2.09941
2.13043
2.16112
2.19149
2.22155
2.25125
2.28063
2.30958
2.33821
2.36635
2.39431
2.42164
2.44897
2.47542
2.50208
2.52764
2.55364
2.57832
2.60358
2.62746
2.65198
2.67519
2.69896
2.72157
2.74464
2.76664
2.789
2.81031
2.8319
2.85249
2.87325
2.89315
2.91291
2.93214
2.95065
2.9692
2.98637
3.00387
3.01986
3.03598
3.05073
3.06579
3.07904
3.09334
3.10528
3.11858
3.12927
3.14151
3.15067
3.16186
3.16951
3.17943
3.18586
3.19408
3.20021
3.20691
3.20991
2.99998
2.99994
2.99982
2.99961
2.99895
2.99761
2.99395
2.98576
2.96516
2.91672
2.80056
2.54342
2.21438
1.99768
1.9372
1.92664
1.92195
1.92232
1.91845
1.90656
1.87858
1.83047
1.75534
1.66087
1.55779
1.48375
1.49239
1.52212
1.56252
1.61383
1.66183
1.70533
1.74588
1.78453
1.82092
1.85584
1.88976
1.92305
1.95562
1.9877
2.01938
2.05081
2.08195
2.11292
2.14361
2.174
2.20407
2.23378
2.26314
2.29213
2.3207
2.34894
2.37673
2.40432
2.43136
2.45837
2.48463
2.51106
2.5365
2.56232
2.58693
2.61214
2.63609
2.6607
2.6841
2.70801
2.73085
2.75405
2.77625
2.79874
2.82026
2.84199
2.86277
2.88363
2.90369
2.92342
2.9428
2.96119
2.97982
2.99694
3.01438
3.0304
3.04655
3.06134
3.07663
3.08999
3.10454
3.11664
3.13015
3.14097
3.15341
3.16269
3.17406
3.18187
3.19201
3.19866
3.20711
3.21354
3.22062
3.22368
3
2.99998
2.99994
2.99983
2.99963
2.99901
2.99774
2.99433
2.98656
2.96729
2.9216
2.81267
2.56823
2.25228
2.0233
1.95608
1.92905
1.89928
1.85755
1.79666
1.71394
1.62089
1.50312
1.4351
1.43271
1.46098
1.50018
1.55226
1.60247
1.6489
1.69144
1.73074
1.76731
1.80218
1.83614
1.86976
1.90307
1.93598
1.96845
2.00043
2.03201
2.06324
2.09425
2.12496
2.15535
2.18543
2.2152
2.24468
2.27379
2.30254
2.33084
2.35883
2.38641
2.41383
2.44078
2.46771
2.49398
2.52047
2.54604
2.57204
2.59691
2.62235
2.64655
2.67132
2.69493
2.71897
2.74201
2.76532
2.78773
2.81032
2.83201
2.8538
2.87467
2.89547
2.91556
2.93511
2.95453
2.97274
2.99133
3.00836
3.02567
3.04162
3.05764
3.07226
3.08744
3.10063
3.11499
3.1269
3.14019
3.15074
3.16296
3.172
3.18325
3.19095
3.20114
3.20787
3.21648
3.22323
3.23065
3.23394
3
3
2.99998
2.99994
2.99985
2.99963
2.99911
2.99777
2.9949
2.98693
2.9705
2.92549
2.82852
2.60094
2.29133
2.01682
1.91287
1.81619
1.6969
1.56605
1.46606
1.40189
1.3927
1.41777
1.45303
1.50159
1.54865
1.5927
1.63534
1.67545
1.7126
1.74767
1.78183
1.8156
1.84926
1.88271
1.91593
1.94876
1.98113
2.01305
2.04457
2.07574
2.10655
2.13701
2.16713
2.19694
2.22644
2.25566
2.28455
2.31316
2.3414
2.36937
2.39691
2.42431
2.45122
2.47818
2.50449
2.53101
2.5566
2.58257
2.60741
2.63277
2.65696
2.68166
2.70529
2.72923
2.75224
2.77541
2.79773
2.82014
2.84169
2.86329
2.88396
2.90454
2.92438
2.94369
2.96282
2.9807
2.99893
3.01557
3.03254
3.04814
3.06393
3.07836
3.09339
3.10649
3.12078
3.13267
3.14596
3.15665
3.16896
3.1783
3.18971
3.19771
3.2081
3.21497
3.22391
3.23053
3.23831
3.24125
3.00001
3
2.99999
2.99998
2.99993
2.99983
2.99955
2.99902
2.99732
2.99426
2.98466
2.96611
2.91472
2.80738
2.56156
2.19351
1.89743
1.59154
1.43263
1.31247
1.29369
1.31936
1.36415
1.42813
1.48612
1.53197
1.57177
1.61139
1.65016
1.6868
1.72156
1.75571
1.79023
1.82515
1.86008
1.89464
1.9286
1.96189
1.99457
2.02669
2.05837
2.08963
2.12048
2.15091
2.18093
2.21057
2.23991
2.26897
2.29777
2.3263
2.35449
2.38245
2.41003
2.43747
2.46444
2.49143
2.51775
2.54422
2.56974
2.5956
2.62033
2.64555
2.66961
2.69417
2.71769
2.74154
2.76449
2.78759
2.80987
2.83217
2.85362
2.87505
2.89557
2.91597
2.93563
2.95479
2.97373
2.99152
3.00962
3.02619
3.04308
3.05862
3.07431
3.08862
3.10351
3.11644
3.13053
3.14223
3.1553
3.16579
3.17786
3.18698
3.19814
3.20595
3.21611
3.2228
3.23159
3.23806
3.24585
3.24859
)
;

boundaryField
{
    inlet
    {
        type            calculated;
        value           uniform 3.00001;
    }
    outlet
    {
        type            calculated;
        value           nonuniform List<scalar> 
40
(
1.83114
1.9022
2.00136
2.07765
2.14553
2.20333
2.25887
2.31154
2.36364
2.41252
2.45336
2.48263
2.51779
2.56472
2.61352
2.65898
2.70223
2.74306
2.78171
2.8168
2.84833
2.87606
2.89998
2.92189
2.94656
2.97515
3.00422
3.03007
3.05335
3.07755
3.10436
3.131
3.15355
3.17576
3.19399
3.20991
3.22368
3.23394
3.24125
3.24859
)
;
    }
    bottom
    {
        type            symmetryPlane;
    }
    top
    {
        type            symmetryPlane;
    }
    obstacle
    {
        type            calculated;
        value           uniform 0;
    }
    defaultFaces
    {
        type            empty;
    }
}


// ************************************************************************* //
