/*--------------------------------*- C++ -*----------------------------------*\
  =========                 |
  \\      /  F ield         | OpenFOAM: The Open Source CFD Toolbox
   \\    /   O peration     | Website:  https://openfoam.org
    \\  /    A nd           | Version:  10
     \\/     M anipulation  |
\*---------------------------------------------------------------------------*/
FoamFile
{
    format      ascii;
    class       volScalarField;
    location    "1";
    object      T;
}
// * * * * * * * * * * * * * * * * * * * * * * * * * * * * * * * * * * * * * //

dimensions      [0 0 0 1 0 0 0];

internalField   nonuniform List<scalar> 
5250
(
1
1
1.00001
1.00003
1.00008
1.0002
1.00048
1.00118
1.00305
1.00725
1.019
1.04692
1.12545
1.34018
1.8975
2.67256
2.81513
2.77693
2.77727
2.79548
2.83625
2.86334
2.87391
2.89892
3.0931
1
1
1.00001
1.00003
1.00007
1.00021
1.00045
1.00124
1.00284
1.00748
1.01812
1.04701
1.12247
1.33448
1.88382
2.66106
2.81314
2.77614
2.77653
2.79464
2.83512
2.86198
2.87245
2.89744
3.09192
1
1
1.00001
1.00003
1.00007
1.0002
1.00043
1.00121
1.00275
1.0073
1.01756
1.04562
1.11824
1.32205
1.8567
2.63335
2.8084
2.77431
2.77472
2.79217
2.83165
2.85833
2.86848
2.89302
3.08679
1
1
1.00001
1.00003
1.00007
1.0002
1.00042
1.00117
1.00265
1.00704
1.01688
1.0438
1.113
1.30648
1.82011
2.59186
2.80303
2.77232
2.77207
2.78807
2.8255
2.85174
2.86163
2.88613
3.07835
1
1
1.00001
1.00003
1.00006
1.00019
1.0004
1.00112
1.00253
1.00671
1.0161
1.04166
1.10725
1.29022
1.78155
2.5535
2.79452
2.76895
2.76736
2.78153
2.81616
2.84271
2.85143
2.87233
3.05845
1
1
1.00001
1.00003
1.00006
1.00017
1.00038
1.00105
1.00241
1.00627
1.01527
1.03906
1.10077
1.27182
1.73424
2.51058
2.78086
2.76216
2.75931
2.77119
2.80316
2.82994
2.8384
2.85936
3.04122
1
1
1.00001
1.00003
1.00006
1.00016
1.00036
1.00096
1.00227
1.00578
1.01431
1.03616
1.09358
1.25147
1.6838
2.45899
2.75915
2.75181
2.74838
2.75808
2.78935
2.81531
2.82265
2.83836
3.0044
1
1
1.00001
1.00002
1.00005
1.00015
1.00033
1.00087
1.00209
1.00524
1.01317
1.03289
1.08536
1.22863
1.62033
2.3845
2.73158
2.74104
2.73907
2.74446
2.77183
2.79864
2.80146
2.81282
2.96756
1
1
1.00001
1.00002
1.00005
1.00012
1.00031
1.00075
1.00197
1.00451
1.01223
1.02882
1.07709
1.20295
1.55276
2.29125
2.69616
2.73367
2.73024
2.73339
2.75454
2.77187
2.77132
2.76981
2.88287
1
1
1.00001
1.00002
1.00005
1.0001
1.00028
1.00065
1.00169
1.00411
1.01029
1.02593
1.06642
1.17719
1.48119
2.17044
2.65367
2.72282
2.71269
2.71261
2.72139
2.73717
2.7304
2.71026
2.78816
1
1
1.00001
1.00002
1.00003
1.0001
1.00022
1.00059
1.00138
1.00353
1.00877
1.02192
1.05629
1.14866
1.40561
2.0192
2.59039
2.70426
2.68944
2.68992
2.69901
2.70524
2.69043
2.62897
2.58603
1
1
1.00001
1.00001
1.00003
1.00007
1.0002
1.00044
1.0012
1.00282
1.00724
1.01786
1.04577
1.11945
1.32433
1.83042
2.51122
2.68519
2.67134
2.66365
2.66221
2.65659
2.63149
2.54652
2.44866
1
1
1
1.00001
1.00002
1.00006
1.00015
1.00038
1.00096
1.00226
1.00599
1.01401
1.03711
1.09324
1.25259
1.66139
2.39472
2.64226
2.63396
2.63
2.62655
2.61537
2.58296
2.49831
2.36915
1
1
1
1.00001
1.00002
1.00005
1.00012
1.00033
1.00071
1.00203
1.00437
1.01237
1.02841
1.07697
1.20084
1.54386
2.2486
2.59137
2.61738
2.60901
2.59972
2.58394
2.5519
2.48541
2.35415
1
1
1
1.00001
1.00002
1.00004
1.00011
1.00022
1.00067
1.00136
1.00405
1.00877
1.0243
1.05884
1.15962
1.42889
2.06336
2.50826
2.5847
2.5738
2.56415
2.54333
2.51017
2.46092
2.35544
1
1
1
1.00001
1.00001
1.00003
1.00007
1.00021
1.00042
1.00124
1.00271
1.00743
1.01744
1.04603
1.11815
1.3212
1.81845
2.40577
2.55767
2.55284
2.53351
2.51065
2.46859
2.42587
2.35018
1
1
1
1
1.00001
1.00002
1.00006
1.00013
1.00037
1.00082
1.0022
1.00521
1.01329
1.03296
1.0852
1.22546
1.5933
2.2477
2.49865
2.52215
2.50859
2.48947
2.44795
2.40694
2.34292
1
1
1
1
1.00001
1.00002
1.00004
1.0001
1.00028
1.00059
1.00174
1.00363
1.01043
1.02369
1.06405
1.16478
1.44541
2.06618
2.42606
2.48232
2.46909
2.4515
2.41674
2.37595
2.32423
1
1
1
1
1
1.00001
1.00003
1.00008
1.00017
1.00049
1.0011
1.00296
1.00695
1.01799
1.0447
1.11758
1.31484
1.8019
2.31384
2.44415
2.44673
2.43119
2.40122
2.3627
2.31514
1
1
1
1
1
1.00001
1.00002
1.00005
1.00013
1.00034
1.00075
1.00213
1.00457
1.01291
1.02944
1.07943
1.20414
1.54178
2.13485
2.37327
2.40807
2.39837
2.37438
2.33619
2.2949
1
1
1
1
1
1.00001
1.00001
1.00004
1.00009
1.00023
1.00055
1.00139
1.00342
1.0084
1.02125
1.05332
1.14001
1.37261
1.9126
2.27698
2.36634
2.36598
2.35164
2.32157
2.28374
1
1
1
1
1
1
1.00001
1.00002
1.00006
1.00015
1.00037
1.00092
1.00221
1.00571
1.0135
1.03532
1.08832
1.23595
1.60994
2.14429
2.31449
2.33538
2.32439
2.29769
2.26033
1
1
1
1
1
1
1.00001
1.00002
1.00004
1.0001
1.00025
1.0006
1.00153
1.00356
1.00948
1.02214
1.05868
1.14946
1.40058
1.93481
2.22487
2.28585
2.28311
2.26937
2.24558
1
1
1
1
1
1
1
1.00001
1.00003
1.00006
1.00017
1.00037
1.00099
1.0023
1.0059
1.01441
1.03643
1.09326
1.24634
1.63014
2.09899
2.24179
2.25918
2.24817
2.22457
1
1
1
1
1
1
1
1.00001
1.00002
1.00004
1.0001
1.00023
1.00065
1.00137
1.00397
1.0085
1.0236
1.05588
1.14972
1.39171
1.88827
2.15284
2.20832
2.21809
2.20617
1
1
1
1
1
1
1
1
1.00001
1.00002
1.00006
1.00014
1.00038
1.00089
1.00225
1.00553
1.01359
1.03429
1.08699
1.22864
1.57842
2.03192
2.16428
2.18653
2.17785
1
1
1
1
1
1
1
1
1.00001
1.00001
1.00004
1.00009
1.00024
1.00052
1.00146
1.00309
1.00884
1.01956
1.05303
1.13193
1.35298
1.80358
2.07426
2.14109
2.15426
1
1
1
1
1
1
1
1
1
1.00001
1.00002
1.00006
1.00013
1.00033
1.00079
1.00194
1.00484
1.01158
1.02968
1.07313
1.19107
1.49326
1.92626
2.07744
2.1124
1
1
1
1
1
1
1
1
1
1.00001
1.00001
1.00003
1.00008
1.00019
1.00047
1.00111
1.00291
1.00662
1.01772
1.04179
1.11054
1.28619
1.68243
1.986
2.07287
1
1
1
1
1
1
1
1
1
1
1.00001
1.00002
1.00004
1.00012
1.00024
1.00071
1.00144
1.00422
1.00897
1.02464
1.05818
1.15312
1.39935
1.80317
1.99369
1
1
1
1
1
1
1
1
1
1
1
1.00001
1.00002
1.00006
1.00014
1.00036
1.00083
1.00224
1.00491
1.01358
1.03082
1.08258
1.20917
1.52051
1.88323
1
1
1
1
1
1
1
1
1
1
1
1.00001
1.00001
1.00003
1.00007
1.00021
1.00043
1.00127
1.00262
1.00748
1.01665
1.04455
1.10952
1.29082
1.64826
1
1
1
1
1
1
1
1
1
1
1
1
1.00001
1.00002
1.00004
1.0001
1.00026
1.00061
1.0015
1.00377
1.0089
1.02295
1.05537
1.14346
1.36968
1
1
1
1
1
1
1
1
1
1
1
1
1
1.00001
1.00002
1.00005
1.00014
1.00029
1.00083
1.00179
1.00482
1.0111
1.02854
1.07012
1.18248
1
1
1
1
1
1
1
1
1
1
1
1
1
1
1.00001
1.00003
1.00006
1.00017
1.00039
1.00097
1.00242
1.00567
1.01481
1.03488
1.09123
1
1
1
1
1
1
1
1
1
1
1
1
1
1
1.00001
1.00001
1.00003
1.00008
1.0002
1.00048
1.00124
1.00279
1.00753
1.01696
1.04523
1
1
1
1
1
1
1
1
1
1
1
1
1
1
1
1.00001
1.00002
1.00004
1.00011
1.00022
1.00063
1.00133
1.00369
1.00815
1.02159
1
1
1
1
1
1
1
1
1
1
1
1
1
1
1
1
1.00001
1.00002
1.00005
1.0001
1.0003
1.00064
1.00174
1.0039
1.00999
1
1
1
1
1
1
1
1
1
1
1
1
1
1
1
1
1
1.00001
1.00002
1.00006
1.00012
1.00035
1.00072
1.00199
1.00438
1
1
1
1
1
1
1
1
1
1
1
1
1
1
1
1
1
1
1.00001
1.00002
1.00006
1.00015
1.00035
1.00091
1.00198
1
1
1
1
1
1
1
1
1
1
1
1
1
1
1
1
1
1
1
1.00001
1.00003
1.00007
1.00015
1.00042
1.00088
1
1
1
1
1
1
1
1
1
1
1
1
1
1
1
1
1
1
1
1
1.00001
1.00003
1.00007
1.00017
1.00042
1
1
1
1
1
1
1
1
1
1
1
1
1
1
1
1
1
1
1
1
1.00001
1.00001
1.00003
1.00007
1.0002
1
1
1
1
1
1
1
1
1
1
1
1
1
1
1
1
1
1
1
1
1
1.00001
1.00001
1.00003
1.00008
1
1
1
1
1
1
1
1
1
1
1
1
1
1
1
1
1
1
1
1
1
1
1.00001
1.00001
1.00003
1
1
1
1
1
1
1
1
1
1
1
1
1
1
1
1
1
1
1
1
1
1
1
1.00001
1.00001
1
1
1
1
1
1
1
1
1
1
1
1
1
1
1
1
1
1
1
1
1
1
1
1
1
1
1
1
1
1
1
1
1
1
1
1
1
1
1
1
1
1
1
1
1
1
1
1
1
1
1
1
1
1
1
1
1
1
1
1
1
1
1
1
1
1
1
1
1
1
1
1
1
1
1
1
1
1
1
1
1
1
1
1
1
1
1
1
1
1
1
1
1
1
1
1
1
1
1
1
2.43223
2.25048
2.19566
2.21944
2.28483
2.34113
2.4215
2.45075
2.47389
2.47237
2.47146
2.47036
2.47195
2.4757
2.47936
2.48189
2.48366
2.48365
2.4834
2.48275
2.48191
2.48118
2.48039
2.47933
2.47794
2.47638
2.47482
2.47342
2.47229
2.4714
2.47058
2.46983
2.46921
2.46876
2.46837
2.46784
2.467
2.46571
2.46406
2.46219
2.46027
2.45835
2.45647
2.45461
2.45276
2.45078
2.44859
2.44611
2.44334
2.44024
2.43685
2.43322
2.42944
2.42552
2.42145
2.41725
2.41283
2.40816
2.40302
2.39741
2.39099
2.38431
2.37681
2.36897
2.36053
2.35246
2.34489
2.33748
2.33013
2.32407
2.31852
2.31276
2.30767
2.30041
2.29372
2.28685
2.28007
2.27232
2.26486
2.2583
2.25262
2.24822
2.245
2.24271
2.24112
2.2388
2.23734
2.23599
2.23506
2.23325
2.23118
2.2257
2.21834
2.19899
2.18099
2.13786
2.10853
2.04454
2.00894
1.91644
2.38744
2.29825
2.23993
2.20015
2.16305
2.124
2.11455
2.11786
2.12673
2.14618
2.15982
2.17347
2.17462
2.17483
2.17445
2.17392
2.17412
2.1747
2.17496
2.17484
2.17437
2.17327
2.17142
2.16908
2.16645
2.16364
2.16076
2.15796
2.15543
2.15336
2.15187
2.15098
2.15058
2.15052
2.15055
2.15072
2.15106
2.1513
2.15133
2.15121
2.15071
2.14955
2.14812
2.14656
2.14535
2.14437
2.14372
2.14342
2.14344
2.14354
2.14383
2.14417
2.14452
2.14482
2.14496
2.14495
2.14487
2.14441
2.14395
2.14327
2.14228
2.14156
2.1401
2.13894
2.13731
2.13478
2.13222
2.13002
2.12549
2.12214
2.11764
2.11461
2.10964
2.10604
2.10167
2.09949
2.0965
2.09373
2.09022
2.08584
2.08209
2.07591
2.07094
2.06375
2.05836
2.05128
2.04684
2.04073
2.03716
2.03187
2.02896
2.02422
2.02194
2.01726
2.0145
2.00846
2.00318
1.99029
1.97889
1.93995
2.30821
2.25796
2.19597
2.12582
2.05126
1.99784
1.95848
1.95602
1.95917
1.96842
1.98888
1.99686
2.01239
2.01339
2.01641
2.01758
2.01754
2.01747
2.01714
2.01637
2.01474
2.01245
2.00955
2.00622
2.00274
1.99942
1.99643
1.99384
1.99171
1.99011
1.98914
1.98882
1.98884
1.98905
1.98963
1.99041
1.99107
1.99151
1.99169
1.99168
1.99156
1.99111
1.99016
1.98916
1.98832
1.98764
1.98731
1.98731
1.98739
1.98765
1.98812
1.98868
1.98934
1.99008
1.99096
1.99206
1.9933
1.99462
1.9962
1.99772
1.99899
2.00017
2.00101
2.00165
2.00189
2.00186
2.00148
2.00098
1.9998
1.99794
1.99606
1.99505
1.99278
1.99074
1.98816
1.98685
1.98538
1.98355
1.98245
1.97998
1.97874
1.97589
1.97406
1.96989
1.96719
1.96124
1.95783
1.95072
1.94634
1.93816
1.93348
1.92555
1.92166
1.91442
1.91078
1.90322
1.89843
1.88765
1.88016
1.85465
2.25927
2.19077
2.124
2.06071
2.00246
1.95364
1.91235
1.88407
1.86272
1.86039
1.86275
1.86892
1.8756
1.88725
1.89205
1.89469
1.89463
1.89354
1.89084
1.88648
1.88196
1.8777
1.87396
1.87076
1.86799
1.86559
1.86362
1.86209
1.86096
1.86015
1.85962
1.85932
1.85912
1.85887
1.85848
1.85792
1.85721
1.85645
1.85585
1.85566
1.85569
1.8559
1.85643
1.85743
1.85854
1.85967
1.8606
1.86112
1.86122
1.86115
1.86084
1.86072
1.86078
1.86097
1.86147
1.86249
1.86449
1.8673
1.8705
1.87405
1.87802
1.88175
1.88513
1.88832
1.89107
1.89334
1.89541
1.89731
1.89866
1.89995
1.90141
1.90222
1.90312
1.90376
1.90407
1.90458
1.90489
1.90493
1.90483
1.90429
1.90374
1.90249
1.90154
1.89931
1.89758
1.89355
1.89079
1.88471
1.88066
1.87256
1.86751
1.8589
1.8542
1.84652
1.84287
1.83573
1.83182
1.82323
1.81706
1.79531
2.25319
2.1687
2.09855
2.03479
1.97681
1.92434
1.87894
1.83873
1.80648
1.78422
1.7711
1.77019
1.77152
1.77482
1.77767
1.78358
1.78343
1.78347
1.78302
1.78173
1.77935
1.77698
1.775
1.77332
1.77178
1.77026
1.76871
1.76719
1.7657
1.7642
1.7627
1.76125
1.75991
1.75874
1.75784
1.75737
1.75729
1.75736
1.75764
1.75832
1.75955
1.7609
1.76221
1.76333
1.76407
1.7644
1.76447
1.76452
1.7646
1.76478
1.76511
1.76568
1.76678
1.76872
1.77162
1.77546
1.78
1.78494
1.79005
1.79505
1.79962
1.80365
1.80725
1.81048
1.81301
1.81536
1.81757
1.81983
1.82213
1.82491
1.82745
1.83047
1.83387
1.83643
1.83801
1.84062
1.84313
1.84458
1.84563
1.84604
1.84617
1.84609
1.84562
1.84448
1.84316
1.84014
1.83784
1.83267
1.82924
1.82184
1.81734
1.80865
1.80429
1.79605
1.79188
1.78339
1.77832
1.76708
1.7592
1.7331
2.25511
2.16974
2.09621
2.03038
1.97136
1.91777
1.87019
1.82825
1.79276
1.7618
1.73806
1.71955
1.70949
1.70473
1.70507
1.70629
1.70878
1.7105
1.71189
1.71257
1.71216
1.71079
1.70788
1.70437
1.70095
1.69766
1.69455
1.69169
1.68906
1.68655
1.68418
1.68207
1.68033
1.67897
1.67803
1.67761
1.67759
1.67772
1.67817
1.67916
1.68056
1.68204
1.68344
1.68452
1.68521
1.68561
1.68591
1.68613
1.68642
1.68679
1.68729
1.68818
1.68984
1.69251
1.6962
1.70073
1.70582
1.71117
1.71656
1.72183
1.72672
1.73111
1.73504
1.73882
1.74231
1.74582
1.74925
1.75336
1.75719
1.76121
1.76562
1.77046
1.77432
1.77806
1.78207
1.78523
1.78776
1.79037
1.79235
1.7934
1.79408
1.79424
1.79418
1.79378
1.79289
1.79072
1.78879
1.78445
1.78152
1.77526
1.77163
1.76419
1.76029
1.75247
1.74822
1.73936
1.7337
1.72116
1.71248
1.68431
2.26138
2.17628
2.10074
2.034
1.97464
1.9208
1.87262
1.8292
1.79103
1.75631
1.72728
1.70201
1.68223
1.66857
1.66106
1.65736
1.65757
1.65838
1.65957
1.66112
1.66141
1.66104
1.65983
1.65718
1.65305
1.64835
1.64346
1.63873
1.63443
1.63061
1.62714
1.62406
1.62152
1.61961
1.61838
1.61785
1.61781
1.61797
1.61856
1.6198
1.62131
1.62275
1.62396
1.62472
1.62499
1.62498
1.62484
1.62455
1.62455
1.62466
1.62499
1.62588
1.62772
1.63097
1.63511
1.63981
1.64476
1.64963
1.65424
1.65846
1.66225
1.66568
1.66885
1.67203
1.67509
1.67847
1.68214
1.68674
1.69138
1.69652
1.70183
1.70758
1.71291
1.71763
1.72204
1.72624
1.73072
1.73347
1.73593
1.73818
1.7398
1.74095
1.7417
1.74194
1.7419
1.74156
1.74047
1.73807
1.73583
1.7313
1.72835
1.72248
1.71894
1.71174
1.70705
1.69703
1.6901
1.67462
1.66417
1.63142
2.25974
2.18575
2.11232
2.04365
1.98298
1.92836
1.87958
1.83516
1.79533
1.75986
1.72817
1.70136
1.67805
1.6583
1.64229
1.63101
1.6239
1.6206
1.6197
1.6199
1.62046
1.62051
1.62016
1.61898
1.61635
1.61224
1.60757
1.60276
1.59811
1.59386
1.59019
1.58711
1.5846
1.58269
1.58141
1.58065
1.58022
1.57994
1.57975
1.57956
1.57926
1.57871
1.57774
1.57628
1.57454
1.57278
1.57125
1.57032
1.57014
1.57026
1.57078
1.57213
1.57488
1.57853
1.58263
1.5869
1.59114
1.59509
1.59867
1.6019
1.60487
1.60753
1.61011
1.61291
1.61611
1.61981
1.62404
1.62904
1.63416
1.63941
1.64465
1.65027
1.65529
1.65961
1.66391
1.66782
1.67198
1.67519
1.67845
1.68112
1.68399
1.68648
1.6887
1.69051
1.6921
1.69313
1.69372
1.6939
1.69367
1.6928
1.69111
1.6876
1.68438
1.6776
1.67227
1.66058
1.65214
1.63329
1.62123
1.5838
2.25576
2.19083
2.12489
2.06035
2.00031
1.94453
1.89412
1.84848
1.80678
1.76932
1.73566
1.70585
1.67974
1.65684
1.63705
1.62024
1.60692
1.59749
1.59158
1.58809
1.58623
1.58486
1.58365
1.58231
1.58033
1.57742
1.5738
1.56979
1.56561
1.56148
1.55768
1.55447
1.55193
1.55006
1.5488
1.54806
1.54763
1.54731
1.54695
1.54641
1.5455
1.54408
1.54203
1.53945
1.53664
1.5339
1.53151
1.52988
1.52932
1.52936
1.52972
1.5308
1.53307
1.53611
1.5393
1.54246
1.54545
1.54814
1.5505
1.55262
1.55462
1.55656
1.55872
1.56143
1.56475
1.56865
1.57293
1.57803
1.58311
1.58836
1.59358
1.59919
1.60412
1.60854
1.61287
1.617
1.62134
1.62515
1.62889
1.63251
1.63629
1.6401
1.64417
1.64806
1.65192
1.65531
1.65843
1.66068
1.66239
1.66287
1.66259
1.6611
1.65774
1.65003
1.64322
1.62804
1.61744
1.5942
1.58004
1.53587
2.24394
2.18969
2.13063
2.07188
2.01568
1.96265
1.91357
1.86803
1.82677
1.7885
1.75394
1.72188
1.6932
1.66728
1.64468
1.625
1.60807
1.5939
1.58196
1.57244
1.56563
1.5607
1.55687
1.55378
1.55133
1.54875
1.54584
1.54272
1.5394
1.53593
1.53251
1.52939
1.52675
1.52472
1.52326
1.52229
1.52164
1.52109
1.52042
1.51948
1.51816
1.51634
1.51394
1.51107
1.50804
1.50513
1.50257
1.50071
1.49991
1.49987
1.50006
1.50072
1.50212
1.50396
1.50588
1.50767
1.50941
1.5109
1.51226
1.51346
1.51485
1.51626
1.51809
1.52048
1.52367
1.52726
1.53127
1.53608
1.54108
1.546
1.55099
1.55623
1.56112
1.5653
1.56982
1.57457
1.57996
1.58546
1.59147
1.59795
1.6052
1.61269
1.62085
1.62882
1.63677
1.64378
1.65025
1.65512
1.65888
1.66006
1.65978
1.65791
1.65314
1.64198
1.63241
1.61179
1.59835
1.56948
1.55363
1.49947
2.23782
2.18689
2.13417
2.08081
2.02839
1.97848
1.93133
1.88739
1.84674
1.8091
1.77459
1.74265
1.71363
1.68667
1.66254
1.64016
1.62021
1.60213
1.58607
1.57213
1.55963
1.54941
1.54141
1.53486
1.52979
1.52583
1.52233
1.51926
1.51641
1.51367
1.51119
1.50893
1.50689
1.50506
1.50348
1.5021
1.50097
1.49995
1.49876
1.49718
1.49506
1.49242
1.48933
1.48593
1.48249
1.47932
1.47662
1.47461
1.47355
1.47336
1.47346
1.47384
1.47464
1.47566
1.47659
1.47741
1.47818
1.47885
1.47944
1.48011
1.48104
1.48236
1.48424
1.48685
1.49018
1.49404
1.49816
1.50293
1.50767
1.51286
1.51813
1.5235
1.52947
1.53553
1.54299
1.55146
1.56145
1.57255
1.58496
1.59804
1.61233
1.62631
1.64065
1.65406
1.66696
1.67721
1.68537
1.69029
1.69205
1.69114
1.688
1.6804
1.67144
1.65344
1.64098
1.61434
1.5986
1.56358
1.54791
1.48328
2.223
2.17938
2.13387
2.08533
2.03697
1.99022
1.94578
1.90383
1.86458
1.82796
1.79392
1.76222
1.733
1.7058
1.68049
1.6571
1.6353
1.61501
1.59624
1.57897
1.56308
1.54905
1.53649
1.52609
1.51765
1.51096
1.50597
1.50215
1.4992
1.49697
1.49543
1.49437
1.49337
1.49218
1.49077
1.48929
1.48766
1.48571
1.48333
1.48047
1.47711
1.4733
1.46926
1.46522
1.46141
1.45803
1.45522
1.4531
1.45181
1.45138
1.45139
1.45154
1.45192
1.4524
1.45268
1.45293
1.45309
1.45332
1.45356
1.45395
1.45472
1.45603
1.45793
1.4606
1.46403
1.4681
1.47253
1.47824
1.484
1.49055
1.4985
1.50817
1.52017
1.53384
1.55057
1.56873
1.58996
1.61291
1.63823
1.66154
1.68471
1.70478
1.72171
1.73352
1.74125
1.74524
1.74563
1.74342
1.73848
1.72912
1.72152
1.70544
1.6953
1.67186
1.65874
1.62967
1.61385
1.57712
1.56266
1.49231
2.2139
2.17503
2.13184
2.08831
2.04311
1.99855
1.95577
1.91529
1.87757
1.84226
1.80926
1.77862
1.74962
1.72279
1.69728
1.67324
1.65054
1.62886
1.60823
1.58868
1.57038
1.55333
1.53796
1.5244
1.51268
1.50307
1.49544
1.48976
1.48583
1.48316
1.48152
1.48078
1.48036
1.47995
1.47924
1.47814
1.47635
1.47376
1.47046
1.46651
1.46209
1.45732
1.4525
1.44784
1.44369
1.44013
1.43732
1.43522
1.43391
1.43326
1.43307
1.43302
1.43297
1.43278
1.43239
1.43168
1.43101
1.43075
1.4308
1.43094
1.43154
1.43266
1.4347
1.43775
1.44208
1.44745
1.45399
1.4626
1.47388
1.48845
1.50776
1.53019
1.55691
1.58798
1.62325
1.65832
1.69132
1.71661
1.73425
1.74546
1.75163
1.75182
1.75041
1.74606
1.74088
1.73048
1.72491
1.70977
1.7028
1.68438
1.67646
1.65504
1.64526
1.62053
1.60883
1.58242
1.56922
1.5414
1.52822
1.47764
2.19337
2.16197
2.12611
2.08654
2.04584
2.0042
1.96362
1.92457
1.88776
1.85321
1.82099
1.79088
1.76267
1.73613
1.7109
1.68693
1.66383
1.64166
1.62014
1.5995
1.57975
1.56116
1.54384
1.52803
1.51393
1.50164
1.49134
1.48312
1.47701
1.47276
1.47021
1.46876
1.46814
1.46791
1.46747
1.46656
1.46487
1.46237
1.45906
1.45499
1.4503
1.44532
1.44029
1.43553
1.43126
1.42765
1.42481
1.42276
1.4213
1.42034
1.41962
1.41889
1.41795
1.41676
1.41541
1.41402
1.41265
1.41181
1.41181
1.41209
1.4129
1.41492
1.41869
1.42413
1.43169
1.44305
1.45856
1.48153
1.50866
1.54341
1.58407
1.62932
1.67473
1.70437
1.72439
1.73339
1.7362
1.73494
1.73221
1.72683
1.72188
1.71284
1.70735
1.69439
1.68838
1.67279
1.66564
1.64747
1.63959
1.61963
1.61103
1.58932
1.57947
1.55606
1.54516
1.52076
1.50905
1.48523
1.47316
1.43878
2.18138
2.15195
2.11932
2.08268
2.04422
2.00578
1.96716
1.92986
1.89443
1.86104
1.82979
1.80053
1.77301
1.74703
1.72225
1.69825
1.67516
1.6526
1.63081
1.60971
1.58943
1.57009
1.55171
1.53461
1.51876
1.50458
1.4922
1.48167
1.47318
1.4667
1.46193
1.45875
1.45666
1.45527
1.45425
1.45318
1.45168
1.4495
1.4465
1.44275
1.4384
1.43373
1.42897
1.42444
1.42032
1.41677
1.41391
1.41164
1.40987
1.40835
1.4069
1.40537
1.40369
1.40186
1.39985
1.39805
1.39625
1.39553
1.39584
1.39744
1.4005
1.40596
1.41507
1.42888
1.45274
1.48296
1.52231
1.57056
1.62535
1.67376
1.70058
1.71449
1.71856
1.71775
1.71519
1.71005
1.70534
1.69667
1.69055
1.67899
1.67268
1.65902
1.65226
1.63745
1.62946
1.61303
1.60418
1.58632
1.57686
1.55799
1.5482
1.52864
1.51828
1.49765
1.48703
1.46599
1.45543
1.43426
1.42454
1.39829
2.15861
2.1309
2.10307
2.07494
2.04081
2.00446
1.96882
1.9332
1.89896
1.86657
1.83611
1.80763
1.78085
1.75537
1.73113
1.70762
1.68482
1.6626
1.64088
1.61968
1.59912
1.57917
1.56018
1.54208
1.52531
1.50985
1.49599
1.48382
1.47341
1.46473
1.45776
1.45237
1.44828
1.44519
1.44278
1.4407
1.43863
1.43626
1.43348
1.43019
1.42645
1.42241
1.41827
1.41429
1.41058
1.4073
1.40442
1.40196
1.39981
1.39778
1.39574
1.3935
1.3913
1.3888
1.38671
1.38472
1.38404
1.38519
1.3884
1.39414
1.40471
1.42524
1.45614
1.49544
1.54788
1.60837
1.66086
1.68843
1.69836
1.6998
1.69892
1.69499
1.69052
1.68267
1.67601
1.66571
1.65876
1.64676
1.6398
1.6267
1.61811
1.60533
1.59555
1.58124
1.57133
1.55538
1.54579
1.52814
1.5191
1.50078
1.49197
1.47367
1.46477
1.44628
1.43715
1.41861
1.40942
1.39061
1.3823
1.36166
2.14351
2.12143
2.09158
2.0604
2.0315
2.00056
1.96709
1.93405
1.9014
1.87008
1.84045
1.81247
1.78625
1.76142
1.73769
1.71495
1.69271
1.67101
1.64969
1.62872
1.60811
1.58814
1.56867
1.55026
1.53271
1.51649
1.50152
1.48808
1.47607
1.4657
1.45677
1.44923
1.443
1.43787
1.43359
1.42995
1.42667
1.42353
1.42037
1.4171
1.41371
1.41022
1.40671
1.40329
1.40009
1.39714
1.3944
1.39183
1.38931
1.38682
1.38416
1.38159
1.37886
1.37666
1.37551
1.37648
1.37961
1.3863
1.39927
1.4271
1.46428
1.51633
1.58151
1.6405
1.67578
1.6835
1.68464
1.68326
1.67895
1.67265
1.6654
1.65617
1.64829
1.63772
1.62979
1.61812
1.60944
1.59721
1.58727
1.57458
1.56435
1.55036
1.5404
1.52534
1.51533
1.49923
1.49003
1.47307
1.46456
1.44752
1.43948
1.42314
1.41521
1.39889
1.39088
1.37461
1.36658
1.3501
1.34289
1.32673
2.11019
2.09906
2.0775
2.0504
2.02239
1.99306
1.96304
1.93081
1.9009
1.87112
1.84271
1.8158
1.79039
1.76631
1.74315
1.72089
1.69918
1.67791
1.65695
1.63634
1.61606
1.59625
1.57698
1.55834
1.54058
1.52369
1.508
1.49346
1.48029
1.46843
1.45791
1.44873
1.44059
1.43352
1.42734
1.42189
1.41703
1.41266
1.40858
1.40478
1.40117
1.39776
1.39459
1.39162
1.38885
1.38628
1.38378
1.38135
1.37876
1.37629
1.37359
1.37164
1.37053
1.37155
1.37481
1.38313
1.39997
1.43384
1.47971
1.54391
1.61317
1.66236
1.6737
1.67467
1.67292
1.66759
1.66094
1.65216
1.64279
1.63283
1.62376
1.61336
1.60361
1.5925
1.58206
1.56996
1.559
1.54624
1.53563
1.52195
1.51134
1.49727
1.48699
1.47214
1.46269
1.44704
1.43874
1.42292
1.41523
1.4
1.39278
1.37819
1.37116
1.35669
1.34963
1.33513
1.328
1.31338
1.30705
1.29426
2.08728
2.0767
2.05746
2.03221
2.00668
1.98142
1.95706
1.92884
1.89912
1.87082
1.84362
1.81746
1.79266
1.76917
1.74675
1.72511
1.70405
1.68343
1.66309
1.64296
1.62312
1.60347
1.58429
1.56555
1.54751
1.5303
1.51405
1.49893
1.48494
1.47211
1.46049
1.44985
1.44037
1.43172
1.42382
1.41668
1.41015
1.4042
1.3988
1.39394
1.38961
1.38576
1.38238
1.37944
1.37681
1.37445
1.37219
1.37006
1.36805
1.36633
1.36649
1.36772
1.37161
1.38106
1.40299
1.44201
1.49575
1.57432
1.63809
1.67172
1.67096
1.66899
1.66412
1.65603
1.64635
1.63528
1.62485
1.614
1.60329
1.5922
1.58097
1.56916
1.55774
1.54563
1.53405
1.52119
1.50993
1.49674
1.48573
1.47236
1.46185
1.44791
1.43832
1.4239
1.41549
1.40076
1.3935
1.37912
1.37218
1.35858
1.35212
1.3389
1.33263
1.31948
1.31315
1.29992
1.2935
1.28077
1.27415
1.26445
2.03995
2.0544
2.04551
2.02619
1.99974
1.97413
1.94782
1.92402
1.89697
1.86955
1.84299
1.81768
1.79324
1.77017
1.74828
1.7274
1.70718
1.68741
1.66793
1.64848
1.62912
1.60979
1.59066
1.57191
1.55368
1.53621
1.51962
1.504
1.48948
1.47599
1.4635
1.45206
1.44138
1.43157
1.42246
1.41389
1.40589
1.39849
1.39166
1.38546
1.37993
1.37518
1.37108
1.36769
1.3648
1.36241
1.36071
1.35981
1.36049
1.36249
1.36812
1.37861
1.40485
1.45077
1.51053
1.59774
1.65796
1.673
1.67151
1.66648
1.65802
1.64784
1.6362
1.62342
1.61133
1.59902
1.58691
1.57427
1.56182
1.5491
1.53682
1.52421
1.51226
1.49937
1.48783
1.47498
1.46383
1.45088
1.44047
1.42715
1.41769
1.40418
1.39587
1.38232
1.3747
1.36181
1.3548
1.34242
1.33575
1.32382
1.31744
1.30571
1.29959
1.28796
1.28164
1.27056
1.2635
1.25374
1.24662
1.23895
1.99949
2.02583
2.02388
2.0136
1.99265
1.9676
1.94146
1.91536
1.88984
1.8645
1.83953
1.81535
1.79233
1.77004
1.74862
1.72836
1.70878
1.68974
1.67096
1.65224
1.63345
1.61459
1.59576
1.57711
1.55892
1.54131
1.52455
1.50865
1.49373
1.47973
1.46672
1.4545
1.44316
1.43241
1.42232
1.41274
1.40366
1.39502
1.38694
1.3795
1.37275
1.36677
1.36163
1.35735
1.35422
1.35249
1.35322
1.35589
1.36169
1.37422
1.40292
1.45415
1.51929
1.61096
1.67134
1.67513
1.67368
1.66623
1.65611
1.64381
1.63049
1.61698
1.60333
1.58955
1.57568
1.5616
1.54809
1.5343
1.5211
1.50776
1.49526
1.48241
1.47051
1.45781
1.4467
1.43395
1.42361
1.41077
1.4012
1.3884
1.37976
1.36739
1.35946
1.34747
1.34025
1.329
1.32216
1.31137
1.30481
1.29409
1.28776
1.27737
1.27106
1.26122
1.25441
1.2457
1.23829
1.23042
1.2239
1.21746
1.91146
1.98713
1.99967
1.99218
1.97631
1.95166
1.92655
1.90469
1.88277
1.85882
1.83464
1.81069
1.78757
1.76733
1.74786
1.72836
1.70944
1.69086
1.67256
1.6543
1.63599
1.61757
1.59918
1.58088
1.56295
1.54548
1.52866
1.51266
1.49744
1.48318
1.46967
1.45706
1.44506
1.43377
1.42291
1.41259
1.40266
1.39319
1.38418
1.3757
1.36792
1.36098
1.35488
1.35046
1.34982
1.35126
1.35602
1.36911
1.39872
1.45178
1.51991
1.61504
1.6779
1.67922
1.67728
1.66784
1.65676
1.64338
1.62878
1.61461
1.5996
1.5843
1.56916
1.55399
1.53906
1.52477
1.51082
1.49691
1.48364
1.47066
1.45832
1.44572
1.43415
1.42183
1.41116
1.39879
1.38909
1.37679
1.36799
1.35594
1.34819
1.33663
1.32926
1.31853
1.31157
1.30147
1.29493
1.28498
1.27854
1.26882
1.26249
1.2533
1.24703
1.23865
1.23197
1.22464
1.21801
1.211
1.20542
1.19981
1.72585
1.90681
1.95566
1.97006
1.96216
1.94483
1.91855
1.89268
1.87029
1.85103
1.83051
1.80857
1.78643
1.76453
1.74413
1.72656
1.70879
1.69082
1.67283
1.65494
1.63717
1.61927
1.6014
1.58354
1.56596
1.54871
1.53201
1.51593
1.50065
1.48612
1.4724
1.45943
1.44708
1.43531
1.42401
1.41308
1.40258
1.39243
1.3828
1.3736
1.36534
1.35817
1.35272
1.35401
1.35885
1.36756
1.39431
1.4478
1.51746
1.61513
1.68184
1.68484
1.68264
1.67178
1.65911
1.64437
1.62895
1.61344
1.59726
1.58066
1.56438
1.54839
1.53278
1.51768
1.50322
1.48921
1.4755
1.46222
1.44943
1.43697
1.42492
1.41292
1.40181
1.38984
1.37971
1.36779
1.35885
1.34711
1.33905
1.32798
1.32052
1.31003
1.30298
1.29309
1.28645
1.27712
1.27074
1.26159
1.25525
1.24652
1.24048
1.23236
1.22659
1.21927
1.21352
1.20681
1.20145
1.19503
1.19044
1.18562
1.44566
1.78734
1.9094
1.93262
1.93675
1.92964
1.91301
1.88856
1.86502
1.84226
1.82222
1.8042
1.7844
1.76365
1.74331
1.72335
1.70494
1.68878
1.67193
1.65468
1.63727
1.62003
1.60279
1.5855
1.56834
1.55135
1.53481
1.51873
1.50339
1.48874
1.47485
1.46163
1.44903
1.43692
1.42526
1.41399
1.40305
1.39255
1.3827
1.37332
1.36648
1.36369
1.36582
1.37272
1.39719
1.44507
1.5151
1.6163
1.68807
1.69444
1.69121
1.67879
1.6645
1.64768
1.63008
1.61255
1.59534
1.57747
1.56017
1.54344
1.5272
1.51155
1.49673
1.48234
1.4686
1.45519
1.44212
1.42933
1.41707
1.405
1.39348
1.38177
1.371
1.3595
1.34979
1.33864
1.33
1.31924
1.31139
1.30128
1.29387
1.28428
1.2773
1.26814
1.26164
1.25299
1.24662
1.23842
1.23217
1.22477
1.2189
1.21229
1.20706
1.20083
1.19622
1.19015
1.18602
1.18063
1.17673
1.17321
1.23275
1.5358
1.81295
1.89476
1.91224
1.90957
1.90059
1.88228
1.86065
1.83902
1.81764
1.79688
1.77863
1.76061
1.74141
1.72204
1.70333
1.68471
1.66806
1.65277
1.63663
1.62
1.60333
1.58664
1.56996
1.55335
1.53707
1.52114
1.50585
1.49111
1.47711
1.46368
1.45085
1.43849
1.42662
1.41511
1.40405
1.39378
1.38507
1.37802
1.38017
1.38706
1.40159
1.44426
1.51371
1.6187
1.69727
1.7117
1.70623
1.69127
1.67602
1.65598
1.63553
1.61605
1.59645
1.5776
1.55928
1.54148
1.52462
1.508
1.49258
1.47764
1.46351
1.44967
1.43652
1.42339
1.41085
1.3984
1.38661
1.37479
1.3636
1.35224
1.34177
1.33087
1.32146
1.31103
1.30237
1.29255
1.28448
1.27523
1.26752
1.25855
1.25136
1.24278
1.23608
1.22815
1.22151
1.21448
1.20789
1.20214
1.19586
1.19103
1.1857
1.1808
1.17659
1.17175
1.16807
1.16417
1.16063
1.15871
1.10989
1.29531
1.59827
1.81631
1.87849
1.88891
1.88387
1.87115
1.85136
1.83255
1.81365
1.79378
1.77329
1.75372
1.73576
1.71834
1.70077
1.68326
1.66612
1.64938
1.63424
1.61917
1.6032
1.58695
1.57068
1.55446
1.53853
1.52288
1.50777
1.49309
1.47908
1.46551
1.45257
1.44006
1.42812
1.41702
1.40658
1.39865
1.3988
1.40195
1.41269
1.44878
1.51499
1.61873
1.70798
1.7362
1.72645
1.71047
1.69426
1.67138
1.64902
1.6266
1.60548
1.58476
1.56534
1.54659
1.52848
1.51091
1.49428
1.4783
1.46314
1.44845
1.43445
1.42078
1.40778
1.3948
1.38256
1.37037
1.35889
1.34724
1.33637
1.32524
1.31514
1.30481
1.29552
1.28572
1.2771
1.26791
1.2597
1.25088
1.24293
1.23437
1.22704
1.21903
1.21214
1.20486
1.19805
1.19178
1.18502
1.18014
1.17367
1.16972
1.1642
1.16039
1.15578
1.15243
1.14842
1.14574
1.14239
1.14139
1.05094
1.13231
1.32979
1.63647
1.80821
1.85469
1.86494
1.85868
1.84439
1.82301
1.80501
1.78832
1.77004
1.75009
1.73024
1.71196
1.69542
1.67982
1.66409
1.64823
1.63231
1.61682
1.60194
1.58651
1.57061
1.55474
1.53912
1.52379
1.50893
1.49444
1.48055
1.46705
1.45426
1.44204
1.43067
1.42234
1.41761
1.42024
1.43084
1.45761
1.51571
1.61406
1.71916
1.76431
1.75146
1.73651
1.71799
1.69298
1.66879
1.64471
1.62132
1.59883
1.57788
1.55755
1.53852
1.51975
1.50202
1.48457
1.46834
1.45238
1.4374
1.42268
1.40874
1.39498
1.38213
1.36933
1.35749
1.34536
1.33411
1.32251
1.31187
1.30106
1.2913
1.28133
1.27215
1.2628
1.25415
1.24534
1.23704
1.22858
1.22067
1.21274
1.20555
1.19818
1.19147
1.1846
1.17816
1.1719
1.16596
1.16071
1.15501
1.15094
1.14555
1.14217
1.13733
1.13465
1.13049
1.12832
1.12498
1.12409
1.02386
1.05971
1.15049
1.36892
1.66325
1.79638
1.82627
1.83914
1.8329
1.81922
1.79831
1.7792
1.76299
1.74599
1.72745
1.70843
1.6907
1.67494
1.66025
1.64576
1.63058
1.61521
1.5996
1.58439
1.56953
1.55434
1.53904
1.52405
1.50943
1.49525
1.48165
1.46854
1.45668
1.44683
1.43938
1.44163
1.45081
1.46934
1.51916
1.60946
1.72808
1.79194
1.78175
1.7662
1.74592
1.71993
1.69346
1.66792
1.64262
1.61864
1.59595
1.57395
1.55351
1.53354
1.51464
1.49623
1.479
1.46197
1.44611
1.43025
1.41565
1.40069
1.38686
1.37263
1.35954
1.34623
1.33426
1.32186
1.31083
1.29938
1.2892
1.2787
1.26921
1.25943
1.25035
1.24122
1.23263
1.22406
1.216
1.20797
1.20055
1.19326
1.18639
1.17968
1.17314
1.1668
1.16064
1.15478
1.14924
1.14425
1.13889
1.13516
1.13006
1.12684
1.12248
1.11997
1.11601
1.11403
1.11076
1.10958
1.01149
1.02696
1.06891
1.17357
1.4104
1.68208
1.78407
1.80378
1.81479
1.80927
1.79582
1.7751
1.75522
1.73855
1.7228
1.70597
1.68846
1.67167
1.65616
1.64188
1.62767
1.61298
1.59785
1.58258
1.56739
1.55267
1.5383
1.52389
1.50982
1.49616
1.48368
1.47235
1.4638
1.46505
1.47027
1.48616
1.52626
1.60902
1.73273
1.81482
1.81279
1.79941
1.77809
1.75025
1.72182
1.6944
1.66796
1.64261
1.61835
1.59522
1.57318
1.55225
1.53249
1.51278
1.49469
1.47662
1.46007
1.44321
1.42769
1.41166
1.39698
1.38193
1.36843
1.35395
1.34107
1.32734
1.31528
1.3025
1.29127
1.27947
1.269
1.25823
1.24846
1.23859
1.22949
1.22054
1.21223
1.20401
1.19645
1.18888
1.18196
1.17498
1.16846
1.16195
1.15556
1.14964
1.14354
1.13825
1.13284
1.1284
1.12328
1.12005
1.11533
1.11259
1.10874
1.10661
1.10312
1.10138
1.09843
1.09728
1.00548
1.01181
1.03236
1.07516
1.1991
1.44039
1.68697
1.76797
1.7851
1.78929
1.78534
1.77364
1.75365
1.73314
1.71595
1.70098
1.68583
1.66986
1.654
1.63861
1.62426
1.61016
1.59575
1.58111
1.5662
1.55162
1.53741
1.52392
1.51112
1.49898
1.49013
1.48848
1.49126
1.50551
1.54083
1.60677
1.72378
1.82804
1.85197
1.83241
1.81066
1.78328
1.75234
1.72385
1.69584
1.66932
1.64405
1.61957
1.59644
1.57433
1.55344
1.53317
1.51384
1.49496
1.47737
1.45962
1.44329
1.42633
1.41109
1.39513
1.38107
1.36593
1.35266
1.33828
1.32559
1.31161
1.2994
1.28631
1.27494
1.26296
1.25239
1.24148
1.23158
1.2216
1.21256
1.20345
1.19524
1.18682
1.17931
1.17161
1.16473
1.15767
1.1512
1.14466
1.13841
1.13259
1.12679
1.12163
1.11659
1.11231
1.10748
1.10446
1.10008
1.0975
1.09412
1.09218
1.08911
1.08776
1.08505
1.08461
1.00252
1.00526
1.01463
1.03309
1.08657
1.22188
1.45904
1.6817
1.75067
1.76668
1.76587
1.76217
1.75221
1.733
1.71282
1.69537
1.68089
1.66688
1.65201
1.63695
1.6217
1.60739
1.59329
1.57961
1.56542
1.55172
1.5383
1.52603
1.51694
1.5125
1.51508
1.52917
1.55609
1.61322
1.71685
1.83781
1.88856
1.86685
1.84672
1.8193
1.78519
1.75461
1.72556
1.69782
1.67147
1.64611
1.62191
1.59871
1.57694
1.55586
1.53584
1.51624
1.49773
1.47923
1.46196
1.44438
1.42826
1.41148
1.39641
1.38028
1.36599
1.35073
1.33731
1.32278
1.31024
1.29662
1.28481
1.27215
1.26108
1.24932
1.23887
1.22786
1.21803
1.20797
1.199
1.1899
1.18165
1.17333
1.16572
1.15796
1.15098
1.14371
1.13707
1.13049
1.12405
1.11816
1.11239
1.10711
1.10204
1.09776
1.09302
1.08977
1.08563
1.08298
1.07962
1.07773
1.07473
1.07343
1.07073
1.07037
1.00106
1.00242
1.00639
1.01438
1.0379
1.09057
1.23805
1.47112
1.67176
1.73309
1.74714
1.74532
1.7406
1.73119
1.71304
1.6936
1.67653
1.66229
1.64913
1.63489
1.62048
1.60568
1.59164
1.57818
1.56574
1.55349
1.54373
1.53818
1.54019
1.55194
1.57479
1.62819
1.71173
1.84202
1.92329
1.90554
1.88444
1.85661
1.82006
1.78815
1.75699
1.7276
1.69978
1.67367
1.64878
1.62491
1.60213
1.58037
1.55957
1.53941
1.52012
1.50116
1.48298
1.46486
1.44778
1.43046
1.41442
1.39774
1.38264
1.36666
1.35259
1.33743
1.32413
1.3098
1.29718
1.28379
1.27196
1.25944
1.24836
1.23674
1.2265
1.21584
1.20642
1.1967
1.18793
1.179
1.17072
1.16234
1.15457
1.14667
1.13934
1.13211
1.12496
1.11852
1.1118
1.106
1.1
1.09502
1.0896
1.08552
1.08077
1.07738
1.07322
1.07062
1.06687
1.06498
1.06173
1.06021
1.05733
1.05641
1.00041
1.00117
1.00248
1.00676
1.01524
1.03945
1.09519
1.24682
1.47316
1.65926
1.7151
1.7279
1.72557
1.7205
1.71091
1.69387
1.67547
1.65891
1.64494
1.63234
1.61896
1.60532
1.59232
1.57971
1.57003
1.56467
1.56637
1.57633
1.59661
1.64354
1.71583
1.8472
1.94646
1.94318
1.9212
1.89759
1.85613
1.82316
1.79044
1.75886
1.72988
1.70254
1.67669
1.65233
1.62891
1.60667
1.58503
1.56419
1.54395
1.52444
1.50555
1.48696
1.46901
1.45124
1.43436
1.41731
1.40144
1.38501
1.37003
1.35435
1.34035
1.32554
1.31242
1.29854
1.28621
1.2732
1.26167
1.24957
1.23875
1.22749
1.21732
1.20688
1.19742
1.18773
1.17884
1.16975
1.16132
1.15281
1.14479
1.13696
1.12923
1.12213
1.11478
1.10833
1.10166
1.09588
1.08985
1.08501
1.07945
1.07548
1.07051
1.06716
1.06279
1.06014
1.05618
1.05418
1.05079
1.04896
1.04619
1.04508
1.00019
1.00047
1.00111
1.00281
1.0064
1.01677
1.03863
1.09944
1.24814
1.46791
1.64486
1.69724
1.70891
1.70638
1.70112
1.69167
1.67566
1.65861
1.64325
1.62986
1.61839
1.6067
1.59653
1.59072
1.59217
1.60111
1.62072
1.66438
1.72964
1.84418
1.95153
1.98397
1.96343
1.93837
1.89335
1.85948
1.82452
1.79136
1.76154
1.73311
1.70636
1.68096
1.65704
1.63411
1.61211
1.59073
1.56998
1.54966
1.53009
1.51088
1.49218
1.47379
1.45611
1.43862
1.42194
1.40522
1.38945
1.37338
1.35869
1.34352
1.32988
1.31558
1.30285
1.28943
1.27746
1.26485
1.25355
1.24174
1.23115
1.22008
1.21011
1.19974
1.19034
1.1806
1.17165
1.16245
1.15385
1.14524
1.13686
1.12906
1.12087
1.11384
1.10629
1.09976
1.09313
1.08734
1.08124
1.07647
1.07082
1.06674
1.06169
1.05822
1.0535
1.05076
1.0464
1.04409
1.04037
1.03815
1.03523
1.03364
1.00008
1.00018
1.0005
1.00104
1.00299
1.00614
1.01728
1.03807
1.1001
1.2453
1.45715
1.62869
1.67928
1.69003
1.68786
1.68264
1.67392
1.65922
1.6442
1.63101
1.6214
1.61709
1.61861
1.62652
1.64658
1.68759
1.74784
1.85555
1.95618
2.02592
2.00702
1.9741
1.93473
1.89929
1.86028
1.82434
1.79361
1.76511
1.73745
1.71149
1.68678
1.66317
1.64062
1.61873
1.5976
1.57685
1.55656
1.53675
1.51732
1.49823
1.4797
1.46164
1.4443
1.42722
1.41092
1.39458
1.37925
1.36377
1.34955
1.33491
1.32169
1.30786
1.2955
1.28242
1.2707
1.25835
1.2472
1.23558
1.22498
1.21407
1.20406
1.19372
1.18416
1.17434
1.16519
1.15591
1.14708
1.13853
1.12997
1.12221
1.11412
1.10699
1.09967
1.09318
1.08647
1.08085
1.0745
1.06965
1.06376
1.05947
1.05406
1.05047
1.04542
1.04249
1.03795
1.03544
1.03164
1.02903
1.02605
1.02434
1.00003
1.00009
1.00017
1.0005
1.00103
1.00289
1.0062
1.01657
1.03791
1.09724
1.23855
1.44082
1.61093
1.66184
1.67126
1.67009
1.66659
1.66069
1.64837
1.64073
1.64221
1.65132
1.67444
1.71082
1.77618
1.868
1.96296
2.06013
2.0418
2.01003
1.97963
1.93845
1.8956
1.85832
1.82702
1.79791
1.77015
1.74364
1.71835
1.69429
1.67107
1.64874
1.62688
1.60562
1.58466
1.56421
1.54424
1.5247
1.50563
1.487
1.46896
1.45137
1.43445
1.41781
1.40196
1.38616
1.37137
1.35636
1.34254
1.32826
1.31534
1.30181
1.28965
1.27685
1.26526
1.25312
1.24201
1.23045
1.21978
1.20872
1.19852
1.18801
1.17826
1.16829
1.15896
1.14965
1.14066
1.13215
1.12351
1.11581
1.10776
1.10073
1.09349
1.08711
1.0804
1.07482
1.06837
1.06342
1.05739
1.05297
1.04737
1.04364
1.03842
1.03533
1.03059
1.0279
1.02391
1.02104
1.01785
1.01603
1.00001
1.00003
1.00008
1.00017
1.00047
1.00104
1.00266
1.00624
1.01535
1.03719
1.09195
1.22774
1.41947
1.59276
1.646
1.65261
1.65902
1.66053
1.6657
1.67496
1.69849
1.74016
1.80461
1.8882
1.98211
2.07842
2.07392
2.05112
2.02246
1.97508
1.93114
1.89501
1.86257
1.83192
1.80397
1.77758
1.75219
1.7274
1.70356
1.6804
1.65792
1.63597
1.61463
1.59366
1.57318
1.55318
1.53365
1.51457
1.49596
1.47782
1.46025
1.44314
1.42664
1.41043
1.39491
1.37948
1.3649
1.35016
1.33649
1.32241
1.30957
1.29612
1.28391
1.27104
1.25931
1.24706
1.23577
1.22412
1.21331
1.2022
1.19186
1.18128
1.17142
1.16143
1.15202
1.14278
1.13375
1.12539
1.11677
1.10919
1.10128
1.0943
1.08712
1.08079
1.07399
1.06841
1.06187
1.05687
1.05078
1.04633
1.04067
1.03692
1.03165
1.02851
1.02372
1.02094
1.01689
1.01391
1.01058
1.00875
1
1.00001
1.00003
1.00008
1.00016
1.00044
1.00098
1.0025
1.0059
1.01442
1.03504
1.08621
1.21479
1.39419
1.57761
1.63251
1.65174
1.67754
1.71193
1.76119
1.83772
1.90883
2.03642
2.11718
2.1188
2.09413
2.06827
2.02281
1.97778
1.93697
1.90134
1.86994
1.84178
1.8154
1.78998
1.76486
1.74011
1.7159
1.69226
1.66932
1.64703
1.62539
1.60421
1.58358
1.56349
1.54387
1.52467
1.50586
1.48752
1.46966
1.45241
1.43558
1.4193
1.40329
1.38788
1.37254
1.35796
1.34318
1.32939
1.31515
1.30209
1.28845
1.27603
1.26306
1.25117
1.23887
1.22747
1.21579
1.20487
1.19376
1.18336
1.17283
1.163
1.15315
1.14382
1.13482
1.12585
1.11772
1.10922
1.1018
1.09407
1.08722
1.08021
1.07407
1.06743
1.06203
1.05569
1.05088
1.045
1.04078
1.03532
1.03177
1.02663
1.0236
1.01883
1.01605
1.01195
1.00882
1.00536
1.00342
1
1
1.00001
1.00003
1.00007
1.00017
1.00039
1.001
1.0022
1.00585
1.01279
1.03371
1.07814
1.19611
1.36989
1.58972
1.6612
1.7392
1.84148
1.95451
2.05047
2.131
2.15221
2.13394
2.10149
2.05423
2.01742
1.98173
1.94402
1.90912
1.87927
1.853
1.82772
1.80252
1.77726
1.75239
1.72796
1.70408
1.68077
1.65802
1.63586
1.61429
1.59337
1.57305
1.55328
1.53397
1.51508
1.49658
1.47849
1.4608
1.4436
1.42681
1.4106
1.39465
1.37932
1.36401
1.34945
1.33472
1.32097
1.30686
1.29389
1.28042
1.26809
1.25527
1.24345
1.23132
1.22002
1.20855
1.19779
1.1869
1.17671
1.16641
1.15683
1.14724
1.13817
1.12944
1.12078
1.11296
1.1048
1.09771
1.09028
1.08372
1.07692
1.07095
1.06444
1.05913
1.05287
1.04808
1.04222
1.03792
1.03242
1.02869
1.02347
1.02026
1.01538
1.01253
1.00827
1.00524
1.0016
0.999885
1
1
1.00001
1.00001
1.00003
1.00007
1.00021
1.00042
1.00121
1.00245
1.00692
1.01471
1.03877
1.08817
1.21958
1.45266
1.62401
1.96488
2.05645
2.18464
2.22695
2.2111
2.18054
2.11338
2.05551
2.02036
1.99269
1.95974
1.92527
1.89464
1.86841
1.84381
1.81841
1.792
1.76546
1.73965
1.71478
1.6908
1.6675
1.64481
1.62269
1.60121
1.58042
1.56032
1.54086
1.52193
1.50342
1.48527
1.46746
1.45002
1.43303
1.4164
1.40032
1.38447
1.36924
1.35406
1.33967
1.32515
1.31164
1.29781
1.28511
1.27194
1.25987
1.24733
1.23573
1.22382
1.21268
1.20138
1.19076
1.18007
1.17005
1.15999
1.1506
1.14124
1.1324
1.12386
1.1154
1.10772
1.09972
1.09273
1.08541
1.07894
1.07225
1.0664
1.06003
1.05486
1.04876
1.04413
1.03845
1.0343
1.02899
1.02541
1.02038
1.01731
1.01261
1.00988
1.00573
1.00283
0.999219
0.997625
)
;

boundaryField
{
    inlet
    {
        type            fixedValue;
        value           uniform 1;
    }
    outlet
    {
        type            zeroGradient;
    }
    bottom
    {
        type            symmetryPlane;
    }
    top
    {
        type            symmetryPlane;
    }
    obstacle
    {
        type            zeroGradient;
    }
    defaultFaces
    {
        type            empty;
    }
}


// ************************************************************************* //
