/*--------------------------------*- C++ -*----------------------------------*\
  =========                 |
  \\      /  F ield         | OpenFOAM: The Open Source CFD Toolbox
   \\    /   O peration     | Website:  https://openfoam.org
    \\  /    A nd           | Version:  10
     \\/     M anipulation  |
\*---------------------------------------------------------------------------*/
FoamFile
{
    format      ascii;
    class       volScalarField;
    location    "10";
    object      Ma;
}
// * * * * * * * * * * * * * * * * * * * * * * * * * * * * * * * * * * * * * //

dimensions      [0 0 0 0 0 0 0];

internalField   nonuniform List<scalar> 
5250
(
2.99999
2.99995
2.99988
2.99964
2.99922
2.99776
2.99514
2.98662
2.96949
2.92025
2.80711
2.51802
1.90021
0.912614
0.369966
0.336745
0.347651
0.338411
0.304075
0.25139
0.203034
0.162237
0.120987
0.0754674
0.0419091
2.99999
2.99996
2.99987
2.99968
2.99915
2.99795
2.99487
2.98733
2.96893
2.92225
2.80766
2.52409
1.90909
0.923689
0.377708
0.338477
0.34948
0.340701
0.306889
0.255141
0.20794
0.168463
0.129407
0.0891253
0.0651783
2.99999
2.99996
2.99989
2.99965
2.99924
2.99786
2.99521
2.98722
2.97014
2.92324
2.81288
2.53295
1.93008
0.94892
0.395065
0.342679
0.354185
0.34686
0.314559
0.265273
0.220958
0.184892
0.150939
0.119261
0.103663
2.99999
2.99996
2.99988
2.99969
2.99921
2.99806
2.99507
2.98833
2.9697
2.92816
2.81628
2.55051
1.95951
0.988093
0.421292
0.348433
0.361323
0.356677
0.326737
0.281041
0.240642
0.209075
0.180912
0.156576
0.145716
2.99999
2.99996
2.99988
2.99972
2.99922
2.9982
2.99525
2.98882
2.97149
2.93069
2.82568
2.57005
2.00075
1.04248
0.456258
0.35529
0.370538
0.369725
0.342718
0.301329
0.265359
0.238658
0.216111
0.197659
0.190087
2.99999
2.99996
2.9999
2.9997
2.99933
2.99813
2.99594
2.98866
2.97468
2.93267
2.83902
2.59303
2.0541
1.11468
0.500285
0.36317
0.381973
0.386106
0.362377
0.325797
0.294643
0.273104
0.256302
0.243525
0.239457
3
2.99997
2.9999
2.99976
2.9993
2.99849
2.99573
2.99067
2.97454
2.94114
2.84745
2.62762
2.1166
1.20786
0.554429
0.373005
0.396395
0.406267
0.38586
0.354346
0.32834
0.312341
0.301804
0.295632
0.296982
3
2.99997
2.99992
2.99976
2.99943
2.99847
2.99655
2.99061
2.97884
2.94369
2.86642
2.65969
2.19553
1.32599
0.61935
0.387139
0.415262
0.430862
0.413462
0.387038
0.366447
0.356646
0.353531
0.3563
0.368266
3
2.99998
2.99992
2.9998
2.99946
2.99877
2.99662
2.99255
2.97949
2.95352
2.87811
2.70419
2.28208
1.47203
0.696019
0.411034
0.442479
0.461678
0.446597
0.424802
0.40967
0.406207
0.412106
0.429365
0.463898
3
2.99998
2.99994
2.99981
2.99958
2.99881
2.99737
2.9929
2.98368
2.95765
2.89846
2.74313
2.38169
1.64677
0.784884
0.452048
0.482788
0.500269
0.48736
0.468926
0.458508
0.461034
0.480335
0.524788
0.626538
3
2.99999
2.99994
2.99986
2.99959
2.9991
2.99749
2.99437
2.98509
2.96509
2.91074
2.78262
2.46472
1.80624
0.876259
0.495976
0.521895
0.537721
0.531003
0.516744
0.510791
0.521014
0.55793
0.639302
0.798768
3
2.99999
2.99995
2.99987
2.99968
2.99913
2.99803
2.99465
2.98807
2.96779
2.92553
2.8078
2.53375
1.93099
0.987246
0.555044
0.549159
0.563979
0.567846
0.561806
0.562752
0.581868
0.632253
0.729354
0.885955
3
2.99999
2.99996
2.99988
2.99973
2.99924
2.99833
2.99535
2.98983
2.97222
2.93613
2.83438
2.59741
2.05708
1.14205
0.63687
0.566442
0.583333
0.596261
0.60071
0.610475
0.638024
0.693339
0.784608
0.911926
3
2.99999
2.99997
2.99991
2.99974
2.99944
2.9984
2.99654
2.99045
2.97842
2.94331
2.86423
2.6567
2.19054
1.33166
0.73436
0.584402
0.600675
0.620043
0.634492
0.652344
0.684778
0.738781
0.818282
0.92316
3
3
2.99997
2.99993
2.9998
2.99952
2.99873
2.99711
2.99222
2.98247
2.9532
2.89033
2.7192
2.33035
1.55884
0.851814
0.618425
0.628268
0.647329
0.667351
0.688733
0.722204
0.772435
0.841596
0.929757
3
3
2.99998
2.99994
2.99985
2.99959
2.99907
2.99748
2.99445
2.98478
2.96592
2.91035
2.78592
2.47296
1.83168
0.988679
0.676274
0.670364
0.684069
0.703799
0.724041
0.754279
0.799134
0.85883
0.933579
3.00001
3
2.99999
2.99996
2.99987
2.99971
2.99918
2.99818
2.9951
2.98875
2.97089
2.93045
2.82465
2.57248
2.01557
1.13009
0.737677
0.704777
0.718731
0.736646
0.755881
0.782767
0.821137
0.871827
0.934544
3.00001
3
2.99999
2.99997
2.9999
2.99975
2.99939
2.99845
2.99632
2.9905
2.9779
2.94264
2.86293
2.6546
2.18952
1.34968
0.840948
0.73298
0.743312
0.760117
0.780681
0.805386
0.838367
0.881095
0.933277
3.00001
3
2.99999
2.99998
2.99992
2.99982
2.99952
2.99883
2.9971
2.99278
2.98271
2.95587
2.89424
2.73337
2.36171
1.62325
0.971142
0.771904
0.767265
0.77975
0.800701
0.823547
0.851642
0.887723
0.928973
3.00001
3
3
2.99998
2.99995
2.99986
2.99965
2.99909
2.9979
2.99442
2.98748
2.96656
2.92307
2.80279
2.52861
1.93517
1.13259
0.831297
0.798473
0.805287
0.821549
0.840723
0.863645
0.890836
0.921037
3.00001
3
3
2.99999
2.99996
2.99989
2.99973
2.99933
2.99834
2.99599
2.98987
2.97608
2.93876
2.85323
2.63335
2.14969
1.32377
0.902295
0.822793
0.826937
0.839398
0.855565
0.872184
0.889341
0.909433
3.00001
3.00001
3
2.99999
2.99997
2.99993
2.99979
2.99953
2.99869
2.99715
2.99219
2.98243
2.95391
2.89081
2.72393
2.34458
1.60137
1.02295
0.855758
0.845235
0.851867
0.863578
0.873006
0.881543
0.894343
3.00001
3.00001
3
3
2.99998
2.99994
2.99986
2.99963
2.99915
2.99769
2.99495
2.98616
2.96927
2.91911
2.80871
2.52917
1.94712
1.18509
0.907018
0.865989
0.862748
0.865174
0.867582
0.870713
0.878996
3.00001
3.00001
3
3
2.99999
2.99996
2.9999
2.99974
2.99933
2.99844
2.9959
2.99076
2.97532
2.94359
2.85417
2.65009
2.17738
1.38083
0.967091
0.874466
0.860849
0.857701
0.856853
0.858189
0.865158
3.00001
3.00001
3.00001
3
2.99999
2.99997
2.99993
2.99981
2.99951
2.99886
2.997
2.99325
2.9819
2.95895
2.893
2.74376
2.37856
1.67192
1.07367
0.883462
0.850612
0.845178
0.842801
0.844435
0.853523
3.00001
3.00001
3.00001
3
3
2.99998
2.99995
2.99986
2.99966
2.99916
2.99788
2.99505
2.98711
2.97042
2.92327
2.81778
2.55074
1.98894
1.21613
0.900425
0.836146
0.827603
0.824196
0.829274
0.844099
3.00001
3.00001
3.00001
3
3
2.99999
2.99996
2.9999
2.99974
2.99939
2.9984
2.99634
2.99028
2.97794
2.94201
2.86303
2.655
2.19738
1.39726
0.930822
0.805305
0.794666
0.798026
0.812308
0.836189
3.00001
3.00001
3.00001
3.00001
3
2.99999
2.99998
2.99992
2.99982
2.99952
2.99886
2.99713
2.99297
2.98293
2.95703
2.8962
2.7403
2.37898
1.66884
0.996162
0.769789
0.753891
0.76732
0.793982
0.828013
3.00001
3.00001
3.00001
3.00001
3
3
2.99998
2.99994
2.99986
2.99962
2.99916
2.99763
2.99489
2.98584
2.9683
2.91665
2.80101
2.50829
1.90307
1.06665
0.728767
0.7025
0.729975
0.771047
0.816378
3.00001
3.00001
3.00001
3.00001
3
3
2.99999
2.99996
2.99989
2.9997
2.99927
2.99818
2.99545
2.9891
2.97205
2.93334
2.83045
2.58555
2.03873
1.15302
0.696046
0.634624
0.67561
0.733366
0.792876
3.00001
3.00001
3.00001
3.00001
3
3
2.99999
2.99997
2.9999
2.99977
2.99934
2.99857
2.99596
2.99114
2.97587
2.94411
2.8552
2.64624
2.15795
1.29604
0.699418
0.556803
0.610527
0.687819
0.758542
3.00001
3.00001
3.00001
3.00001
3.00001
3
2.99999
2.99997
2.99992
2.99978
2.99949
2.99867
2.99676
2.99204
2.97995
2.95132
2.87682
2.69506
2.26444
1.4526
0.717414
0.486286
0.556062
0.64909
0.721574
3.00001
3.00001
3.00001
3.00001
3.00001
3
2.99999
2.99998
2.99993
2.99983
2.99952
2.99892
2.99708
2.99327
2.98245
2.95805
2.89334
2.73713
2.35773
1.61272
0.749648
0.443913
0.526514
0.623413
0.689039
3.00001
3.00001
3.00001
3.00001
3.00001
3
3
2.99998
2.99994
2.99983
2.9996
2.99898
2.99748
2.99385
2.9844
2.96261
2.90455
2.76616
2.42493
1.7286
0.783778
0.414231
0.50248
0.594053
0.653659
3.00001
3.00001
3.00001
3.00001
3.00001
3
3
2.99998
2.99994
2.99986
2.9996
2.99913
2.99757
2.99452
2.98545
2.96579
2.91214
2.78496
2.46698
1.80098
0.827219
0.406554
0.481166
0.557145
0.614963
3.00001
3.00001
3.00001
3.00001
3.00001
3
3
2.99998
2.99995
2.99987
2.99963
2.99919
2.99771
2.99505
2.98612
2.96884
2.91727
2.80071
2.50068
1.86475
0.888627
0.426655
0.459938
0.520362
0.581796
3.00001
3.00001
3.00001
3.00001
3.00001
3
3
2.99999
2.99995
2.99988
2.99966
2.99923
2.99792
2.9952
2.98747
2.97
2.92395
2.81231
2.53217
1.92594
0.957139
0.453029
0.440029
0.496263
0.557956
3.00001
3.00001
3.00001
3.00001
3.00001
3
3
2.99999
2.99995
2.99989
2.99968
2.99928
2.99805
2.99549
2.98828
2.97182
2.92877
2.82383
2.5601
1.98195
1.02455
0.480079
0.424008
0.478285
0.541088
3.00001
3.00001
3.00001
3.00001
3.00001
3
3
2.99999
2.99996
2.9999
2.9997
2.99934
2.99812
2.99593
2.98862
2.97434
2.93191
2.83601
2.58454
2.03393
1.09274
0.5062
0.407272
0.46377
0.530334
3.00001
3.00001
3.00001
3.00001
3.00001
3
3
2.99999
2.99996
2.9999
2.99973
2.99934
2.99836
2.99587
2.99006
2.97435
2.93856
2.8428
2.6116
2.08186
1.16106
0.530397
0.388564
0.451537
0.523909
3.00001
3.00001
3.00001
3.00001
3.00001
3
3
2.99999
2.99997
2.99991
2.99975
2.9994
2.9984
2.99635
2.99005
2.97745
2.93965
2.85592
2.6315
2.13055
1.2292
0.552104
0.367961
0.440862
0.520065
3.00001
3.00001
3.00001
3.00001
3.00001
3
3
2.99999
2.99997
2.99991
2.99976
2.99945
2.99849
2.9966
2.99063
2.97888
2.94336
2.86465
2.65343
2.176
1.29707
0.570993
0.346362
0.431263
0.517492
3.00001
3.00001
3.00001
3.00001
3.00001
3.00001
3
2.99999
2.99997
2.99991
2.9998
2.99942
2.99874
2.99643
2.99208
2.9785
2.94959
2.86917
2.67739
2.21741
1.36373
0.587681
0.325052
0.423267
0.516493
3.00001
3.00001
3.00001
3.00001
3.00001
3.00001
3
2.99999
2.99998
2.99992
2.99981
2.99946
2.99881
2.99667
2.99248
2.97987
2.95241
2.87697
2.69599
2.25802
1.42861
0.602586
0.304791
0.416573
0.516098
3.00001
3.00001
3.00001
3.00001
3.00001
3.00001
3
2.99999
2.99998
2.99992
2.99982
2.99949
2.99888
2.99681
2.99305
2.98058
2.95571
2.88285
2.7135
2.29479
1.49015
0.615378
0.28598
0.410551
0.514825
3.00001
3.00001
3.00001
3.00001
3.00001
3.00001
3
3
2.99997
2.99994
2.99981
2.99956
2.99881
2.99724
2.99279
2.9826
2.95606
2.891
2.72512
2.3292
1.54449
0.627201
0.270728
0.40548
0.512371
3.00001
3.00001
3.00001
3.00001
3.00001
3.00001
3
3
2.99998
2.99993
2.99983
2.99953
2.99896
2.99706
2.99362
2.98217
2.95951
2.8929
2.73911
2.35453
1.59006
0.640282
0.260163
0.401237
0.509168
3.00001
3.00001
3.00001
3.00001
3.00001
3.00001
3
3
2.99998
2.99993
2.99984
2.99954
2.99898
2.99717
2.99361
2.98299
2.95993
2.89683
2.74635
2.37517
1.62515
0.652606
0.253194
0.397425
0.505816
3.00001
3.00001
3.00001
3.00001
3.00001
3.00001
3
3
2.99998
2.99993
2.99984
2.99954
2.999
2.99716
2.99385
2.98288
2.96114
2.89763
2.75138
2.38563
1.64535
0.661408
0.249877
0.39438
0.502926
3.00001
3.00001
3.00001
3.00001
3.00001
3.00001
3
3
2.99998
2.99994
2.99982
2.9996
2.99889
2.99745
2.99332
2.98405
2.95961
2.9008
2.75035
2.39197
1.65277
0.666186
0.249298
0.392618
0.501164
0.972151
0.770822
0.265766
0.232323
0.295442
0.379579
0.405904
0.417872
0.43187
0.450687
0.464542
0.468577
0.466808
0.462898
0.457465
0.448588
0.435442
0.418532
0.398607
0.376325
0.352357
0.327031
0.300834
0.27392
0.245848
0.217337
0.188846
0.160579
0.13269
0.105145
0.0778887
0.0512331
0.0265782
0.015394
0.0364918
0.0608442
0.0858938
0.110294
0.133888
0.156973
0.178555
0.199918
0.222299
0.244879
0.266523
0.287575
0.308025
0.328245
0.347973
0.367407
0.386487
0.405264
0.423684
0.441902
0.459705
0.477375
0.494639
0.511759
0.528488
0.545066
0.561344
0.577381
0.59323
0.608773
0.624173
0.639286
0.654225
0.668926
0.68341
0.69767
0.711708
0.725509
0.739098
0.752442
0.76558
0.778471
0.791153
0.803577
0.815779
0.827688
0.839371
0.850697
0.861784
0.872439
0.882777
0.892637
0.902046
0.910877
0.919123
0.926566
0.933223
0.93881
0.943192
0.946123
0.947666
0.948621
0.949151
0.948979
0.947488
0.9508
0.951456
0.831429
0.571855
0.427572
0.30154
0.165548
0.0543679
0.070713
0.130531
0.179046
0.205062
0.207892
0.199322
0.193934
0.188114
0.178139
0.164485
0.14852
0.129954
0.109725
0.0884797
0.067014
0.0466448
0.0325343
0.0335633
0.0504415
0.0717667
0.0948518
0.118306
0.141915
0.165238
0.188174
0.21066
0.232229
0.253199
0.273972
0.294864
0.315369
0.335655
0.355456
0.374407
0.39271
0.411799
0.431202
0.450112
0.468245
0.486089
0.503596
0.520799
0.537783
0.55445
0.570919
0.587073
0.603039
0.618722
0.634188
0.649454
0.66444
0.679306
0.693866
0.708319
0.722507
0.736547
0.750388
0.764038
0.777521
0.7908
0.803907
0.816823
0.829549
0.8421
0.854443
0.866627
0.878587
0.890397
0.901966
0.913393
0.924552
0.935563
0.946284
0.956818
0.967072
0.977034
0.986725
0.996015
1.00497
1.01348
1.02144
1.02891
1.03561
1.04159
1.04661
1.05047
1.05297
1.05417
1.05495
1.0553
1.05495
1.0531
1.05606
0.963303
0.931943
0.828469
0.73849
0.643429
0.5346
0.444651
0.358879
0.289235
0.238401
0.1999
0.173314
0.148595
0.130101
0.130936
0.139609
0.150463
0.163413
0.178351
0.194512
0.211589
0.229393
0.247824
0.266495
0.285071
0.303851
0.322799
0.34186
0.360985
0.379947
0.398663
0.417123
0.435141
0.452714
0.469876
0.486788
0.503699
0.52034
0.536982
0.553165
0.56879
0.583812
0.599196
0.615215
0.631113
0.646378
0.661342
0.675997
0.690591
0.70488
0.719154
0.733036
0.746988
0.760467
0.774095
0.787211
0.800511
0.813307
0.826278
0.83878
0.85143
0.863645
0.876
0.887934
0.900017
0.911685
0.923497
0.934907
0.946426
0.957578
0.968779
0.979663
0.990531
1.00114
1.01168
1.02201
1.03221
1.04223
1.05204
1.06172
1.0711
1.08037
1.08931
1.098
1.10644
1.11448
1.1222
1.12939
1.13609
1.14212
1.14741
1.15188
1.15524
1.15729
1.15824
1.15889
1.15913
1.15857
1.15627
1.15889
0.986989
1.00069
0.967906
0.915814
0.853966
0.783695
0.712649
0.649178
0.596804
0.557783
0.52962
0.507838
0.493826
0.48397
0.480047
0.479602
0.480232
0.482767
0.487398
0.494168
0.502475
0.512143
0.52263
0.534037
0.545903
0.558211
0.570845
0.583626
0.596557
0.609394
0.62222
0.634797
0.647312
0.659501
0.671575
0.683608
0.695635
0.707774
0.719894
0.731989
0.743603
0.754851
0.766275
0.778518
0.791023
0.803154
0.81501
0.826675
0.838374
0.849904
0.861539
0.872938
0.884462
0.895729
0.907116
0.918271
0.929511
0.940562
0.951651
0.962586
0.973515
0.984313
0.995074
1.00571
1.0163
1.02676
1.03717
1.04741
1.05763
1.06765
1.07765
1.08743
1.09718
1.10673
1.11621
1.12553
1.13472
1.14381
1.15274
1.16161
1.1703
1.17879
1.18716
1.19519
1.20301
1.21046
1.21748
1.22417
1.2302
1.23571
1.24045
1.24422
1.2471
1.24843
1.24905
1.24942
1.24932
1.24824
1.24495
1.24684
0.99943
1.03509
1.03654
1.01384
0.977815
0.933007
0.885961
0.842464
0.809511
0.785392
0.76922
0.756598
0.748167
0.743363
0.742758
0.745101
0.746901
0.747043
0.747239
0.749031
0.751797
0.755269
0.759493
0.764122
0.769102
0.774342
0.779903
0.785715
0.791816
0.79817
0.804689
0.811502
0.818279
0.825367
0.832477
0.839899
0.847433
0.855409
0.863539
0.871973
0.880044
0.888016
0.896121
0.905146
0.914693
0.924143
0.93345
0.942662
0.951987
0.961293
0.970787
0.980231
0.989849
0.999387
1.00907
1.01867
1.0284
1.03805
1.04781
1.05747
1.06724
1.07689
1.08663
1.09623
1.10591
1.11541
1.12499
1.13439
1.14381
1.15308
1.16229
1.17141
1.18041
1.18936
1.19825
1.2071
1.21592
1.2246
1.23322
1.24162
1.24986
1.25795
1.26571
1.27339
1.28063
1.28768
1.29426
1.30043
1.3061
1.31106
1.31542
1.31871
1.32104
1.32195
1.32235
1.32243
1.32186
1.32026
1.31625
1.31741
1.00083
1.04565
1.06438
1.06204
1.04472
1.01911
0.990451
0.965059
0.946529
0.935643
0.929979
0.92775
0.926972
0.927126
0.927718
0.929667
0.931806
0.931954
0.929861
0.928256
0.927335
0.926894
0.926774
0.926927
0.927297
0.927909
0.928844
0.930125
0.931822
0.933908
0.936489
0.93933
0.942707
0.946286
0.950337
0.954665
0.959456
0.96462
0.970286
0.976191
0.982116
0.987859
0.99404
1.0009
1.00872
1.01642
1.02441
1.03211
1.04019
1.04809
1.05638
1.06454
1.073
1.0814
1.08998
1.09854
1.10721
1.11589
1.12465
1.13339
1.14222
1.15099
1.15986
1.16864
1.17749
1.1863
1.19509
1.2039
1.21263
1.22136
1.23004
1.23866
1.24737
1.25594
1.26458
1.27297
1.28133
1.28953
1.29758
1.30553
1.31322
1.32083
1.32809
1.33522
1.34195
1.34844
1.35448
1.36004
1.36511
1.36943
1.37308
1.37576
1.37714
1.37764
1.37776
1.37752
1.37611
1.37388
1.36931
1.36993
0.995191
1.04146
1.06838
1.07741
1.07364
1.06201
1.04834
1.03699
1.03098
1.03034
1.03372
1.03883
1.04417
1.0485
1.0512
1.05319
1.0559
1.05768
1.0569
1.05391
1.05103
1.04851
1.0464
1.04451
1.04281
1.04129
1.03999
1.03903
1.03839
1.03823
1.03849
1.03922
1.04042
1.042
1.04408
1.04647
1.04942
1.05268
1.05664
1.06077
1.06508
1.06919
1.07381
1.07904
1.08524
1.09159
1.09828
1.10493
1.11187
1.11882
1.12607
1.13339
1.14096
1.14862
1.15644
1.16435
1.17234
1.18046
1.18857
1.19682
1.20503
1.21334
1.22165
1.22996
1.23835
1.24664
1.25505
1.26332
1.27171
1.28003
1.28843
1.29678
1.30503
1.31326
1.32134
1.32939
1.3373
1.34509
1.35282
1.36028
1.36773
1.3748
1.38181
1.38842
1.39482
1.40082
1.40638
1.41151
1.41593
1.41982
1.4227
1.42474
1.42549
1.42569
1.42567
1.42498
1.42283
1.4199
1.41501
1.41522
0.985094
1.02751
1.05669
1.07209
1.07712
1.07664
1.07471
1.07499
1.07902
1.08682
1.09683
1.10779
1.11767
1.12606
1.13163
1.13506
1.13741
1.1401
1.14127
1.13992
1.13649
1.13296
1.1298
1.12683
1.12404
1.12127
1.11869
1.11625
1.11411
1.11233
1.11092
1.11001
1.10953
1.10955
1.11006
1.11103
1.11249
1.11447
1.11709
1.12007
1.12322
1.12637
1.12999
1.13429
1.13942
1.14492
1.15077
1.15679
1.16301
1.1694
1.17596
1.18275
1.18965
1.1968
1.20402
1.21144
1.21896
1.22661
1.23439
1.24221
1.25021
1.25821
1.26638
1.27456
1.28281
1.29111
1.29937
1.30776
1.31602
1.3243
1.33245
1.34057
1.34864
1.35656
1.36452
1.37224
1.38003
1.38755
1.39506
1.40233
1.40945
1.41639
1.42298
1.42942
1.43537
1.44107
1.44617
1.45077
1.45471
1.45781
1.46013
1.46115
1.4615
1.46151
1.46105
1.45934
1.45638
1.4525
1.4476
1.44712
0.97088
1.00743
1.03502
1.0539
1.06581
1.0741
1.08206
1.09148
1.10344
1.11728
1.13235
1.14701
1.16052
1.17167
1.18027
1.18588
1.18958
1.19216
1.19486
1.19603
1.19493
1.19184
1.1885
1.18514
1.18188
1.17869
1.17556
1.17255
1.16968
1.16711
1.16485
1.16305
1.1617
1.16086
1.16052
1.16067
1.16133
1.16252
1.16434
1.16657
1.16894
1.17137
1.17425
1.17778
1.18203
1.18679
1.19191
1.19738
1.20306
1.209
1.21511
1.22143
1.22794
1.23462
1.24149
1.2485
1.25564
1.26295
1.27031
1.27785
1.28542
1.29313
1.30089
1.30868
1.31658
1.32444
1.33244
1.34028
1.34824
1.35606
1.36396
1.37176
1.37954
1.38728
1.39489
1.40249
1.4099
1.41728
1.42443
1.43146
1.43827
1.4448
1.45115
1.45704
1.46269
1.46772
1.47234
1.47625
1.47944
1.48184
1.48312
1.48358
1.48361
1.48333
1.48212
1.4794
1.47576
1.47191
1.46717
1.46691
0.95288
0.983035
1.00862
1.02948
1.04696
1.0627
1.07835
1.09489
1.11238
1.13061
1.14866
1.166
1.18154
1.19519
1.20596
1.2143
1.22006
1.22451
1.2275
1.23035
1.23182
1.23155
1.22933
1.22639
1.22315
1.21999
1.21677
1.21368
1.21058
1.20775
1.20511
1.20285
1.20102
1.19962
1.19874
1.19833
1.19846
1.19911
1.20038
1.20212
1.204
1.20599
1.20849
1.21156
1.21536
1.21961
1.22431
1.22943
1.23477
1.24048
1.24631
1.25242
1.25869
1.26514
1.27184
1.27858
1.28565
1.29269
1.30002
1.30737
1.31488
1.32249
1.33011
1.33794
1.34568
1.35357
1.36132
1.36921
1.37697
1.38482
1.39259
1.40032
1.40805
1.41562
1.42323
1.4306
1.43799
1.44511
1.45216
1.45894
1.46549
1.4718
1.4777
1.48332
1.48834
1.49294
1.4968
1.50002
1.5024
1.50378
1.5043
1.50434
1.50415
1.50314
1.50071
1.49732
1.49341
1.48993
1.48563
1.48565
0.932758
0.957569
0.981873
1.00481
1.02682
1.04816
1.06934
1.09047
1.11153
1.13221
1.15209
1.17075
1.18784
1.20285
1.21586
1.22645
1.23493
1.24147
1.24667
1.25051
1.25336
1.25553
1.25627
1.25528
1.25298
1.25028
1.24751
1.24454
1.24165
1.2389
1.23626
1.23402
1.23198
1.23049
1.22932
1.22871
1.22854
1.2289
1.22988
1.23133
1.23286
1.23466
1.23679
1.23963
1.24299
1.24689
1.25124
1.25598
1.26111
1.2665
1.27215
1.27803
1.28406
1.29035
1.2967
1.30335
1.31003
1.31698
1.32398
1.33117
1.33847
1.34585
1.35342
1.36092
1.36856
1.37609
1.38376
1.39132
1.39897
1.40656
1.41413
1.42171
1.42917
1.43665
1.44392
1.45121
1.45823
1.46519
1.47188
1.47836
1.48459
1.49044
1.49601
1.50098
1.50556
1.50937
1.51258
1.51492
1.51637
1.5169
1.51697
1.5168
1.5159
1.51369
1.51032
1.50698
1.5032
1.50047
1.49677
1.49723
0.912061
0.933764
0.957897
0.983061
1.00847
1.03368
1.05822
1.08216
1.10507
1.12687
1.14756
1.16686
1.18485
1.20103
1.21569
1.22828
1.23916
1.24805
1.25564
1.26161
1.26663
1.27001
1.27255
1.27418
1.27451
1.27325
1.27131
1.26903
1.26654
1.26393
1.26161
1.25954
1.25771
1.25628
1.25514
1.25446
1.25422
1.25446
1.25531
1.25658
1.25805
1.25968
1.26171
1.26434
1.26746
1.27113
1.27517
1.27974
1.28465
1.28988
1.29544
1.30113
1.30714
1.3132
1.31954
1.32598
1.33261
1.33941
1.3463
1.35341
1.36055
1.36789
1.37516
1.38258
1.38993
1.39737
1.40479
1.4122
1.41966
1.42701
1.43446
1.44172
1.44907
1.4562
1.46333
1.47027
1.47706
1.4837
1.49001
1.49618
1.50189
1.5074
1.5123
1.51675
1.52054
1.52359
1.52589
1.52723
1.52771
1.52771
1.52748
1.5265
1.52405
1.52112
1.51747
1.51444
1.51126
1.50929
1.50648
1.50734
0.893975
0.914614
0.939322
0.966041
0.993436
1.02043
1.04652
1.07127
1.09485
1.11697
1.13799
1.15759
1.17615
1.19332
1.20928
1.22376
1.23671
1.24804
1.25788
1.26619
1.2732
1.27875
1.28326
1.28626
1.2885
1.28977
1.28988
1.28907
1.28761
1.28565
1.28377
1.2821
1.28059
1.27939
1.2784
1.27783
1.27761
1.27782
1.27858
1.27982
1.2812
1.28272
1.28465
1.28707
1.29006
1.29349
1.29735
1.3017
1.30634
1.31144
1.3167
1.32231
1.32806
1.33402
1.3402
1.34646
1.35301
1.35957
1.36644
1.3733
1.38042
1.38745
1.39463
1.40179
1.409
1.41626
1.42348
1.4308
1.438
1.4453
1.45246
1.45965
1.4667
1.47366
1.48052
1.48713
1.49365
1.4998
1.5058
1.51135
1.51668
1.52142
1.52571
1.52934
1.53225
1.5344
1.53563
1.53605
1.53602
1.53571
1.53456
1.53234
1.52904
1.52592
1.52269
1.52029
1.51804
1.51687
1.51502
1.51634
0.879895
0.90121
0.926865
0.954559
0.982669
1.01002
1.03616
1.06066
1.08386
1.10562
1.12639
1.1461
1.16501
1.18295
1.19999
1.21589
1.23055
1.24381
1.25568
1.26615
1.27526
1.28313
1.28962
1.29493
1.299
1.30194
1.30396
1.30537
1.30569
1.3052
1.30423
1.30317
1.30201
1.3011
1.30037
1.29995
1.29983
1.30011
1.30086
1.30211
1.30345
1.30501
1.30686
1.30922
1.31213
1.31538
1.31916
1.32324
1.32777
1.33261
1.33773
1.34317
1.34874
1.35463
1.36057
1.3668
1.37308
1.3796
1.38623
1.39299
1.39982
1.40668
1.41365
1.42059
1.42766
1.43464
1.44175
1.44876
1.45582
1.46283
1.46977
1.47669
1.48342
1.49015
1.49658
1.50295
1.50894
1.51475
1.52015
1.52524
1.52986
1.53387
1.53735
1.54
1.54198
1.54296
1.54327
1.54317
1.5427
1.54136
1.53873
1.53569
1.53233
1.52952
1.527
1.52536
1.52407
1.52355
1.52256
1.52436
0.870532
0.893606
0.919946
0.947624
0.975107
1.00159
1.02671
1.05034
1.07268
1.09392
1.11434
1.13407
1.15321
1.17175
1.18958
1.20666
1.22274
1.23775
1.25145
1.26398
1.27511
1.28508
1.29368
1.30115
1.30732
1.31239
1.31629
1.31917
1.32115
1.32272
1.3233
1.32322
1.32279
1.32232
1.32197
1.32177
1.32187
1.32227
1.32308
1.3243
1.32566
1.3272
1.32893
1.33125
1.33397
1.33715
1.34073
1.34466
1.34903
1.35363
1.35866
1.36384
1.36935
1.375
1.38086
1.38688
1.39303
1.39941
1.40581
1.41239
1.41894
1.42566
1.43234
1.43915
1.44595
1.45278
1.45964
1.46644
1.4733
1.47999
1.48675
1.49328
1.4998
1.50608
1.51221
1.51807
1.52359
1.52887
1.53364
1.53811
1.54182
1.54511
1.54747
1.54926
1.54997
1.55014
1.54996
1.5493
1.54753
1.54485
1.54158
1.53842
1.53553
1.53331
1.53164
1.53081
1.53033
1.53041
1.53017
1.53239
0.865039
0.890177
0.917069
0.944144
0.970369
0.995308
1.01891
1.04124
1.06262
1.08321
1.10331
1.12302
1.14236
1.16137
1.17985
1.1978
1.21504
1.23133
1.2466
1.26073
1.27369
1.28546
1.29605
1.30544
1.31368
1.32069
1.32664
1.3314
1.33519
1.33805
1.34034
1.342
1.343
1.34341
1.34358
1.34377
1.34406
1.34457
1.34544
1.34661
1.34799
1.34943
1.35111
1.35331
1.35586
1.35895
1.36225
1.36607
1.37012
1.37459
1.37934
1.38436
1.38968
1.39514
1.4009
1.40671
1.41283
1.41896
1.42527
1.43159
1.438
1.44449
1.45097
1.45757
1.4641
1.47075
1.47727
1.48388
1.49036
1.49681
1.50318
1.50938
1.51552
1.52134
1.52707
1.53232
1.5374
1.54193
1.54618
1.54965
1.55265
1.55477
1.55628
1.55674
1.55674
1.55644
1.55556
1.55354
1.55053
1.54721
1.54405
1.54113
1.53911
1.53746
1.53687
1.53664
1.53704
1.53752
1.53791
1.5403
0.862448
0.88966
0.916544
0.942449
0.966993
0.990177
1.01222
1.03333
1.05383
1.07395
1.0938
1.11353
1.13306
1.15239
1.17139
1.18993
1.208
1.22525
1.24171
1.2572
1.27167
1.28512
1.29744
1.30869
1.31879
1.32777
1.33563
1.34238
1.34807
1.35264
1.35649
1.35951
1.36164
1.36332
1.3645
1.36527
1.36582
1.36651
1.36742
1.36856
1.36996
1.37131
1.37304
1.37507
1.37762
1.38045
1.38361
1.38717
1.39098
1.39523
1.39967
1.40454
1.40956
1.41493
1.42043
1.42619
1.4321
1.43811
1.44425
1.45039
1.45668
1.46293
1.4693
1.47563
1.48199
1.48836
1.49464
1.50099
1.50712
1.51332
1.51922
1.52514
1.5307
1.53616
1.54119
1.54593
1.55027
1.55417
1.55746
1.5601
1.56199
1.56315
1.56341
1.56323
1.56271
1.56155
1.55913
1.55601
1.55245
1.54939
1.54648
1.54447
1.54304
1.54238
1.54245
1.54299
1.54379
1.54467
1.54557
1.54822
0.860069
0.889193
0.915863
0.940435
0.963425
0.985077
1.00591
1.02616
1.04615
1.06599
1.08579
1.10556
1.12526
1.14484
1.16419
1.18325
1.20189
1.21993
1.23731
1.2539
1.26964
1.28446
1.29829
1.31111
1.32291
1.33361
1.34323
1.35178
1.35921
1.36549
1.37083
1.37533
1.37891
1.38169
1.38373
1.38537
1.38663
1.38782
1.38879
1.39003
1.39127
1.39265
1.3943
1.39622
1.39858
1.40112
1.40412
1.40735
1.41101
1.41495
1.41923
1.42383
1.42866
1.43383
1.43914
1.44478
1.45046
1.45633
1.46224
1.46824
1.47431
1.48038
1.48656
1.49265
1.49886
1.50493
1.51107
1.51706
1.52301
1.52881
1.53444
1.53992
1.54505
1.54997
1.55437
1.55852
1.5621
1.56518
1.56747
1.56913
1.56988
1.56998
1.56965
1.56887
1.56729
1.56443
1.56118
1.55754
1.5544
1.55163
1.54954
1.54833
1.54757
1.54788
1.54849
1.54932
1.55048
1.55206
1.55349
1.55609
0.854191
0.885179
0.911728
0.93544
0.957472
0.97844
0.998797
1.01883
1.03875
1.05869
1.07862
1.09857
1.11846
1.13826
1.15788
1.17727
1.19634
1.21501
1.23312
1.25054
1.26726
1.28314
1.29821
1.31233
1.32553
1.33773
1.34893
1.35903
1.36804
1.37597
1.38277
1.38863
1.39375
1.39773
1.40098
1.40342
1.4054
1.40702
1.4083
1.40963
1.41083
1.41226
1.41369
1.41546
1.41745
1.41977
1.42245
1.42541
1.42882
1.43244
1.43654
1.44083
1.44553
1.45043
1.45563
1.46104
1.46655
1.47228
1.478
1.48392
1.4898
1.49579
1.50177
1.50773
1.51376
1.51963
1.5256
1.5313
1.53707
1.54248
1.54785
1.55278
1.55755
1.56174
1.56569
1.56901
1.57189
1.57388
1.57533
1.57575
1.57569
1.57526
1.57422
1.57223
1.56902
1.56561
1.562
1.55882
1.55616
1.554
1.55294
1.5522
1.55258
1.55324
1.55409
1.55529
1.55708
1.55942
1.56124
1.56379
0.837389
0.8709
0.89837
0.922684
0.945325
0.96697
0.988031
1.00875
1.02925
1.04966
1.07004
1.09038
1.11068
1.13087
1.15091
1.17071
1.19025
1.20941
1.22809
1.24618
1.26367
1.28045
1.29647
1.31169
1.32599
1.33945
1.35187
1.36337
1.3738
1.3832
1.39144
1.39861
1.4048
1.41013
1.41442
1.41778
1.42056
1.42267
1.42446
1.42588
1.4272
1.42851
1.42982
1.43138
1.43304
1.43516
1.43746
1.44025
1.44329
1.44677
1.45057
1.45471
1.45923
1.46396
1.46907
1.47428
1.47976
1.48534
1.49103
1.49686
1.50264
1.50862
1.51441
1.52041
1.52615
1.53204
1.53765
1.54329
1.54861
1.55384
1.55868
1.5633
1.56737
1.57113
1.57431
1.57699
1.57879
1.57999
1.58024
1.58006
1.57949
1.57811
1.57573
1.57229
1.56873
1.56517
1.56196
1.55946
1.55731
1.55633
1.55563
1.55601
1.55667
1.55754
1.55882
1.56066
1.56311
1.56584
1.56797
1.57052
0.808213
0.844518
0.874123
0.900474
0.925057
0.94859
0.971349
0.993609
1.01546
1.037
1.0583
1.07937
1.10023
1.12094
1.14141
1.16173
1.18176
1.20154
1.22077
1.23948
1.25758
1.27502
1.29179
1.30781
1.32306
1.3375
1.35102
1.36365
1.37523
1.3858
1.39529
1.40366
1.41102
1.41751
1.42296
1.42741
1.43098
1.43386
1.43609
1.43786
1.43939
1.44071
1.44212
1.44351
1.44522
1.44708
1.44933
1.45185
1.45474
1.45801
1.46156
1.46554
1.46975
1.47435
1.47918
1.48423
1.48954
1.49491
1.50056
1.50616
1.512
1.51772
1.52361
1.52935
1.53515
1.54077
1.54634
1.55169
1.55684
1.5617
1.56619
1.57025
1.57385
1.57694
1.57943
1.58112
1.58204
1.58222
1.58204
1.58128
1.57942
1.57663
1.57314
1.56949
1.56605
1.56281
1.56048
1.55835
1.55743
1.55682
1.55723
1.55789
1.55879
1.56007
1.56203
1.56447
1.56729
1.57027
1.57263
1.57525
0.771303
0.808885
0.840804
0.869911
0.897198
0.923287
0.948355
0.972618
0.996185
1.01915
1.04163
1.0637
1.08543
1.10686
1.128
1.14885
1.16938
1.18957
1.20935
1.22859
1.24731
1.26543
1.28297
1.29978
1.31589
1.33116
1.3456
1.3591
1.37162
1.38314
1.39362
1.40302
1.41134
1.41872
1.42526
1.43079
1.43536
1.43909
1.44215
1.44462
1.4466
1.44831
1.44984
1.45138
1.45297
1.45473
1.45674
1.45898
1.46162
1.46451
1.46784
1.47147
1.47547
1.47984
1.4844
1.48933
1.49438
1.49974
1.50517
1.51081
1.51648
1.52227
1.52802
1.53379
1.53945
1.54503
1.55042
1.55561
1.56048
1.56501
1.56907
1.57263
1.57567
1.57808
1.57968
1.58053
1.58073
1.58058
1.57959
1.57736
1.57428
1.5708
1.56714
1.56391
1.5607
1.55853
1.55649
1.55564
1.55514
1.5556
1.55627
1.5572
1.55852
1.56047
1.56301
1.56582
1.5689
1.57207
1.5746
1.57727
0.734382
0.770826
0.803532
0.834244
0.863524
0.891587
0.918623
0.94472
0.969992
0.994543
1.01842
1.04173
1.06452
1.08687
1.10882
1.13038
1.15162
1.17246
1.19295
1.21282
1.23211
1.25076
1.26873
1.28604
1.30259
1.31839
1.33339
1.34755
1.36083
1.37323
1.38467
1.39521
1.40477
1.41329
1.42102
1.42783
1.43359
1.43836
1.4423
1.44547
1.44806
1.45021
1.45203
1.45372
1.45532
1.45702
1.45884
1.4609
1.46324
1.46589
1.46892
1.47228
1.47605
1.48011
1.48452
1.48919
1.49413
1.49931
1.50467
1.51022
1.51584
1.52157
1.52729
1.533
1.5386
1.54407
1.54932
1.55428
1.55889
1.56301
1.56663
1.56966
1.57214
1.57367
1.57461
1.57496
1.57477
1.5734
1.57092
1.56775
1.56445
1.56081
1.55784
1.55477
1.55274
1.55088
1.5501
1.54973
1.55023
1.55099
1.55195
1.55334
1.55533
1.55782
1.5607
1.56377
1.56706
1.57039
1.57307
1.57578
0.695482
0.730538
0.76315
0.79448
0.824788
0.854145
0.882561
0.910108
0.936823
0.962751
0.98798
1.01252
1.03648
1.05986
1.08274
1.10511
1.12699
1.14841
1.16938
1.18969
1.20942
1.22852
1.24708
1.26496
1.28222
1.29877
1.31455
1.32959
1.34375
1.35716
1.36962
1.38127
1.39189
1.4016
1.4103
1.41816
1.42511
1.431
1.43607
1.44027
1.44379
1.44666
1.44902
1.45105
1.4528
1.45452
1.4562
1.45808
1.46014
1.46252
1.46526
1.46834
1.47184
1.47564
1.47984
1.48429
1.48909
1.49411
1.49934
1.50478
1.51028
1.51595
1.5215
1.52717
1.53252
1.53791
1.54279
1.54757
1.55164
1.55541
1.55838
1.56094
1.56249
1.5637
1.56414
1.56371
1.56204
1.55964
1.55639
1.55335
1.54983
1.54705
1.54417
1.54227
1.54058
1.53993
1.53968
1.54027
1.54105
1.54212
1.54351
1.54555
1.54805
1.55088
1.55404
1.5573
1.56079
1.56425
1.56705
1.56982
0.656089
0.690043
0.721778
0.752786
0.783226
0.813088
0.842238
0.870677
0.898354
0.925286
0.951476
0.976953
1.00174
1.02591
1.04946
1.07249
1.09498
1.117
1.13853
1.15963
1.18012
1.19999
1.21923
1.23783
1.25577
1.27302
1.28959
1.30543
1.32055
1.33494
1.34846
1.36123
1.37301
1.384
1.39392
1.40306
1.4113
1.41853
1.42481
1.43006
1.43448
1.43804
1.44096
1.44335
1.44534
1.4472
1.44889
1.45077
1.45266
1.45493
1.45736
1.4602
1.46336
1.46681
1.47071
1.47476
1.47935
1.48399
1.48914
1.49425
1.49975
1.50512
1.51073
1.51604
1.52145
1.52634
1.53118
1.53529
1.53911
1.54211
1.54466
1.5464
1.54779
1.54818
1.54747
1.54558
1.54336
1.54018
1.53734
1.53401
1.53138
1.5287
1.52691
1.5254
1.52478
1.52474
1.52535
1.52628
1.52732
1.52885
1.53076
1.53333
1.53612
1.5392
1.54253
1.54596
1.54958
1.55315
1.55603
1.55885
0.623043
0.654832
0.684195
0.713357
0.742731
0.771984
0.800981
0.829455
0.857384
0.884629
0.911246
0.937188
0.962549
0.98732
1.01154
1.03524
1.05839
1.08105
1.10317
1.12488
1.14597
1.16648
1.18642
1.2058
1.22457
1.24276
1.2603
1.27716
1.29332
1.3087
1.32332
1.33715
1.35012
1.36231
1.37351
1.38385
1.39322
1.40175
1.40916
1.4156
1.42114
1.42578
1.42973
1.43298
1.43576
1.43809
1.44018
1.44209
1.44397
1.44593
1.44802
1.4504
1.45299
1.45602
1.45929
1.46301
1.467
1.47137
1.47599
1.48086
1.48592
1.49105
1.49623
1.50128
1.50616
1.51074
1.51488
1.51852
1.5215
1.52398
1.52593
1.52719
1.52721
1.52622
1.52434
1.52215
1.51913
1.51637
1.51322
1.51069
1.50817
1.50647
1.50511
1.50451
1.50458
1.50525
1.50615
1.50733
1.50873
1.51084
1.51318
1.51608
1.51909
1.52243
1.52595
1.52958
1.53337
1.53711
1.54012
1.54303
0.598708
0.627818
0.653837
0.680144
0.707276
0.734925
0.762631
0.790213
0.817476
0.844412
0.870924
0.896969
0.922562
0.947624
0.972186
0.996247
1.01981
1.04293
1.06561
1.08792
1.1098
1.13113
1.15197
1.17222
1.19185
1.21089
1.22924
1.24695
1.26401
1.28033
1.29608
1.31097
1.32525
1.33858
1.35115
1.36271
1.37342
1.38322
1.39208
1.39996
1.4069
1.41281
1.41793
1.42203
1.42554
1.42823
1.43057
1.43244
1.43421
1.43591
1.43771
1.43969
1.44196
1.44454
1.44747
1.45079
1.45433
1.45838
1.46242
1.467
1.47138
1.47616
1.48057
1.48514
1.48913
1.49304
1.49616
1.49899
1.50124
1.50304
1.50362
1.50324
1.50204
1.49996
1.49758
1.49453
1.49164
1.48846
1.48583
1.48325
1.48151
1.47999
1.47936
1.4792
1.47982
1.48078
1.48181
1.48329
1.4851
1.48769
1.49022
1.49352
1.49654
1.50027
1.50373
1.50766
1.51136
1.51524
1.51817
1.52112
0.582089
0.608858
0.63157
0.654809
0.679332
0.704737
0.730632
0.75666
0.782724
0.808661
0.834462
0.859991
0.885246
0.910229
0.934847
0.959203
0.983162
1.00681
1.03005
1.05292
1.07539
1.09733
1.11878
1.13966
1.15997
1.17976
1.19891
1.21758
1.23557
1.25301
1.26973
1.28583
1.30107
1.31567
1.32929
1.34222
1.35405
1.36527
1.3753
1.38461
1.39255
1.39976
1.40568
1.41083
1.41494
1.41837
1.42113
1.42336
1.42534
1.42707
1.42893
1.43075
1.43295
1.4352
1.43785
1.44069
1.44379
1.44721
1.45074
1.45455
1.45827
1.4621
1.46563
1.46909
1.47193
1.47457
1.47667
1.47849
1.47916
1.47914
1.47827
1.47655
1.47424
1.47134
1.46821
1.46498
1.46167
1.4589
1.45618
1.45434
1.45275
1.45205
1.45182
1.45243
1.45336
1.45445
1.4557
1.45758
1.45963
1.46232
1.46489
1.46814
1.47111
1.47479
1.47807
1.48211
1.48558
1.48978
1.49253
1.49585
0.571532
0.59621
0.616302
0.637056
0.659418
0.682814
0.706814
0.731121
0.755589
0.780214
0.804899
0.829653
0.854406
0.87911
0.903678
0.928061
0.952174
0.975973
0.999441
1.02254
1.04532
1.0677
1.08963
1.11108
1.13203
1.15247
1.17236
1.19171
1.21049
1.22862
1.2462
1.26304
1.27925
1.29472
1.30941
1.32333
1.33638
1.34855
1.3598
1.37015
1.37935
1.38764
1.39472
1.40094
1.40598
1.41026
1.41373
1.41677
1.41927
1.42158
1.42355
1.42559
1.42746
1.42956
1.43167
1.434
1.43643
1.43902
1.4417
1.44444
1.44707
1.44971
1.4519
1.45406
1.4558
1.45716
1.45774
1.45778
1.45698
1.45534
1.45308
1.45032
1.44694
1.44363
1.43973
1.43656
1.43309
1.43057
1.42819
1.42667
1.42555
1.42504
1.42535
1.42601
1.42677
1.42773
1.42908
1.43083
1.43304
1.43549
1.43817
1.44128
1.44438
1.44816
1.45166
1.45603
1.45974
1.46441
1.46737
1.47129
0.565066
0.588062
0.60644
0.625756
0.646721
0.66867
0.691187
0.714002
0.737122
0.760607
0.784374
0.808373
0.832543
0.856717
0.880846
0.904851
0.928685
0.952288
0.975708
0.998823
1.02172
1.04427
1.06641
1.08814
1.10935
1.13014
1.15037
1.17015
1.18937
1.20804
1.22619
1.24367
1.26062
1.27687
1.29246
1.30735
1.32141
1.33462
1.34699
1.35834
1.36871
1.37806
1.38625
1.39345
1.39978
1.40527
1.40993
1.41383
1.41711
1.41983
1.42217
1.42413
1.42589
1.42755
1.42902
1.43067
1.43224
1.43401
1.43571
1.43734
1.43887
1.44028
1.44142
1.44197
1.44214
1.44188
1.44096
1.43931
1.43696
1.434
1.43046
1.42663
1.42251
1.41832
1.41446
1.4106
1.40764
1.40479
1.40287
1.40119
1.40041
1.3998
1.40017
1.40065
1.40115
1.40209
1.40346
1.40528
1.40757
1.4101
1.41315
1.41641
1.4201
1.424
1.4282
1.43264
1.43701
1.44167
1.44496
1.44884
0.561255
0.583114
0.600613
0.619338
0.639687
0.660933
0.682641
0.704675
0.726993
0.749712
0.772687
0.795871
0.819204
0.842598
0.865993
0.889421
0.912731
0.935972
0.959037
0.981898
1.00453
1.02689
1.0489
1.07056
1.0918
1.11265
1.13306
1.15302
1.17258
1.19158
1.21024
1.22829
1.24592
1.26297
1.27934
1.29511
1.31001
1.32411
1.33729
1.34958
1.36091
1.3713
1.38078
1.38944
1.39712
1.40384
1.40964
1.41457
1.41864
1.42196
1.4246
1.42669
1.42832
1.42952
1.43055
1.43151
1.43243
1.43339
1.4342
1.43468
1.43488
1.43482
1.43438
1.43335
1.43191
1.42984
1.42728
1.42395
1.42016
1.41572
1.41105
1.40612
1.40131
1.3967
1.39245
1.38868
1.38549
1.38268
1.38079
1.37897
1.37821
1.37769
1.37786
1.37811
1.37876
1.37983
1.38149
1.38347
1.38609
1.38894
1.39221
1.39577
1.39965
1.4037
1.40799
1.41237
1.41676
1.42108
1.42434
1.42775
0.559698
0.580926
0.597997
0.616603
0.63693
0.658095
0.67951
0.701154
0.722912
0.744887
0.767051
0.789309
0.811771
0.834314
0.856959
0.87968
0.902347
0.924992
0.947502
0.969876
0.992095
1.0141
1.03586
1.05736
1.07848
1.09934
1.1198
1.13993
1.15976
1.17915
1.19831
1.21691
1.23514
1.2528
1.26976
1.28616
1.30166
1.31651
1.33047
1.34367
1.35611
1.36776
1.37856
1.38845
1.39739
1.40533
1.41227
1.41821
1.42314
1.42713
1.43029
1.43262
1.43425
1.43516
1.4359
1.43647
1.43677
1.43674
1.4363
1.43547
1.43429
1.43266
1.43053
1.42787
1.42467
1.42091
1.41655
1.41165
1.40639
1.40078
1.39516
1.38951
1.38426
1.37926
1.37492
1.37096
1.36769
1.36498
1.3628
1.36124
1.3604
1.35994
1.36006
1.36045
1.36121
1.36248
1.36448
1.36658
1.3695
1.37225
1.37579
1.37927
1.38313
1.38712
1.39125
1.39548
1.39967
1.40386
1.40697
1.41024
0.560073
0.580851
0.59757
0.616105
0.636472
0.657471
0.67858
0.699664
0.72083
0.742023
0.763463
0.784991
0.806772
0.828673
0.850671
0.872782
0.894839
0.916928
0.938938
0.960876
0.982725
1.00443
1.02594
1.04728
1.06831
1.0892
1.10974
1.13014
1.15025
1.17008
1.18959
1.20868
1.22728
1.2454
1.26279
1.27972
1.29579
1.3114
1.32618
1.34035
1.35385
1.3666
1.37847
1.38958
1.39954
1.40873
1.41665
1.42365
1.42947
1.43424
1.43801
1.44069
1.44231
1.44318
1.44365
1.44383
1.4435
1.44236
1.44074
1.43857
1.4359
1.43269
1.42891
1.42459
1.41967
1.41426
1.40833
1.40206
1.39563
1.38915
1.3828
1.37678
1.37113
1.36604
1.36153
1.35756
1.35435
1.35157
1.34959
1.34813
1.34737
1.34721
1.34733
1.34775
1.3488
1.35024
1.35246
1.3546
1.35764
1.36034
1.364
1.36723
1.37121
1.37496
1.37906
1.3832
1.38732
1.39141
1.39447
1.39771
0.560664
0.580689
0.596611
0.614618
0.634579
0.655202
0.675952
0.696615
0.71741
0.738224
0.759359
0.780606
0.802059
0.823647
0.845261
0.867028
0.888717
0.910483
0.932177
0.953817
0.975381
0.996836
1.01813
1.03935
1.06032
1.0813
1.10197
1.12264
1.14295
1.16311
1.18282
1.20225
1.22108
1.23957
1.25736
1.27486
1.29153
1.30796
1.32351
1.33874
1.35305
1.3668
1.3796
1.39168
1.40267
1.41284
1.42173
1.42977
1.43638
1.44206
1.44639
1.44951
1.4513
1.452
1.45234
1.45226
1.45121
1.449
1.4462
1.44266
1.4386
1.43383
1.4285
1.42258
1.41614
1.40924
1.40199
1.39462
1.38727
1.38015
1.37335
1.3671
1.36131
1.35628
1.35174
1.34802
1.34481
1.34233
1.34052
1.33922
1.33879
1.33876
1.33892
1.33949
1.34084
1.34241
1.34478
1.34697
1.35006
1.3528
1.35646
1.35963
1.36372
1.36728
1.37158
1.37553
1.37973
1.38373
1.38681
1.38994
0.559406
0.578159
0.59296
0.610305
0.629809
0.650334
0.671031
0.691821
0.71272
0.733695
0.754862
0.776154
0.797556
0.819098
0.840599
0.862248
0.883752
0.905308
0.926745
0.948112
0.96942
0.990663
1.0118
1.03298
1.05393
1.07498
1.09574
1.11648
1.1369
1.15714
1.17702
1.19661
1.21576
1.23465
1.25294
1.27105
1.2884
1.30557
1.32186
1.33785
1.35288
1.36746
1.381
1.39394
1.40574
1.41681
1.42657
1.43554
1.44297
1.44946
1.4544
1.458
1.45998
1.46062
1.46087
1.46052
1.45884
1.45573
1.45186
1.44697
1.44155
1.43524
1.42847
1.42099
1.41316
1.40495
1.39664
1.38841
1.38042
1.37286
1.36589
1.35949
1.35387
1.34888
1.34464
1.34111
1.33818
1.33608
1.33442
1.3336
1.3334
1.33344
1.33378
1.33466
1.3362
1.3379
1.34031
1.34261
1.34568
1.34855
1.35216
1.35543
1.35956
1.3631
1.36755
1.37135
1.37576
1.37959
1.38273
1.38576
0.556349
0.573951
0.587986
0.605027
0.624545
0.645316
0.666297
0.687428
0.70851
0.729743
0.750995
0.772458
0.793928
0.81553
0.837006
0.858562
0.87991
0.901256
0.922474
0.943608
0.964712
0.98576
1.00673
1.02775
1.04859
1.06948
1.09017
1.11083
1.13126
1.15158
1.17166
1.19151
1.21112
1.23039
1.24932
1.2679
1.28591
1.3036
1.32051
1.33703
1.35271
1.36786
1.38209
1.39575
1.40824
1.42016
1.43064
1.44042
1.4486
1.45575
1.46133
1.46538
1.46758
1.46824
1.46845
1.46793
1.46579
1.46201
1.45705
1.45092
1.4441
1.4363
1.42808
1.4192
1.41011
1.4008
1.39163
1.38273
1.37434
1.36655
1.35957
1.35325
1.34784
1.34309
1.33923
1.33594
1.33354
1.33166
1.33045
1.33001
1.32999
1.3302
1.33079
1.33193
1.33354
1.3354
1.33782
1.34028
1.34334
1.34634
1.3499
1.35336
1.35741
1.36107
1.36558
1.36933
1.37393
1.37756
1.38089
1.38374
0.552853
0.570162
0.584216
0.601277
0.620944
0.641782
0.662923
0.684198
0.705423
0.72685
0.748198
0.769792
0.791298
0.812941
0.834397
0.855894
0.877151
0.89832
0.91936
0.940227
0.961066
0.981788
1.00246
1.02313
1.04374
1.06436
1.08498
1.10557
1.12612
1.14662
1.16696
1.18716
1.20713
1.2268
1.24614
1.26509
1.28357
1.3016
1.31905
1.33598
1.35224
1.3679
1.38274
1.397
1.41008
1.42268
1.43374
1.44414
1.45299
1.46063
1.46682
1.47128
1.47371
1.47447
1.4747
1.47409
1.4717
1.46736
1.46138
1.45414
1.44594
1.43681
1.42719
1.41705
1.40682
1.39661
1.38678
1.37743
1.36884
1.36103
1.35409
1.34804
1.34284
1.33852
1.33495
1.33218
1.33008
1.32862
1.32782
1.32758
1.32784
1.32821
1.32898
1.33026
1.33193
1.33395
1.33636
1.33894
1.34197
1.3451
1.34865
1.35229
1.35624
1.36019
1.36457
1.36852
1.37313
1.37666
1.38017
1.38277
0.549868
0.567696
0.582051
0.599093
0.618717
0.639494
0.660696
0.682
0.703313
0.724849
0.74628
0.767966
0.789477
0.811118
0.83254
0.853983
0.875213
0.896272
0.917171
0.937736
0.95823
0.9785
0.998756
1.01905
1.0394
1.05985
1.08047
1.10109
1.1218
1.14246
1.16301
1.18345
1.20362
1.22359
1.24317
1.26245
1.28126
1.29966
1.31753
1.33485
1.35159
1.36767
1.38298
1.3977
1.41122
1.42432
1.43585
1.44673
1.45613
1.46418
1.47089
1.47574
1.4784
1.4793
1.47956
1.47891
1.47636
1.47152
1.46471
1.4565
1.44707
1.43681
1.42596
1.41483
1.40369
1.39288
1.38257
1.37304
1.36432
1.35659
1.34975
1.34395
1.339
1.335
1.33178
1.32934
1.32757
1.32646
1.32584
1.32584
1.32623
1.32681
1.32772
1.32903
1.3308
1.3329
1.33534
1.33802
1.34104
1.34427
1.34787
1.35152
1.35557
1.35962
1.36396
1.36816
1.37258
1.37619
1.37972
1.38207
0.54772
0.56628
0.580873
0.597851
0.617362
0.638073
0.659347
0.680667
0.70199
0.723518
0.744993
0.766762
0.788328
0.809992
0.831386
0.852772
0.873956
0.894893
0.91564
0.935943
0.956127
0.976048
0.995983
1.01601
1.03618
1.05656
1.07714
1.0978
1.11857
1.13933
1.15998
1.18056
1.20088
1.22106
1.24086
1.26043
1.27951
1.29823
1.31641
1.334
1.35105
1.36737
1.38297
1.39796
1.41178
1.42521
1.43706
1.44831
1.45808
1.46647
1.47358
1.47872
1.48162
1.48259
1.48287
1.48219
1.47953
1.47429
1.46689
1.45793
1.44757
1.43645
1.42467
1.41283
1.40105
1.38986
1.37926
1.36968
1.36092
1.35331
1.34661
1.34099
1.33629
1.3325
1.32958
1.32732
1.32585
1.32484
1.32439
1.32454
1.32504
1.32572
1.32667
1.32803
1.32986
1.33205
1.33454
1.33729
1.34034
1.34367
1.34727
1.35102
1.35509
1.35919
1.3636
1.36783
1.37212
1.37585
1.37925
1.38148
0.546526
0.565541
0.580234
0.597177
0.616653
0.637348
0.658672
0.680015
0.701359
0.722878
0.744382
0.766202
0.787825
0.809521
0.830906
0.852242
0.873356
0.894166
0.914772
0.934891
0.954893
0.974629
0.994405
1.01431
1.03439
1.0547
1.07526
1.09593
1.11671
1.13752
1.15823
1.1789
1.19931
1.21962
1.23955
1.2593
1.27854
1.29743
1.31578
1.33353
1.35073
1.36719
1.38294
1.39808
1.41204
1.42564
1.43767
1.4491
1.45909
1.46766
1.47497
1.48027
1.48329
1.4843
1.48458
1.48385
1.48108
1.47565
1.46791
1.45852
1.44765
1.43604
1.42377
1.41155
1.39949
1.38809
1.37742
1.36777
1.35905
1.35146
1.34485
1.33932
1.33472
1.33105
1.3282
1.3261
1.32469
1.32375
1.32342
1.32361
1.32419
1.32492
1.32591
1.32731
1.32918
1.33142
1.33395
1.33676
1.33986
1.34322
1.34685
1.35065
1.35473
1.35885
1.36328
1.3675
1.37177
1.37551
1.37884
1.38105
)
;

boundaryField
{
    inlet
    {
        type            calculated;
        value           uniform 3.00001;
    }
    outlet
    {
        type            calculated;
        value           nonuniform List<scalar> 
40
(
0.9508
1.05606
1.15889
1.24684
1.31741
1.36993
1.41522
1.44712
1.46691
1.48565
1.49723
1.50734
1.51634
1.52436
1.53239
1.5403
1.54822
1.55609
1.56379
1.57052
1.57525
1.57727
1.57578
1.56982
1.55885
1.54303
1.52112
1.49585
1.47129
1.44884
1.42775
1.41024
1.39771
1.38994
1.38576
1.38374
1.38277
1.38207
1.38148
1.38105
)
;
    }
    bottom
    {
        type            symmetryPlane;
    }
    top
    {
        type            symmetryPlane;
    }
    obstacle
    {
        type            calculated;
        value           uniform 0;
    }
    defaultFaces
    {
        type            empty;
    }
}


// ************************************************************************* //
