/*--------------------------------*- C++ -*----------------------------------*\
  =========                 |
  \\      /  F ield         | OpenFOAM: The Open Source CFD Toolbox
   \\    /   O peration     | Website:  https://openfoam.org
    \\  /    A nd           | Version:  10
     \\/     M anipulation  |
\*---------------------------------------------------------------------------*/
FoamFile
{
    format      ascii;
    class       volScalarField;
    location    "10";
    object      p;
}
// * * * * * * * * * * * * * * * * * * * * * * * * * * * * * * * * * * * * * //

dimensions      [1 -1 -2 0 0 0 0];

internalField   nonuniform List<scalar> 
5250
(
1.00001
1.00004
1.00011
1.0003
1.00071
1.00187
1.00443
1.01118
1.02745
1.06838
1.17224
1.45095
2.24291
4.60163
10.6861
11.2184
11.0925
11.0931
11.1885
11.417
11.632
11.7708
11.881
11.9679
12.0349
1.00001
1.00004
1.00011
1.0003
1.00071
1.00187
1.00426
1.01145
1.02615
1.06955
1.168
1.44801
2.22745
4.55878
10.6034
11.2114
11.0866
11.0851
11.1799
11.4079
11.6226
11.7619
11.8738
11.9621
12.0307
1.00001
1.00004
1.00011
1.00029
1.0007
1.00177
1.0044
1.01059
1.02705
1.0654
1.1677
1.43413
2.19932
4.46519
10.4196
11.195
11.0701
11.0583
11.1499
11.3731
11.5848
11.7223
11.8335
11.9209
11.9892
1.00001
1.00004
1.00011
1.00026
1.00072
1.00163
1.0044
1.00991
1.0268
1.062
1.1638
1.41592
2.15623
4.32507
10.1313
11.1742
11.046
11.0129
11.0987
11.3126
11.5188
11.652
11.7596
11.8445
11.9131
1.00001
1.00004
1.0001
1.00026
1.00065
1.00165
1.00393
1.01018
1.02387
1.06223
1.15154
1.40047
2.09122
4.14564
9.73073
11.1533
11.0171
10.9504
11.0283
11.2292
11.4277
11.5541
11.6561
11.7372
11.8071
1.00001
1.00003
1.00009
1.00026
1.00059
1.00158
1.00367
1.00955
1.02268
1.05781
1.14299
1.37395
2.01709
3.92034
9.20826
11.1408
10.9861
10.8701
10.938
11.1214
11.3086
11.4239
11.5155
11.5888
11.6588
1.00001
1.00003
1.00009
1.00022
1.00059
1.00137
1.00357
1.00847
1.02139
1.05272
1.13262
1.3416
1.93026
3.65401
8.55197
11.1442
10.9563
10.7727
10.8281
10.9886
11.159
11.2564
11.3293
11.3853
11.4492
1
1.00003
1.00008
1.00022
1.00049
1.00134
1.00301
1.00812
1.01854
1.04895
1.1175
1.3093
1.82614
3.3529
7.75424
11.1616
10.9295
10.6595
10.6998
10.8308
10.9766
11.0459
11.0865
11.1057
11.1433
1
1.00002
1.00007
1.00017
1.00048
1.00108
1.00291
1.00661
1.01756
1.04107
1.1065
1.26659
1.7201
3.02101
6.83546
11.1828
10.9031
10.5352
10.5556
10.6477
10.7586
10.7859
10.7735
10.7182
10.6662
1
1.00002
1.00006
1.00016
1.00039
1.00099
1.00241
1.00588
1.01488
1.03572
1.09108
1.228
1.60594
2.68248
5.82715
11.1317
10.8456
10.412
10.3945
10.4422
10.5007
10.4782
10.3839
10.1663
9.84677
1
1.00002
1.00005
1.00013
1.00035
1.00083
1.00208
1.00518
1.01238
1.03168
1.07642
1.19604
1.50975
2.40603
5.01444
10.8137
10.6776
10.3083
10.2044
10.219
10.2111
10.1286
9.88435
9.31984
7.88519
1
1.00002
1.00004
1.00012
1.00028
1.00077
1.00172
1.00463
1.01051
1.02784
1.06556
1.17039
1.43624
2.20319
4.43306
10.0218
10.3696
10.1903
10.013
9.98401
9.92031
9.75379
9.37548
8.61707
7.16364
1
1.00001
1.00004
1.00011
1.00024
1.00065
1.00149
1.00394
1.00914
1.02363
1.05678
1.14526
1.37145
2.01624
3.88192
8.88269
10.1733
10.0637
9.84198
9.75177
9.63774
9.40063
8.93384
8.18169
7.06805
1
1.00001
1.00003
1.00008
1.00022
1.00051
1.00134
1.00315
1.00798
1.0195
1.04832
1.12108
1.31063
1.83611
3.35678
7.59796
10.0588
9.95987
9.71112
9.53502
9.37104
9.09124
8.62404
7.94843
7.07568
1
1.00001
1.00003
1.00007
1.00018
1.00041
1.00112
1.0025
1.00678
1.01533
1.04072
1.09648
1.25283
1.66217
2.8507
6.21899
9.97117
9.88169
9.60942
9.34213
9.1329
8.84359
8.40839
7.8159
7.09368
1
1.00001
1.00002
1.00006
1.00013
1.00036
1.00081
1.00218
1.00493
1.01306
1.03026
1.07824
1.19158
1.50524
2.36531
4.77886
9.71612
9.73859
9.5342
9.18366
8.93463
8.64995
8.25369
7.73474
7.12121
1
1.00001
1.00002
1.00004
1.00012
1.00027
1.00069
1.00168
1.00406
1.01031
1.02438
1.06284
1.15289
1.4009
2.07917
4.02889
8.87695
9.51217
9.37158
9.05473
8.77652
8.50001
8.14387
7.69225
7.16491
1
1
1.00001
1.00004
1.00009
1.00023
1.00052
1.00139
1.00313
1.00842
1.01901
1.05075
1.11984
1.3168
1.83744
3.34548
7.36448
9.25869
9.18691
8.96461
8.66515
8.39178
8.07459
7.69245
7.23294
1
1
1.00001
1.00003
1.00007
1.00018
1.00041
1.00107
1.00243
1.00652
1.01464
1.03943
1.09164
1.24183
1.62598
2.73105
5.77317
9.06553
9.07673
8.93274
8.62177
8.3325
8.04762
7.70808
7.32727
1
1
1.00001
1.00002
1.00005
1.00014
1.0003
1.00082
1.00182
1.00489
1.01096
1.02921
1.06778
1.17639
1.44569
2.20188
4.24847
8.60228
9.02895
8.90438
8.61965
8.32583
8.05657
7.75759
7.45924
1
1
1.00001
1.00002
1.00004
1.0001
1.00025
1.00057
1.00151
1.00339
1.00908
1.02049
1.05456
1.12861
1.33958
1.89384
3.47283
7.46796
8.90027
8.83424
8.62975
8.34302
8.09574
7.86463
7.64207
1
1
1
1.00001
1.00003
1.00007
1.00019
1.00043
1.00112
1.00259
1.00659
1.01593
1.03931
1.09793
1.24737
1.6516
2.7811
5.83038
8.68066
8.77397
8.66136
8.41176
8.1959
8.04091
7.87587
1
1
1
1.00001
1.00002
1.00006
1.00013
1.00034
1.00075
1.002
1.00452
1.01188
1.02748
1.07066
1.17171
1.44743
2.18098
4.14595
8.21085
8.79359
8.73201
8.56976
8.40135
8.28146
8.14657
1
1
1
1.00001
1.00002
1.00004
1.0001
1.00023
1.0006
1.00135
1.00361
1.0081
1.02158
1.04969
1.12972
1.3211
1.86424
3.3457
7.09597
8.76017
8.85275
8.79964
8.6803
8.56415
8.43116
1
1
1
1
1.00001
1.00003
1.00007
1.00017
1.00044
1.00099
1.00264
1.00593
1.01579
1.03622
1.09465
1.23088
1.61505
2.65735
5.46141
8.62628
9.0994
9.06838
8.98849
8.87304
8.71577
1
1
1
1
1.00001
1.00002
1.00005
1.00012
1.00032
1.00072
1.00191
1.00426
1.01145
1.02577
1.06841
1.16208
1.42763
2.12519
4.02012
8.19223
9.38211
9.37914
9.33137
9.21589
8.99223
1
1
1
1
1.00001
1.00001
1.00004
1.00009
1.00024
1.00053
1.00143
1.00318
1.00858
1.01935
1.05127
1.12146
1.31905
1.83827
3.31473
7.12862
9.56926
9.75523
9.69625
9.54122
9.23628
1
1
1
1
1
1.00001
1.00003
1.00007
1.00017
1.00041
1.00106
1.00242
1.00644
1.01449
1.03899
1.0904
1.23848
1.61469
2.68981
5.60086
9.73969
10.1946
10.0937
9.84197
9.44146
1
1
1
1
1
1.00001
1.00002
1.00006
1.00013
1.00034
1.00077
1.00202
1.00468
1.01201
1.02885
1.07243
1.18057
1.47046
2.27248
4.51702
9.59557
10.5583
10.4321
10.1055
9.60992
1
1
1
1
1
1.00001
1.00002
1.00004
1.00011
1.00026
1.00068
1.00154
1.00413
1.0093
1.02511
1.05788
1.15295
1.38522
2.06181
3.99692
9.02968
10.7781
10.6599
10.305
9.73065
1
1
1
1
1
1.00001
1.00002
1.00004
1.00009
1.00021
1.00057
1.00131
1.00343
1.00809
1.02055
1.0504
1.1273
1.32689
1.88836
3.52144
8.05456
11.038
10.8834
10.4213
9.80214
1
1
1
1
1
1.00001
1.00001
1.00003
1.00008
1.00019
1.00048
1.00112
1.00297
1.00673
1.01817
1.04183
1.11117
1.27558
1.75338
3.1246
7.11345
11.4052
11.1224
10.4402
9.83436
1
1
1
1
1
1
1.00001
1.00003
1.00007
1.00016
1.00041
1.00101
1.00243
1.00625
1.0147
1.03837
1.09243
1.2408
1.63646
2.79557
6.20713
11.704
11.2915
10.4302
9.86703
1
1
1
1
1
1
1.00001
1.00002
1.00006
1.00014
1.00038
1.00086
1.0023
1.00521
1.01404
1.03209
1.08574
1.208
1.56179
2.55479
5.50624
11.6893
11.2786
10.4359
9.91861
1
1
1
1
1
1
1.00001
1.00002
1.00006
1.00013
1.00034
1.00081
1.00203
1.00507
1.01214
1.03116
1.0756
1.19442
1.50918
2.41798
5.12143
11.4259
11.1607
10.5001
9.99861
1
1
1
1
1
1
1.00001
1.00002
1.00005
1.00012
1.00032
1.00073
1.00194
1.00452
1.01171
1.02815
1.0715
1.17897
1.47287
2.30823
4.79764
10.9787
10.9887
10.645
10.0953
1
1
1
1
1
1
1.00001
1.00002
1.00005
1.00011
1.00029
1.00072
1.00173
1.00444
1.01043
1.02731
1.06519
1.16919
1.43815
2.21613
4.51835
10.4977
11.0029
10.7287
10.1734
1
1
1
1
1
1
1.00001
1.00002
1.00005
1.00011
1.00027
1.00067
1.00162
1.00417
1.00977
1.02566
1.06098
1.15879
1.40847
2.13321
4.27286
10.0164
11.0562
10.7928
10.2368
1
1
1
1
1
1
1.00001
1.00002
1.00004
1.0001
1.00026
1.0006
1.00159
1.00372
1.00958
1.02328
1.05856
1.14724
1.38453
2.05604
4.05244
9.54285
11.1479
10.8684
10.2768
1
1
1
1
1
1
1.00001
1.00002
1.00004
1.0001
1.00023
1.00061
1.00138
1.00374
1.00845
1.02298
1.05316
1.14105
1.35676
1.99001
3.84715
9.08364
11.2694
10.9528
10.2967
1
1
1
1
1
1
1.00001
1.00001
1.00004
1.00009
1.00023
1.00052
1.00142
1.00319
1.0087
1.01988
1.053
1.12779
1.34
1.91987
3.6618
8.64023
11.4203
11.0435
10.3043
1
1
1
1
1
1
1.00001
1.00001
1.00004
1.00008
1.00022
1.00049
1.00133
1.00301
1.00813
1.01878
1.04957
1.12034
1.31836
1.85999
3.48621
8.21542
11.5937
11.1283
10.3147
1
1
1
1
1
1
1
1.00001
1.00003
1.00008
1.00019
1.0005
1.00116
1.003
1.00731
1.01817
1.04577
1.11432
1.29683
1.8064
3.32291
7.81047
11.7809
11.2099
10.3261
1
1
1
1
1
1
1
1.00001
1.00003
1.00008
1.00018
1.00047
1.0011
1.00279
1.00697
1.01696
1.04334
1.10731
1.27927
1.75526
3.17429
7.42709
11.9721
11.2879
10.3403
1
1
1
1
1
1
1
1.00001
1.00003
1.00007
1.00017
1.00045
1.00102
1.00272
1.00636
1.01653
1.04006
1.10268
1.26168
1.71116
3.03868
7.06781
12.1555
11.3611
10.3594
1
1
1
1
1
1
1
1.00001
1.00003
1.00007
1.00017
1.00041
1.001
1.00256
1.00604
1.01592
1.03747
1.09869
1.2468
1.67251
2.91962
6.73547
12.3189
11.4299
10.3853
1
1
1
1
1
1
1
1.00001
1.00003
1.00007
1.00015
1.00041
1.00094
1.00249
1.00585
1.01507
1.0367
1.0933
1.23729
1.63933
2.81899
6.43029
12.4513
11.4954
10.4197
1
1
1
1
1
1
1
1.00001
1.00002
1.00007
1.00015
1.0004
1.00094
1.00236
1.00591
1.01421
1.03649
1.08911
1.23073
1.61337
2.73928
6.17118
12.5321
11.5472
10.4574
1
1
1
1
1
1
1
1.00001
1.00002
1.00007
1.00015
1.0004
1.00091
1.00239
1.00563
1.01442
1.03511
1.08881
1.2248
1.60125
2.69017
5.99324
12.5647
11.5866
10.4922
1
1
1
1
1
1
1
1.00001
1.00003
1.00006
1.00016
1.00038
1.00093
1.00235
1.00558
1.01453
1.03423
1.08938
1.22175
1.5968
2.67214
5.93655
12.5472
11.6016
10.5135
3.82432
3.31193
4.30228
4.35324
4.11756
4.03321
3.99809
3.97219
3.92463
3.86981
3.83983
3.82847
3.82591
3.82803
3.83892
3.86104
3.89758
3.94649
4.00454
4.06938
4.1389
4.21134
4.28511
4.35936
4.43451
4.50775
4.57782
4.6437
4.70496
4.76149
4.81317
4.85986
4.90088
4.93878
4.9727
4.99992
5.02006
5.03447
5.04376
5.04762
5.04722
5.04378
5.03515
5.02048
5.00268
4.98173
4.95773
4.9305
4.90056
4.86796
4.83297
4.79577
4.75659
4.71553
4.67287
4.62864
4.58313
4.53639
4.48866
4.44002
4.39065
4.34068
4.29024
4.23947
4.18849
4.13745
4.08645
4.03561
3.98506
3.93489
3.8852
3.83609
3.78763
3.73989
3.69292
3.64678
3.60149
3.55711
3.51369
3.47129
3.42996
3.38977
3.35081
3.31319
3.27706
3.24256
3.20986
3.1792
3.15087
3.12521
3.10268
3.08384
3.06935
3.06008
3.05748
3.05801
3.05985
3.06425
3.07322
3.08748
4.7528
4.28252
4.42427
4.30982
4.09721
4.04351
4.0426
4.0066
3.93364
3.86626
3.82626
3.8118
3.8113
3.82305
3.83713
3.85858
3.89372
3.94223
3.99994
4.06434
4.13339
4.20529
4.27847
4.351
4.42746
4.50018
4.5703
4.63625
4.6979
4.75463
4.80645
4.85327
4.89501
4.93254
4.96582
4.99321
5.01381
5.02856
5.03782
5.0419
5.04154
5.03885
5.03124
5.0159
4.99748
4.9767
4.95295
4.92607
4.89629
4.86385
4.82901
4.79195
4.75289
4.71198
4.66942
4.62535
4.57995
4.53338
4.48577
4.43728
4.38805
4.33822
4.28792
4.23728
4.18643
4.1355
4.08461
4.03388
3.98342
3.93333
3.88373
3.83469
3.78631
3.73863
3.69172
3.64562
3.60039
3.55604
3.51266
3.47029
3.42899
3.38883
3.34989
3.31234
3.27628
3.24184
3.2092
3.17861
3.15036
3.12479
3.10236
3.08361
3.06924
3.06011
3.05817
3.05881
3.06092
3.06589
3.07592
3.09285
5.60276
4.87827
4.61541
4.3713
4.17063
4.076
4.02327
3.97347
3.91931
3.86617
3.83275
3.82374
3.8258
3.82815
3.83385
3.85102
3.88741
3.93659
3.99418
4.05869
4.12809
4.20045
4.27423
4.3483
4.42296
4.49579
4.56582
4.6319
4.6934
4.75009
4.80186
4.84861
4.89037
4.92753
4.96001
4.98694
5.00758
5.02233
5.03146
5.03531
5.03492
5.03258
5.02591
5.01163
4.99175
4.97015
4.94638
4.91977
4.89019
4.85791
4.82315
4.78621
4.74724
4.70646
4.66401
4.62009
4.57483
4.52842
4.48099
4.43268
4.38365
4.334
4.2839
4.23344
4.18279
4.13202
4.08131
4.03073
3.98043
3.93049
3.88104
3.83213
3.78387
3.73631
3.68951
3.64351
3.59836
3.5541
3.51083
3.46858
3.42739
3.38734
3.34846
3.31109
3.27524
3.24101
3.20861
3.17828
3.15032
3.12508
3.10305
3.08474
3.07085
3.06233
3.06155
3.06239
3.06499
3.07099
3.08283
3.10382
5.99824
5.22083
4.78684
4.50638
4.30865
4.17289
4.0955
4.03949
3.97882
3.91541
3.8672
3.83947
3.82975
3.8315
3.84035
3.86117
3.89745
3.9446
4.00066
4.06339
4.13098
4.20176
4.27428
4.34721
4.42035
4.4921
4.56092
4.62605
4.68684
4.74289
4.79401
4.84009
4.88119
4.91753
4.94905
4.9753
4.99576
5.01039
5.01942
5.02296
5.02258
5.02054
5.0148
5.00218
4.98148
4.95898
4.93495
4.90854
4.87932
4.84736
4.81288
4.77618
4.73744
4.6969
4.65472
4.61107
4.56612
4.52002
4.47291
4.42494
4.37623
4.32692
4.27714
4.22701
4.17665
4.12618
4.07575
4.02544
3.97541
3.92574
3.87653
3.82788
3.77988
3.73255
3.68598
3.6402
3.59526
3.55113
3.50806
3.46602
3.42507
3.38531
3.34691
3.30973
3.27406
3.24012
3.20809
3.17823
3.15082
3.12628
3.105
3.08757
3.07469
3.06762
3.06788
3.06918
3.07267
3.08022
3.09431
3.11962
6.23026
5.50204
5.01697
4.70625
4.49701
4.3527
4.25471
4.18168
4.10603
4.02731
3.96165
3.91786
3.89572
3.88964
3.89112
3.89878
3.91931
3.96188
4.01847
4.07928
4.14389
4.21181
4.28177
4.35258
4.42321
4.49244
4.55908
4.62228
4.6813
4.73572
4.78534
4.83021
4.87027
4.90551
4.93594
4.9613
4.98127
4.99562
5.00447
5.00769
5.00729
5.00543
5.00035
4.98919
4.9688
4.9457
4.92111
4.89457
4.86557
4.83396
4.79986
4.7635
4.72509
4.68487
4.64303
4.59973
4.55515
4.50943
4.46272
4.41515
4.36685
4.31794
4.26856
4.2188
4.16883
4.11873
4.06866
4.01871
3.96903
3.91971
3.87083
3.82256
3.77493
3.72788
3.68155
3.63603
3.59138
3.54772
3.50494
3.46319
3.42256
3.38315
3.34505
3.30837
3.27324
3.2399
3.20854
3.17944
3.15294
3.12942
3.10938
3.09346
3.08223
3.07801
3.07854
3.08049
3.08542
3.09583
3.11203
3.14193
6.41258
5.7684
5.28772
4.95993
4.73865
4.58592
4.47494
4.38227
4.28869
4.19238
4.10401
4.03351
3.98483
3.95755
3.95105
3.95402
3.96518
3.99205
4.0447
4.10425
4.1663
4.23042
4.29599
4.36227
4.42847
4.49381
4.55708
4.61744
4.67416
4.72651
4.77449
4.81774
4.85635
4.89021
4.91935
4.94366
4.9629
4.97684
4.98544
4.98835
4.98794
4.98618
4.98155
4.97145
4.95217
4.9292
4.90422
4.8774
4.84844
4.81712
4.78343
4.74748
4.7095
4.66969
4.62827
4.58542
4.54129
4.49604
4.44981
4.40273
4.35492
4.3065
4.25759
4.2083
4.15877
4.10912
4.05949
4.00999
3.96075
3.91186
3.86335
3.81552
3.76835
3.72188
3.67609
3.63105
3.58685
3.54355
3.50118
3.45985
3.41966
3.38073
3.34319
3.30718
3.27284
3.24037
3.20999
3.18204
3.15687
3.13491
3.11667
3.10283
3.09416
3.09306
3.09395
3.09683
3.10363
3.11766
3.13616
3.17035
6.57749
6.02383
5.57901
5.25573
5.02946
4.86805
4.74214
4.6285
4.51305
4.39456
4.28155
4.18454
4.11068
4.06292
4.03907
4.03708
4.04085
4.05353
4.08289
4.13577
4.19476
4.25499
4.31556
4.37632
4.43706
4.49731
4.5562
4.61285
4.66648
4.71635
4.76217
4.80357
4.84045
4.87275
4.90047
4.92358
4.94189
4.95519
4.96341
4.9659
4.96547
4.96372
4.95929
4.9498
4.93189
4.90965
4.88471
4.85767
4.82861
4.79743
4.76406
4.72855
4.69105
4.65175
4.61085
4.56852
4.52494
4.48026
4.43459
4.38808
4.34084
4.29298
4.24462
4.19588
4.14691
4.09781
4.04875
3.99982
3.95115
3.90293
3.8553
3.80806
3.76139
3.7154
3.6701
3.62553
3.58178
3.53893
3.49709
3.45632
3.41678
3.37856
3.34184
3.30677
3.27348
3.24221
3.21326
3.18698
3.16372
3.14394
3.12824
3.11717
3.11245
3.11285
3.11453
3.11901
3.12861
3.14772
3.16813
3.20508
6.74488
6.27895
5.88587
5.58361
5.35896
5.18662
5.0408
4.90206
4.76055
4.6176
4.48078
4.35984
4.26214
4.19179
4.14835
4.12922
4.1295
4.1337
4.14662
4.17556
4.22575
4.28111
4.33678
4.39194
4.44668
4.50105
4.55453
4.60652
4.65631
4.70316
4.7465
4.78587
4.82103
4.85173
4.87801
4.89993
4.91722
4.9298
4.93759
4.93967
4.93921
4.93748
4.93318
4.9241
4.90753
4.88643
4.86205
4.83514
4.80607
4.77497
4.74185
4.70676
4.66979
4.63108
4.59078
4.54909
4.50614
4.46208
4.41706
4.37117
4.32455
4.2773
4.22954
4.18139
4.13301
4.08453
4.03609
3.9879
3.94009
3.89267
3.84571
3.79915
3.75308
3.70762
3.66287
3.61888
3.57574
3.53354
3.49241
3.45243
3.41376
3.37653
3.34092
3.30711
3.27522
3.24562
3.2186
3.19452
3.17381
3.15693
3.14453
3.13722
3.13668
3.13763
3.14071
3.14794
3.16269
3.18555
3.20703
3.24464
6.92994
6.54685
6.2098
5.9327
5.70933
5.52074
5.34864
5.18051
5.01209
4.84616
4.68952
4.54989
4.4335
4.34419
4.28221
4.24576
4.22992
4.23006
4.23318
4.24361
4.26763
4.31092
4.3589
4.40776
4.4565
4.50489
4.55247
4.59919
4.64451
4.68774
4.72824
4.76538
4.79871
4.82789
4.85281
4.87351
4.88983
4.90169
4.90904
4.91069
4.9102
4.90845
4.9042
4.89532
4.8799
4.86005
4.83658
4.81016
4.7813
4.75034
4.71744
4.68273
4.64626
4.60816
4.56854
4.52754
4.48529
4.44194
4.39761
4.35241
4.30645
4.25986
4.21275
4.16527
4.11758
4.06992
4.02246
3.97523
3.92828
3.88163
3.83535
3.78949
3.74412
3.69934
3.65526
3.61198
3.5696
3.52823
3.48798
3.449
3.41143
3.37546
3.34127
3.30894
3.2789
3.25143
3.22686
3.20557
3.18804
3.17477
3.16636
3.1639
3.16454
3.16683
3.17259
3.1847
3.20415
3.22876
3.24983
3.28572
7.1463
6.83541
6.54608
6.2877
6.05771
5.84639
5.64475
5.44807
5.25606
5.07224
4.90164
4.74956
4.62008
4.51589
4.43716
4.38329
4.34971
4.33253
4.32685
4.32821
4.33454
4.35063
4.38343
4.4225
4.46474
4.50709
4.54893
4.59043
4.631
4.67011
4.70725
4.74173
4.77295
4.80048
4.82408
4.84368
4.85912
4.87038
4.87735
4.87864
4.87813
4.87636
4.87214
4.86341
4.84896
4.83032
4.80796
4.78236
4.75401
4.72338
4.69079
4.65645
4.62048
4.58299
4.54407
4.5038
4.46232
4.41971
4.37612
4.33164
4.28638
4.24049
4.19406
4.14741
4.10071
4.05408
4.00757
3.96121
3.91505
3.86917
3.82363
3.77854
3.73396
3.68999
3.64676
3.60435
3.56291
3.52255
3.48342
3.44569
3.40954
3.3752
3.3427
3.31243
3.28472
3.25993
3.23843
3.22065
3.20703
3.19813
3.19466
3.19508
3.19689
3.20174
3.21218
3.23047
3.25191
3.27615
3.29539
3.32766
7.39864
7.14092
6.88112
6.62728
6.38224
6.1457
5.91728
5.69757
5.48867
5.29349
5.11489
4.95557
4.81761
4.70214
4.60985
4.53839
4.48647
4.45097
4.42854
4.41533
4.4128
4.41495
4.4232
4.44206
4.47386
4.50803
4.54348
4.57981
4.61579
4.65077
4.68427
4.71562
4.74428
4.76985
4.79202
4.81058
4.82533
4.83605
4.84279
4.84387
4.84335
4.84157
4.83741
4.82884
4.81521
4.79766
4.77644
4.75184
4.72428
4.69423
4.66212
4.62824
4.59281
4.55593
4.5177
4.4782
4.43749
4.39569
4.35287
4.30914
4.26462
4.21947
4.17403
4.12842
4.08278
4.03714
3.99154
3.94606
3.90077
3.85575
3.8111
3.76691
3.72326
3.68026
3.63803
3.59669
3.55639
3.51728
3.47954
3.44336
3.409
3.37648
3.34616
3.31845
3.29364
3.27213
3.25434
3.24071
3.23168
3.2278
3.22811
3.22972
3.23412
3.24376
3.26092
3.2815
3.30264
3.32455
3.34062
3.36813
7.67775
7.448
7.19651
6.93412
6.67013
6.41157
6.16345
5.92927
5.71141
5.51096
5.32896
5.16589
5.02227
4.89794
4.79302
4.70613
4.63667
4.58268
4.54212
4.51243
4.49292
4.48083
4.48056
4.48312
4.49183
4.5109
4.53942
4.56692
4.59773
4.62899
4.65904
4.68708
4.71286
4.73616
4.75668
4.77411
4.78815
4.79847
4.80507
4.80613
4.80561
4.80386
4.79982
4.79154
4.77864
4.76206
4.74192
4.71841
4.69183
4.66262
4.63122
4.59798
4.56316
4.52692
4.4894
4.45064
4.41073
4.36972
4.3277
4.28475
4.24107
4.19697
4.15263
4.10812
4.0635
4.01884
3.9742
3.92967
3.88535
3.8413
3.79765
3.75447
3.71189
3.67
3.62895
3.58889
3.54997
3.51239
3.47634
3.44211
3.40981
3.37959
3.352
3.32737
3.30606
3.2885
3.27511
3.26631
3.2624
3.2627
3.26427
3.26869
3.27829
3.29513
3.31481
3.33507
3.35394
3.37206
3.38418
3.40677
7.96593
7.73894
7.47845
7.20051
6.91951
6.64621
6.3876
6.14732
5.92671
5.72556
5.54322
5.37856
5.23069
5.09885
4.9828
4.88187
4.79611
4.72451
4.66599
4.61918
4.58308
4.55599
4.53849
4.52826
4.52848
4.53139
4.54015
4.55893
4.57867
4.60508
4.63113
4.65567
4.6786
4.69958
4.7183
4.73445
4.74766
4.75758
4.764
4.76522
4.76473
4.76308
4.75926
4.75144
4.73924
4.72354
4.70442
4.68202
4.65657
4.62844
4.59799
4.56559
4.53153
4.49602
4.45922
4.42122
4.3821
4.3419
4.30068
4.25863
4.21606
4.17313
4.12993
4.08651
4.04295
3.99933
3.95574
3.91226
3.869
3.82605
3.78351
3.7415
3.70014
3.65956
3.61991
3.58137
3.54413
3.50841
3.47447
3.44256
3.4126
3.38535
3.36107
3.34015
3.323
3.31006
3.30169
3.29815
3.29851
3.30027
3.30503
3.31525
3.33218
3.35146
3.37077
3.38865
3.40385
3.41742
3.42588
3.44303
8.24347
8.00057
7.72194
7.42838
7.13633
6.85683
6.59613
6.35657
6.1381
5.9391
5.75761
5.59157
5.43954
5.30059
5.1744
5.06074
4.96038
4.87277
4.79757
4.73414
4.68162
4.63919
4.60627
4.58197
4.56639
4.55766
4.55795
4.56068
4.56843
4.58386
4.60214
4.6218
4.64165
4.66021
4.67704
4.69173
4.7039
4.71322
4.71945
4.72088
4.72043
4.71891
4.7154
4.7082
4.69674
4.68187
4.66375
4.64249
4.6183
4.59142
4.56215
4.53082
4.4977
4.46305
4.42705
4.38985
4.35153
4.31213
4.27183
4.23094
4.18959
4.14785
4.10581
4.06353
4.02111
3.97862
3.93618
3.89386
3.85179
3.81006
3.76879
3.72812
3.68817
3.64912
3.61113
3.57442
3.53919
3.50573
3.47438
3.44491
3.41812
3.39437
3.37402
3.35747
3.34514
3.33745
3.33451
3.33497
3.33704
3.34245
3.35379
3.37099
3.39012
3.40888
3.42579
3.43998
3.45097
3.4599
3.46549
3.47721
8.49718
8.22714
7.92911
7.62488
7.32952
7.05181
6.79561
6.56136
6.34749
6.15143
5.97054
5.80258
5.64606
5.50022
5.36489
5.24034
5.12676
5.0249
4.93477
4.85608
4.7883
4.73078
4.68296
4.6442
4.61407
4.59193
4.5777
4.56938
4.56947
4.57124
4.57671
4.58839
4.60336
4.61832
4.63294
4.64596
4.65691
4.66547
4.67139
4.67292
4.67252
4.67115
4.66797
4.66145
4.65074
4.63673
4.61965
4.59963
4.57681
4.55134
4.52344
4.49337
4.46139
4.42776
4.39271
4.3564
4.31892
4.28046
4.24133
4.20168
4.16157
4.12108
4.08027
4.03922
3.99803
3.95679
3.91561
3.87458
3.83384
3.79349
3.75368
3.71454
3.67626
3.63901
3.60299
3.56845
3.53566
3.50501
3.47628
3.45012
3.42709
3.40751
3.39176
3.3802
3.37335
3.3713
3.37195
3.37446
3.38075
3.39365
3.41145
3.43053
3.44886
3.46509
3.47832
3.4882
3.49502
3.49967
3.50293
3.51021
8.72108
8.41909
8.10617
7.799
7.50815
7.23852
6.99109
6.76433
6.5556
6.3619
6.18064
6.00986
5.84841
5.69586
5.55222
5.41796
5.29322
5.1791
5.07587
4.98344
4.90155
4.82983
4.76775
4.71488
4.67076
4.63492
4.60702
4.58638
4.57289
4.56594
4.5628
4.56392
4.56766
4.57584
4.58681
4.59705
4.60657
4.61418
4.61956
4.62118
4.62083
4.61962
4.61677
4.61088
4.60086
4.58777
4.57186
4.55322
4.53188
4.50795
4.48158
4.45295
4.42231
4.3899
4.35598
4.32069
4.28426
4.247
4.20915
4.17079
4.13198
4.0928
4.05331
4.0136
3.97376
3.9339
3.89411
3.85454
3.81529
3.77653
3.7384
3.70106
3.66472
3.62959
3.59593
3.564
3.53422
3.50649
3.48115
3.45902
3.44039
3.42565
3.41514
3.40908
3.40825
3.40914
3.41229
3.41966
3.43455
3.45288
3.47212
3.49026
3.50596
3.5185
3.52747
3.533
3.53582
3.53734
3.53872
3.54241
8.90887
8.57991
8.26064
7.95925
7.67985
7.42272
7.18604
6.96692
6.76236
6.56964
6.38671
6.21225
6.04559
5.88661
5.73553
5.59273
5.45855
5.33402
5.21937
5.11471
5.02002
4.93513
4.85968
4.79337
4.73578
4.68654
4.64531
4.61173
4.58547
4.56608
4.55325
4.54318
4.53996
4.54046
4.54242
4.54693
4.55386
4.55956
4.564
4.56558
4.5653
4.56424
4.56164
4.5562
4.54683
4.53479
4.52022
4.50306
4.48332
4.46102
4.43628
4.40927
4.38017
4.34924
4.31667
4.28266
4.24757
4.21171
4.17524
4.13825
4.10083
4.06303
4.02497
3.98671
3.94835
3.91001
3.8718
3.83387
3.79634
3.75941
3.72321
3.68799
3.65394
3.62135
3.59048
3.56175
3.53526
3.51094
3.48994
3.47247
3.45893
3.44976
3.44476
3.44492
3.44627
3.45041
3.45952
3.47601
3.49515
3.51457
3.53258
3.54795
3.55995
3.56833
3.57263
3.57451
3.57442
3.57391
3.57263
3.57348
9.06147
8.71623
8.40173
8.11452
7.85131
7.60834
7.38199
7.16897
6.96672
6.77334
6.58762
6.40895
6.23709
6.07216
5.91442
5.76422
5.62171
5.48828
5.36371
5.2483
5.14221
5.04537
4.95763
4.87868
4.8083
4.7462
4.69207
4.64571
4.60683
4.57509
4.55082
4.53109
4.5165
4.5078
4.50277
4.50188
4.50227
4.50343
4.50581
4.50661
4.50628
4.50512
4.50241
4.4969
4.48856
4.47783
4.4647
4.44908
4.43096
4.41037
4.38738
4.36214
4.33479
4.30556
4.2746
4.24221
4.20877
4.1745
4.13955
4.10405
4.06812
4.03184
3.99532
3.95865
3.92194
3.88529
3.84887
3.81279
3.77725
3.74241
3.7085
3.67575
3.64442
3.61484
3.58734
3.56234
3.53931
3.51961
3.50354
3.4914
3.48371
3.48045
3.48092
3.48306
3.4887
3.50051
3.51806
3.53785
3.5576
3.57553
3.59063
3.60221
3.61012
3.61374
3.61432
3.6139
3.6125
3.60922
3.60249
3.60283
9.18542
8.83666
8.53816
8.27168
8.02653
7.79659
7.57823
7.36886
7.16693
6.97161
6.78251
6.59954
6.42279
6.25247
6.08886
5.93224
5.78311
5.64123
5.50779
5.38294
5.26674
5.15916
5.06016
4.96956
4.88718
4.81285
4.74646
4.68778
4.63658
4.5927
4.55599
4.52677
4.50105
4.48191
4.46819
4.45906
4.45319
4.44966
4.44791
4.4466
4.44489
4.44243
4.43887
4.43369
4.42647
4.41705
4.40532
4.39123
4.37476
4.35594
4.33482
4.31149
4.28611
4.25879
4.22976
4.19932
4.16776
4.13528
4.10204
4.06822
4.03393
3.99931
3.96449
3.92957
3.89468
3.85995
3.82554
3.79159
3.75833
3.72595
3.69471
3.66487
3.63678
3.61077
3.58741
3.56594
3.54774
3.5333
3.5229
3.51666
3.51552
3.5164
3.51949
3.52691
3.54189
3.56073
3.58102
3.60083
3.61865
3.63358
3.64492
3.65235
3.65563
3.65555
3.65487
3.65286
3.64843
3.64081
3.62935
3.62941
9.28369
8.9491
8.67587
8.43263
8.20448
7.98511
7.77184
7.56385
7.36091
7.1631
6.97062
6.7837
6.60259
6.4275
6.25865
6.09628
5.94069
5.79192
5.65091
5.51773
5.39247
5.2752
5.16594
5.06463
4.97119
4.88553
4.80748
4.73695
4.67388
4.61822
4.56975
4.5285
4.49423
4.46337
4.43996
4.42205
4.40867
4.39884
4.39178
4.38655
4.38222
4.37804
4.37348
4.36806
4.36129
4.35279
4.34231
4.32972
4.31494
4.29797
4.27883
4.25756
4.23428
4.20911
4.18226
4.154
4.12455
4.09407
4.06276
4.0308
3.99836
3.9656
3.93266
3.8997
3.86684
3.83427
3.80213
3.77064
3.74001
3.7105
3.68238
3.656
3.63172
3.61013
3.59052
3.57408
3.56148
3.55307
3.54877
3.54904
3.55073
3.55553
3.56585
3.58319
3.60335
3.62425
3.64417
3.66199
3.67663
3.68768
3.69484
3.69758
3.69741
3.69652
3.6941
3.68898
3.67952
3.66933
3.65529
3.65402
9.3679
9.0645
8.82015
8.59715
8.38123
8.1683
7.95776
7.75009
7.54595
7.34598
7.1507
6.96051
6.77569
6.59649
6.42306
6.2556
6.0943
5.93931
5.79162
5.65103
5.51771
5.39177
5.27329
5.16226
5.05868
4.96252
4.87372
4.79227
4.7181
4.65116
4.59142
4.53867
4.49313
4.45379
4.41908
4.39176
4.36981
4.35256
4.33918
4.32883
4.32065
4.31376
4.30743
4.30103
4.29401
4.2859
4.27634
4.26508
4.25192
4.23681
4.21968
4.20056
4.17951
4.1567
4.1322
4.1063
4.07915
4.0509
4.02175
3.9919
3.96154
3.93086
3.90005
3.86927
3.83872
3.80858
3.77906
3.75038
3.72281
3.69664
3.6722
3.64986
3.63027
3.61283
3.59835
3.58796
3.58145
3.5799
3.58069
3.58362
3.59083
3.60534
3.62424
3.64549
3.66694
3.68707
3.70481
3.7193
3.73014
3.73705
3.73942
3.73918
3.73811
3.73538
3.72963
3.72005
3.70787
3.69575
3.6801
3.67724
9.44893
9.1843
8.9643
8.75546
8.54759
8.33911
8.13081
7.92386
7.71937
7.51823
7.32113
7.12856
6.94085
6.75823
6.58089
6.40901
6.24277
6.08252
5.92839
5.78111
5.64068
5.50708
5.38039
5.26064
5.1479
5.04219
4.94355
4.85198
4.76747
4.69003
4.61966
4.55636
4.50007
4.4511
4.4069
4.36919
4.33792
4.31221
4.29141
4.2749
4.26177
4.25113
4.24209
4.23392
4.22597
4.21767
4.20857
4.19826
4.18651
4.17309
4.15792
4.14094
4.12217
4.1017
4.07977
4.05641
4.03174
4.00594
3.97918
3.95169
3.92368
3.89536
3.86695
3.83867
3.81073
3.78336
3.75682
3.73138
3.70735
3.68505
3.66489
3.64746
3.63253
3.62021
3.61223
3.60812
3.60844
3.61023
3.61529
3.6261
3.6439
3.66472
3.68685
3.70867
3.72896
3.74669
3.76124
3.77193
3.77863
3.78076
3.78046
3.77926
3.7763
3.77013
3.76022
3.74811
3.73406
3.72037
3.70349
3.69922
9.53649
9.30354
9.0991
8.8989
8.69688
8.49268
8.2874
8.08237
7.87881
7.67776
7.47998
7.28604
7.09631
6.91108
6.73057
6.55497
6.3845
6.21933
6.05978
5.90671
5.76
5.61959
5.48559
5.35807
5.23714
5.12287
5.01534
4.91459
4.82066
4.7336
4.6534
4.58013
4.51379
4.45431
4.40226
4.35407
4.31343
4.27911
4.25049
4.22689
4.20765
4.192
4.17912
4.16821
4.1585
4.14933
4.1401
4.13033
4.11962
4.10769
4.09433
4.07943
4.06296
4.04497
4.02557
4.0048
3.98274
3.95956
3.93542
3.91054
3.88514
3.85947
3.83377
3.8083
3.78332
3.75912
3.736
3.71427
3.69434
3.67651
3.66147
3.64913
3.63953
3.63351
3.63299
3.63398
3.63743
3.64541
3.66138
3.68103
3.70336
3.72648
3.74888
3.76943
3.78726
3.80178
3.81246
3.81914
3.82112
3.82079
3.8195
3.8164
3.80998
3.8
3.78766
3.77377
3.75826
3.74324
3.72533
3.71987
9.62148
9.40746
9.214
9.02154
8.82581
8.6268
8.42561
8.22364
8.02219
7.82237
7.62502
7.43074
7.23998
7.05305
6.87022
6.69172
6.51778
6.34849
6.18425
6.02612
5.87383
5.72741
5.58697
5.4526
5.32443
5.20259
5.08715
4.97822
4.87584
4.78009
4.69098
4.60861
4.53299
4.46418
4.40224
4.3467
4.2964
4.25332
4.2164
4.18518
4.15916
4.13771
4.1201
4.10554
4.09322
4.0824
4.07237
4.06255
4.05243
4.04162
4.02981
4.0168
4.00251
3.98691
3.97002
3.95188
3.93255
3.91216
3.89085
3.86886
3.84637
3.82368
3.801
3.77873
3.75708
3.73651
3.71726
3.69984
3.68452
3.67197
3.66252
3.65539
3.65287
3.65348
3.65607
3.66245
3.67553
3.69408
3.71611
3.7398
3.76377
3.78679
3.80781
3.82596
3.84065
3.85146
3.85811
3.86013
3.85977
3.85844
3.85528
3.84876
3.8388
3.82656
3.81254
3.79725
3.78053
3.76438
3.74562
3.7392
9.69896
9.49072
9.30674
9.12309
8.93452
8.74123
8.54467
8.34644
8.14794
7.95031
7.75437
7.56074
7.36988
7.18216
6.99789
6.81735
6.6408
6.46847
6.30064
6.13762
5.98028
5.82862
5.68262
5.54237
5.40799
5.27961
5.15734
5.04127
4.93147
4.82803
4.73099
4.64046
4.55646
4.47912
4.40839
4.34472
4.28628
4.23453
4.18933
4.15035
4.11721
4.0894
4.06631
4.04725
4.03146
4.01816
4.00659
3.99608
3.986
3.97587
3.96526
3.9539
3.94159
3.92825
3.91383
3.89832
3.88178
3.86428
3.84601
3.8271
3.80781
3.78836
3.76913
3.75038
3.73257
3.71606
3.70128
3.68875
3.67867
3.67237
3.66791
3.66822
3.67004
3.67511
3.68585
3.70312
3.72427
3.74807
3.77311
3.79811
3.82189
3.84348
3.86209
3.87716
3.88829
3.89509
3.89722
3.89687
3.89557
3.89247
3.88609
3.87629
3.86419
3.85036
3.83502
3.81857
3.80086
3.78376
3.76434
3.75715
9.76399
9.55407
9.37927
9.20516
9.02397
8.83636
8.64452
8.45042
8.2555
8.0608
7.86708
7.67493
7.4848
7.2971
7.11219
6.93042
6.75205
6.57737
6.40651
6.23996
6.07854
5.92242
5.77167
5.62639
5.4867
5.35273
5.22458
5.10235
4.98612
4.87596
4.77196
4.6742
4.58276
4.49774
4.41921
4.34727
4.28212
4.22193
4.16894
4.12238
4.08201
4.04752
4.01845
3.99424
3.97424
3.95768
3.94382
3.93192
3.9213
3.91133
3.90153
3.89149
3.88093
3.86968
3.85762
3.84473
3.83102
3.81657
3.80147
3.78587
3.77
3.75413
3.73862
3.72388
3.71031
3.69848
3.68864
3.68172
3.6774
3.67727
3.67845
3.68237
3.69111
3.70764
3.72721
3.75057
3.77612
3.80255
3.82871
3.85349
3.8759
3.89516
3.91075
3.92244
3.92951
3.93216
3.93184
3.93061
3.92766
3.9216
3.9121
3.90034
3.88675
3.87167
3.85524
3.83782
3.81928
3.80138
3.78149
3.7737
9.81736
9.60238
9.43538
9.27055
9.09634
8.91397
8.72663
8.53674
8.34572
8.15444
7.9635
7.77342
7.58464
7.39762
7.21275
7.03043
6.85098
6.67471
6.50174
6.33256
6.16788
6.00802
5.85327
5.70377
5.55963
5.42098
5.28788
5.16043
5.03871
4.92277
4.81275
4.70868
4.6107
4.51889
4.43337
4.35422
4.28165
4.21495
4.15455
4.10069
4.05325
4.01203
3.97674
3.94695
3.92214
3.90165
3.8848
3.87083
3.85902
3.84868
3.83922
3.83016
3.82108
3.81171
3.8019
3.79159
3.78074
3.76939
3.75757
3.74544
3.73321
3.72121
3.70982
3.69959
3.69072
3.68434
3.67975
3.67963
3.68054
3.68384
3.69131
3.7059
3.7244
3.74699
3.77236
3.79956
3.82752
3.85505
3.88102
3.90446
3.9246
3.94093
3.95326
3.96126
3.96431
3.96407
3.96306
3.96046
3.95493
3.94601
3.93456
3.92148
3.90671
3.89061
3.87324
3.85504
3.83582
3.81728
3.79707
3.78883
9.85889
9.64
9.48026
9.32355
9.15527
8.97738
8.79413
8.60826
8.42108
8.23324
8.04521
7.85742
7.67033
7.4844
7.30005
7.11773
6.93779
6.76057
6.58627
6.41524
6.24804
6.08527
5.92733
5.7744
5.62661
5.48407
5.34681
5.21495
5.08852
4.96765
4.85241
4.7429
4.6392
4.54147
4.44976
4.36426
4.28499
4.2124
4.14496
4.08443
4.03029
3.98255
3.94101
3.90544
3.87545
3.85052
3.83008
3.81342
3.79984
3.78853
3.779
3.77047
3.76256
3.75487
3.74718
3.73937
3.73138
3.72315
3.71467
3.7061
3.69777
3.68993
3.68315
3.67792
3.67419
3.67431
3.67543
3.67884
3.68614
3.69862
3.71549
3.73675
3.76147
3.78887
3.818
3.84766
3.87673
3.90406
3.92869
3.94988
3.96713
3.98036
3.98927
3.99351
3.99339
3.99258
3.9904
3.98586
3.97742
3.96676
3.9541
3.93988
3.92417
3.90725
3.88911
3.87032
3.85054
3.83148
3.81103
3.8025
9.88537
9.66931
9.51756
9.36766
9.20416
9.0301
8.85047
8.66822
8.48453
8.29986
8.11456
7.92902
7.74367
7.55898
7.37541
7.19341
7.01339
6.8357
6.66064
6.48841
6.31951
6.15461
5.99418
5.83849
5.68769
5.54189
5.40113
5.26553
5.13514
5.01005
4.89037
4.77615
4.66754
4.56463
4.46753
4.3764
4.2913
4.21247
4.13951
4.07281
4.01243
3.95848
3.91088
3.86952
3.83419
3.80451
3.77994
3.75999
3.74398
3.73124
3.721
3.71264
3.70556
3.69933
3.69365
3.68834
3.68319
3.67805
3.67286
3.66806
3.66388
3.66043
3.65905
3.65945
3.66104
3.66504
3.67338
3.68449
3.69998
3.72037
3.74419
3.7711
3.80054
3.83154
3.86303
3.89372
3.92253
3.94846
3.97083
3.98922
4.00338
4.01375
4.01905
4.01983
4.01932
4.01765
4.01392
4.00655
3.99656
3.98464
3.971
3.95586
3.93939
3.92179
3.9031
3.88373
3.86351
3.8441
3.82344
3.81482
9.89875
9.69239
9.54977
9.40568
9.24604
9.07521
8.89878
8.71971
8.53904
8.35712
8.1742
7.99063
7.80685
7.62335
7.4406
7.25909
7.07922
6.90137
6.72588
6.55294
6.38298
6.21658
6.05427
5.89639
5.74312
5.59462
5.45093
5.31218
5.17843
5.04974
4.92625
4.80799
4.69512
4.58773
4.48592
4.38986
4.29963
4.21537
4.1374
4.06493
3.99885
3.93913
3.8858
3.83884
3.79806
3.76341
3.73452
3.71092
3.69197
3.67708
3.66558
3.65684
3.65022
3.64526
3.64158
3.63878
3.63639
3.63419
3.6322
3.63173
3.63207
3.63329
3.63624
3.64234
3.65123
3.66299
3.67773
3.69651
3.71922
3.74572
3.77529
3.8071
3.84024
3.8736
3.90602
3.93636
3.9637
3.98739
4.00702
4.02247
4.03385
4.04136
4.04315
4.04284
4.04167
4.03882
4.03299
4.02396
4.01285
3.99997
3.98554
3.96971
3.95264
3.93449
3.91536
3.89552
3.875
3.85523
3.83466
3.82572
9.90298
9.70991
9.57758
9.43921
9.28303
9.11505
8.94144
8.76512
8.58701
8.40733
8.22632
8.04435
7.86188
7.67941
7.49745
7.31646
7.13685
6.95901
6.78328
6.60991
6.43927
6.27185
6.10814
5.94854
5.79326
5.64251
5.49637
5.35494
5.21832
5.08654
4.95979
4.83805
4.72151
4.61023
4.50432
4.40396
4.3092
4.22023
4.13722
4.05994
3.9888
3.92384
3.8651
3.81278
3.76691
3.72729
3.69375
3.66599
3.64361
3.62611
3.61289
3.60336
3.59688
3.59311
3.59142
3.59098
3.59109
3.59159
3.59295
3.59593
3.60158
3.60883
3.6184
3.63063
3.6461
3.66472
3.68661
3.71226
3.7414
3.77358
3.808
3.84358
3.87913
3.91346
3.94549
3.97439
3.99952
4.02057
4.03741
4.0501
4.0589
4.06356
4.06344
4.06268
4.06062
4.05625
4.04876
4.03854
4.02662
4.01308
3.99807
3.98173
3.96421
3.94562
3.92612
3.90593
3.88515
3.8651
3.84457
3.83548
9.90287
9.7221
9.60125
9.4693
9.31661
9.15119
8.97999
8.80595
8.62987
8.45195
8.27244
8.09173
7.91032
7.72872
7.54742
7.36689
7.18753
7.00976
6.83391
6.66027
6.48917
6.32102
6.15626
5.9953
5.83839
5.68577
5.53754
5.39384
5.25476
5.12036
4.99079
4.86606
4.74634
4.63172
4.52226
4.41818
4.31948
4.22641
4.13903
4.05748
3.98168
3.91189
3.84832
3.79108
3.74017
3.69564
3.65744
3.62543
3.59935
3.57885
3.56344
3.55269
3.54591
3.54346
3.54361
3.54431
3.54606
3.54972
3.55608
3.56427
3.57476
3.58778
3.60355
3.6223
3.64463
3.66989
3.69894
3.73127
3.76634
3.80342
3.84147
3.87934
3.91578
3.94976
3.98041
4.00721
4.02984
4.04824
4.06251
4.07276
4.07939
4.08123
4.08084
4.0795
4.07648
4.07031
4.0619
4.05082
4.03842
4.02433
4.00888
3.99215
3.97428
3.95537
3.93557
3.9151
3.89411
3.87385
3.85333
3.84411
9.90196
9.73152
9.62204
9.49677
9.34744
9.1843
9.0151
8.84287
8.6684
8.49182
8.31344
8.13371
7.95311
7.77218
7.59139
7.41122
7.23207
7.05436
6.87843
6.70458
6.53313
6.36442
6.19885
6.03682
5.87858
5.72442
5.57443
5.42882
5.28764
5.151
5.01901
4.89174
4.7693
4.65181
4.5393
4.43202
4.32992
4.23329
4.14212
4.05671
3.97684
3.90286
3.83489
3.77309
3.71753
3.66839
3.62568
3.58941
3.55946
3.53564
3.51764
3.50523
3.49772
3.49684
3.49739
3.4991
3.50294
3.51071
3.52163
3.53501
3.55101
3.56992
3.59206
3.61766
3.64665
3.67905
3.71471
3.75299
3.793
3.83371
3.87399
3.91269
3.94878
3.98145
4.01016
4.03463
4.05482
4.07084
4.08287
4.09117
4.09581
4.09577
4.09517
4.09343
4.08965
4.08204
4.07275
4.06119
4.0484
4.03395
4.0182
4.00117
3.98304
3.96388
3.94386
3.92317
3.90201
3.88158
3.86103
3.85167
9.90365
9.74118
9.641
9.52141
9.37528
9.21419
9.04671
8.87595
8.70266
8.52711
8.34957
8.17054
7.99055
7.81011
7.62971
7.44981
7.27082
7.09317
6.91717
6.74315
6.57141
6.40227
6.23607
6.0732
5.91389
5.75847
5.60703
5.45982
5.31687
5.17835
5.04431
4.91489
4.79013
4.67022
4.55512
4.44512
4.34012
4.24044
4.14601
4.05714
3.97373
3.89611
3.82426
3.75842
3.6987
3.64534
3.5984
3.55803
3.5242
3.49694
3.47607
3.46165
3.45311
3.45314
3.45403
3.45666
3.46253
3.47429
3.48985
3.50856
3.53042
3.55568
3.58443
3.61701
3.6525
3.6915
3.73303
3.77615
3.81977
3.86273
3.9039
3.94231
3.97721
4.00806
4.03464
4.05688
4.07491
4.08893
4.09913
4.1059
4.10854
4.10826
4.10726
4.10484
4.10002
4.09168
4.0818
4.07004
4.05684
4.04218
4.02621
4.00896
3.99065
3.9713
3.95111
3.93025
3.90894
3.88836
3.86777
3.85824
9.9108
9.75299
9.65868
9.54304
9.39943
9.24026
9.07425
8.90469
8.73232
8.55747
8.38055
8.20206
8.02254
7.8425
7.6624
7.48273
7.30387
7.12624
6.95019
6.77603
6.60405
6.43456
6.26787
6.10434
5.94418
5.78776
5.63514
5.48661
5.3422
5.20211
5.06639
4.93517
4.8085
4.68655
4.5693
4.45701
4.34958
4.24734
4.15017
4.05842
3.972
3.89118
3.81597
3.74665
3.68329
3.6262
3.57544
3.53129
3.49379
3.46314
3.43933
3.42265
3.41288
3.41301
3.41426
3.4178
3.42556
3.441
3.46111
3.48529
3.51332
3.54515
3.58071
3.61962
3.66178
3.70646
3.75267
3.79929
3.84512
3.88903
3.93002
3.96737
4.00061
4.02952
4.05407
4.07436
4.09059
4.10302
4.11179
4.11745
4.11865
4.11828
4.11708
4.11412
4.10815
4.09961
4.08933
4.07741
4.064
4.04914
4.033
4.01561
3.99715
3.97766
3.95734
3.93634
3.91492
3.89423
3.87357
3.86384
9.92605
9.76796
9.67523
9.56139
9.41964
9.26206
9.09727
8.92855
8.75686
8.58258
8.40619
8.22818
8.04909
7.8694
7.68957
7.5101
7.33135
7.15376
6.97766
6.80338
6.63121
6.46143
6.29435
6.13031
5.96952
5.81229
5.65877
5.50918
5.36362
5.22227
5.08518
4.95249
4.82428
4.70064
4.58166
4.46746
4.35807
4.2537
4.15431
4.06016
3.97124
3.88776
3.80976
3.73753
3.67109
3.61082
3.55674
3.50925
3.46844
3.43464
3.40799
3.38899
3.37764
3.37778
3.37926
3.38347
3.3927
3.41119
3.43581
3.46553
3.49979
3.53822
3.58045
3.62557
3.67331
3.72257
3.77218
3.82094
3.8677
3.91149
3.95155
3.98745
4.01894
4.04604
4.06885
4.08757
4.10242
4.11365
4.12149
4.12624
4.1267
4.12625
4.12476
4.12141
4.11471
4.10601
4.09557
4.0835
4.06995
4.05496
4.0387
4.0212
4.00265
3.98305
3.96263
3.9415
3.92002
3.89922
3.87847
3.86855
9.94945
9.78563
9.69025
9.57629
9.43556
9.2791
9.11516
8.94709
8.77596
8.6022
8.42631
8.24874
8.07004
7.89068
7.71111
7.53182
7.35318
7.17561
6.99946
6.82504
6.65271
6.4827
6.31533
6.15091
5.98965
5.83183
5.67764
5.52724
5.3808
5.23845
5.10029
4.96645
4.83701
4.71207
4.59171
4.47603
4.3651
4.25904
4.15791
4.06187
3.97098
3.88538
3.80516
3.73059
3.66167
3.59882
3.54203
3.49177
3.44818
3.41164
3.38245
3.3613
3.34819
3.34833
3.34994
3.35462
3.36494
3.38572
3.41456
3.44955
3.48976
3.53442
3.58251
3.63338
3.68572
3.73837
3.79011
3.83981
3.88649
3.92945
3.9682
4.00254
4.03245
4.05803
4.07949
4.09704
4.1109
4.12131
4.12852
4.13279
4.13276
4.1322
4.13052
4.12685
4.1199
4.11103
4.10047
4.08831
4.07465
4.05959
4.04326
4.02571
4.00707
3.98741
3.9669
3.9457
3.92412
3.90325
3.88242
3.8723
9.97707
9.80372
9.70314
9.58791
9.44758
9.29182
9.12842
8.96081
8.79012
8.61681
8.44136
8.2642
8.08584
7.90675
7.7274
7.54826
7.3697
7.19213
7.01593
6.84141
6.66889
6.49868
6.3311
6.16641
6.00483
5.8466
5.69192
5.54094
5.39385
5.25077
5.11181
4.97713
4.84677
4.72087
4.59948
4.48272
4.37062
4.26333
4.16089
4.06343
3.97105
3.88387
3.80199
3.72565
3.65485
3.59004
3.53118
3.47879
3.43302
3.39431
3.36305
3.34009
3.3253
3.32539
3.32706
3.33202
3.34312
3.36559
3.39791
3.43741
3.4828
3.53285
3.58617
3.64144
3.69722
3.75213
3.80498
3.85479
3.90086
3.94271
3.98015
4.01314
4.04178
4.06624
4.08675
4.1035
4.1167
4.12657
4.1336
4.13734
4.13722
4.13652
4.1347
4.13085
4.12383
4.11483
4.10417
4.09193
4.07823
4.06313
4.04675
4.02916
4.01047
3.99076
3.97018
3.94894
3.92725
3.90644
3.88534
3.87512
10.0022
9.81846
9.71247
9.5957
9.45536
9.2999
9.13675
8.9694
8.79899
8.626
8.45091
8.27408
8.09602
7.91717
7.738
7.55897
7.3805
7.20293
7.02669
6.85202
6.67945
6.50914
6.34143
6.17657
6.0148
5.85631
5.70132
5.54997
5.40245
5.2589
5.11942
4.98418
4.85322
4.72669
4.60462
4.48714
4.37428
4.26617
4.16288
4.06448
3.97113
3.88291
3.79993
3.72242
3.65039
3.58427
3.52404
3.47021
3.42296
3.38276
3.35003
3.32584
3.3097
3.30977
3.31147
3.3166
3.32818
3.35173
3.38656
3.42936
3.4786
3.53262
3.58972
3.64808
3.70609
3.76227
3.81554
3.86506
3.91038
3.95125
3.98766
4.01966
4.04743
4.07117
4.09108
4.10738
4.12009
4.12987
4.13683
4.14008
4.13994
4.13922
4.13736
4.13343
4.12637
4.11733
4.1066
4.09432
4.08058
4.06547
4.04907
4.03146
4.01275
3.993
3.97237
3.9511
3.92936
3.90856
3.8875
3.87688
10.0181
9.82768
9.71834
9.60056
9.4601
9.30472
9.14163
8.97433
8.80401
8.63113
8.45617
8.27946
8.10149
7.9227
7.74357
7.56457
7.38608
7.20848
7.03219
6.85751
6.68482
6.51441
6.34662
6.18167
6.01978
5.86115
5.706
5.55446
5.40672
5.26293
5.12318
4.98765
4.85638
4.72953
4.60711
4.48927
4.37602
4.2675
4.16377
4.06491
3.97107
3.88232
3.79879
3.7207
3.64805
3.58129
3.52037
3.46582
3.41783
3.37687
3.34339
3.31852
3.30169
3.30162
3.30332
3.30857
3.32049
3.34474
3.38086
3.42542
3.47676
3.53293
3.59205
3.65203
3.71114
3.76787
3.8212
3.87044
3.91527
3.95555
3.99138
4.02285
4.05019
4.07356
4.09319
4.10922
4.12185
4.13146
4.13837
4.14147
4.14133
4.14059
4.13871
4.13473
4.12765
4.11859
4.10784
4.09553
4.08178
4.06666
4.05026
4.03264
4.0139
3.99414
3.97348
3.95219
3.93042
3.90961
3.88867
3.87772
)
;

boundaryField
{
    inlet
    {
        type            fixedValue;
        value           uniform 1;
    }
    outlet
    {
        type            waveTransmissive;
        gamma           1.4;
        fieldInf        1;
        lInf            3;
        value           nonuniform List<scalar> 
40
(
3.07657
3.08194
3.09288
3.1087
3.13101
3.15945
3.19422
3.23387
3.27508
3.31715
3.35772
3.39642
3.43271
3.46685
3.49978
3.53191
3.56294
3.59227
3.61882
3.64343
3.66664
3.68862
3.70926
3.72857
3.74651
3.76304
3.77815
3.7918
3.8041
3.81498
3.82472
3.83333
3.84085
3.84738
3.85296
3.85765
3.86137
3.86415
3.86586
3.86671
)
;
    }
    bottom
    {
        type            symmetryPlane;
    }
    top
    {
        type            symmetryPlane;
    }
    obstacle
    {
        type            zeroGradient;
    }
    defaultFaces
    {
        type            empty;
    }
}


// ************************************************************************* //
