/*--------------------------------*- C++ -*----------------------------------*\
  =========                 |
  \\      /  F ield         | OpenFOAM: The Open Source CFD Toolbox
   \\    /   O peration     | Website:  https://openfoam.org
    \\  /    A nd           | Version:  10
     \\/     M anipulation  |
\*---------------------------------------------------------------------------*/
FoamFile
{
    format      ascii;
    class       volScalarField;
    location    "10";
    object      rho;
}
// * * * * * * * * * * * * * * * * * * * * * * * * * * * * * * * * * * * * * //

dimensions      [1 -3 0 0 0 0 0];

internalField   nonuniform List<scalar> 
5250
(
1.40001
1.40003
1.40009
1.4002
1.40055
1.40123
1.40337
1.40738
1.42006
1.44473
1.51063
1.64445
1.93146
2.684
5.48509
5.7324
5.67659
5.66995
5.69409
5.7774
5.86059
5.91298
5.954
5.98726
6.01456
1.40001
1.40003
1.40007
1.40023
1.40047
1.40139
1.40289
1.40832
1.41771
1.44792
1.50491
1.64655
1.92457
2.66876
5.44875
5.73033
5.67516
5.66775
5.69169
5.77495
5.85817
5.91093
5.95289
5.98702
6.0154
1.40001
1.40003
1.40008
1.40019
1.40054
1.40116
1.40334
1.40699
1.41976
1.44277
1.50832
1.63636
1.91978
2.6342
5.36828
5.72512
5.67038
5.65876
5.68181
5.76326
5.84565
5.89734
5.94033
5.97397
6.00173
1.40001
1.40003
1.40008
1.40018
1.40053
1.40113
1.40316
1.40694
1.41867
1.44209
1.50424
1.62981
1.9052
2.58551
5.24106
5.71865
5.6635
5.64292
5.66429
5.74208
5.82268
5.87329
5.91383
5.94801
5.977
1.40001
1.40003
1.40007
1.4002
1.40043
1.40125
1.40261
1.40754
1.41593
1.44356
1.49499
1.62566
1.88196
2.52435
5.06335
5.71331
5.65605
5.62116
5.64009
5.71313
5.79055
5.83974
5.87831
5.91048
5.94081
1.40001
1.40003
1.40007
1.40018
1.40045
1.40106
1.40278
1.40632
1.41667
1.43806
1.49363
1.60965
1.86066
2.44699
4.8303
5.71314
5.64954
5.59344
5.60881
5.67549
5.74826
5.79341
5.82995
5.85981
5.8914
1.40001
1.40002
1.40006
1.40017
1.40039
1.40105
1.40235
1.4064
1.41411
1.43754
1.48379
1.59818
1.82849
2.36169
4.53414
5.72279
5.64638
5.56063
5.57149
5.62933
5.6967
5.73396
5.76349
5.78834
5.82034
1.40001
1.40002
1.40006
1.40016
1.40036
1.40093
1.40219
1.40555
1.4134
1.43283
1.47782
1.57972
1.7943
2.26597
4.17026
5.74358
5.64913
5.52375
5.5289
5.57342
5.63226
5.66018
5.67798
5.69037
5.71808
1.40001
1.40002
1.40005
1.40013
1.40033
1.4008
1.40198
1.40491
1.41178
1.4293
1.46893
1.56059
1.75462
2.16677
3.74452
5.77581
5.66114
5.48879
5.48525
5.51257
5.55608
5.5671
5.56563
5.55253
5.55803
1.40001
1.40002
1.40005
1.40011
1.4003
1.40066
1.40184
1.40389
1.41107
1.42364
1.46256
1.53736
1.71474
2.0687
3.26936
5.78781
5.67057
5.46243
5.44015
5.44718
5.46769
5.45847
5.4282
5.35972
5.30553
1.40001
1.40002
1.40004
1.4001
1.40023
1.40064
1.40137
1.40393
1.40819
1.42309
1.44981
1.5247
1.67111
1.989
2.8906
5.66836
5.62442
5.44818
5.38593
5.37853
5.36786
5.33511
5.24578
5.03689
4.4421
1.40001
1.40002
1.40003
1.40009
1.4002
1.40054
1.40125
1.40318
1.4077
1.41878
1.44549
1.50691
1.64116
1.9219
2.64868
5.31505
5.49239
5.41419
5.32533
5.30349
5.27078
5.2036
5.05888
4.76345
4.14094
1.40001
1.40001
1.40003
1.40008
1.40018
1.40045
1.40112
1.40263
1.40685
1.41572
1.44008
1.49174
1.61213
1.85989
2.44827
4.7975
5.40794
5.36909
5.26543
5.22293
5.17341
5.07879
4.8924
4.59023
4.1187
1.40001
1.40001
1.40003
1.40007
1.40015
1.40039
1.40089
1.4024
1.40528
1.41441
1.4319
1.4809
1.57944
1.80001
2.27321
4.20519
5.36848
5.33474
5.22506
5.14561
5.08057
4.96688
4.77972
4.50186
4.13668
1.40001
1.40001
1.40003
1.40005
1.40014
1.4003
1.4008
1.40181
1.40468
1.41109
1.42746
1.46512
1.55158
1.73483
2.11784
3.55761
5.36143
5.32539
5.20231
5.08278
4.99364
4.87723
4.70045
4.45804
4.15417
1.40001
1.40001
1.40002
1.40005
1.4001
1.40026
1.4006
1.40149
1.40367
1.4088
1.42192
1.4516
1.52167
1.67196
1.97705
2.85517
5.29771
5.30165
5.20776
5.04144
4.93239
4.81132
4.64749
4.43277
4.17599
1.40001
1.40001
1.40002
1.40004
1.40008
1.40021
1.40046
1.40129
1.40269
1.40773
1.41619
1.44437
1.49588
1.6281
1.88315
2.52953
4.91673
5.22276
5.16465
5.01183
4.88251
4.7668
4.61349
4.42448
4.20177
1.40001
1.40001
1.40001
1.40003
1.40006
1.40017
1.40036
1.40101
1.40221
1.40596
1.4134
1.43474
1.47852
1.58546
1.80012
2.28215
4.19872
5.12114
5.0947
4.99614
4.85306
4.73345
4.59854
4.43462
4.23884
1.40001
1.40001
1.40001
1.40003
1.40005
1.40014
1.40028
1.4008
1.40167
1.40473
1.41015
1.42755
1.46077
1.54808
1.72025
2.08542
3.42755
5.06614
5.06518
5.00306
4.85641
4.72368
4.59977
4.45332
4.2869
1.40001
1.40001
1.40001
1.40002
1.40004
1.4001
1.40022
1.40059
1.40131
1.40341
1.40798
1.41992
1.44701
1.51123
1.64824
1.92473
2.66819
4.89004
5.08255
5.02187
4.88322
4.74106
4.61938
4.48344
4.35095
1.40001
1.40001
1.40001
1.40002
1.40004
1.40007
1.40019
1.40039
1.40111
1.40236
1.40651
1.41431
1.43757
1.48376
1.59786
1.82253
2.34453
4.33632
5.04425
5.01278
4.91546
4.77202
4.65263
4.54212
4.44035
1.40001
1.40001
1.40001
1.40001
1.40003
1.40006
1.40013
1.40033
1.40075
1.40197
1.4044
1.41184
1.42615
1.46705
1.54825
1.73464
2.10276
3.52105
4.96594
5.00148
4.94748
4.82201
4.70994
4.63048
4.55218
1.40001
1.40001
1.40001
1.40001
1.40002
1.40005
1.40009
1.40024
1.40056
1.40137
1.40339
1.40802
1.4201
1.44686
1.51123
1.64822
1.91848
2.65252
4.77297
5.04409
5.00038
4.91097
4.81799
4.75275
4.6857
1.40001
1.40001
1.40001
1.40001
1.40002
1.40003
1.40008
1.40016
1.40044
1.40097
1.40253
1.40591
1.41481
1.43502
1.48409
1.58952
1.81424
2.31109
4.20196
5.03822
5.06628
5.02964
4.95777
4.89296
4.82674
1.40001
1.40001
1.40001
1.40001
1.40001
1.40002
1.40006
1.40012
1.40032
1.40071
1.40185
1.40434
1.41085
1.42588
1.46256
1.54313
1.71966
2.0741
3.34999
4.97041
5.19032
5.16072
5.11122
5.04823
4.9729
1.40001
1.40001
1.40001
1.40001
1.40001
1.40002
1.40004
1.40009
1.40024
1.4005
1.40138
1.40305
1.40807
1.41832
1.44648
1.5046
1.64142
1.90329
2.60163
4.74162
5.32498
5.30803
5.27176
5.21404
5.11017
1.40001
1.40001
1.40001
1.40001
1.40001
1.40002
1.40003
1.40007
1.40018
1.40038
1.40102
1.40231
1.40599
1.41395
1.43492
1.48079
1.58792
1.80695
2.30366
4.16218
5.3785
5.47073
5.44294
5.37759
5.24331
1.40001
1.40001
1.40001
1.40001
1.40001
1.40001
1.40003
1.40005
1.40014
1.40028
1.4008
1.40166
1.40474
1.41001
1.42772
1.46011
1.54855
1.72055
2.09667
3.33775
5.40069
5.63878
5.60608
5.51106
5.34305
1.40001
1.40001
1.40001
1.40001
1.40001
1.40001
1.40002
1.40004
1.4001
1.40024
1.40059
1.40135
1.40359
1.40801
1.42134
1.44774
1.51731
1.65859
1.95731
2.76829
5.26623
5.7623
5.73488
5.62589
5.42058
1.40001
1.40001
1.40001
1.40001
1.40001
1.40001
1.40002
1.40003
1.40009
1.40018
1.40051
1.40107
1.40302
1.40651
1.4178
1.43956
1.49936
1.61883
1.88569
2.53428
4.90693
5.77681
5.77109
5.66865
5.44791
1.40001
1.40001
1.40001
1.40001
1.40001
1.40001
1.40002
1.40003
1.40007
1.40017
1.40039
1.401
1.40229
1.40614
1.41375
1.43612
1.4817
1.59316
1.82089
2.36051
4.37622
5.8159
5.80519
5.66767
5.43718
1.40001
1.40001
1.40001
1.40001
1.40001
1.40001
1.40001
1.40003
1.40006
1.40013
1.40037
1.40076
1.4022
1.40466
1.41311
1.42856
1.47467
1.56423
1.77421
2.23191
3.87826
5.92437
5.86269
5.62132
5.39504
1.40001
1.40001
1.40001
1.40001
1.40001
1.40001
1.40001
1.40002
1.40005
1.40013
1.40028
1.40078
1.40162
1.40474
1.40983
1.42787
1.46029
1.55011
1.72594
2.1368
3.40935
6.0245
5.90549
5.5742
5.36204
1.40001
1.40001
1.40001
1.40001
1.40001
1.40001
1.40001
1.40002
1.40005
1.4001
1.40029
1.40059
1.40169
1.40363
1.41007
1.42216
1.45825
1.52868
1.69818
2.042
3.07568
5.99981
5.87665
5.54127
5.34007
1.40001
1.40001
1.40001
1.40001
1.40001
1.40001
1.40001
1.40002
1.40004
1.4001
1.40023
1.40063
1.40134
1.40385
1.40807
1.42277
1.44952
1.52402
1.67168
1.99008
2.9065
5.85371
5.77952
5.52544
5.3333
1.40001
1.40001
1.40001
1.40001
1.40001
1.40001
1.40001
1.40002
1.40004
1.40009
1.40022
1.40056
1.40129
1.40345
1.40774
1.42072
1.44687
1.5151
1.65583
1.95192
2.77625
5.64108
5.67726
5.56399
5.34719
1.40001
1.40001
1.40001
1.40001
1.40001
1.40001
1.40001
1.40002
1.40004
1.40009
1.4002
1.40055
1.40115
1.40336
1.40697
1.41992
1.44305
1.50947
1.64014
1.92732
2.67675
5.41554
5.66591
5.58091
5.36169
1.40001
1.40001
1.40001
1.40001
1.40001
1.40001
1.40001
1.40002
1.40004
1.40009
1.40018
1.40052
1.40107
1.40315
1.40654
1.41872
1.44039
1.50347
1.6265
1.90354
2.58959
5.18728
5.67722
5.59603
5.37631
1.40001
1.40001
1.40001
1.40001
1.40001
1.40001
1.40001
1.40002
1.40004
1.40008
1.40018
1.40046
1.40106
1.40285
1.40635
1.41723
1.43861
1.49699
1.61553
1.87822
2.51667
4.96017
5.7075
5.62091
5.38638
1.40001
1.40001
1.40001
1.40001
1.40001
1.40001
1.40001
1.40002
1.40003
1.40008
1.40016
1.40046
1.40096
1.40273
1.40591
1.41626
1.43632
1.49193
1.60384
1.85538
2.45213
4.73671
5.7518
5.65329
5.38994
1.40001
1.40001
1.40001
1.40001
1.40001
1.40001
1.40001
1.40001
1.40003
1.40006
1.40017
1.40038
1.401
1.40234
1.406
1.41441
1.43574
1.48453
1.5962
1.83081
2.39567
4.51822
5.80926
5.68826
5.38975
1.40001
1.40001
1.40001
1.40001
1.40001
1.40001
1.40001
1.40001
1.40003
1.40006
1.40016
1.40036
1.40093
1.40223
1.40556
1.41373
1.43339
1.48022
1.58575
1.80992
2.34391
4.3052
5.87759
5.72194
5.39319
1.40001
1.40001
1.40001
1.40001
1.40001
1.40001
1.40001
1.40001
1.40003
1.40006
1.40015
1.40033
1.4009
1.40199
1.40557
1.4121
1.43303
1.47365
1.57829
1.78846
2.29698
4.10132
5.95431
5.75556
5.39721
1.40001
1.40001
1.40001
1.40001
1.40001
1.40001
1.40001
1.40001
1.40003
1.40006
1.40014
1.40031
1.40086
1.40185
1.4053
1.41131
1.43136
1.46943
1.56962
1.7697
2.25434
3.90843
6.03304
5.78726
5.40393
1.40001
1.40001
1.40001
1.40001
1.40001
1.40001
1.40001
1.40001
1.40002
1.40006
1.40013
1.40031
1.40078
1.40181
1.40486
1.41101
1.42914
1.46669
1.56036
1.75361
2.21436
3.72541
6.11117
5.82068
5.4147
1.40001
1.40001
1.40001
1.40001
1.40001
1.40001
1.40001
1.40001
1.40002
1.40006
1.40012
1.40032
1.40067
1.40194
1.40408
1.41172
1.42524
1.46747
1.54858
1.74244
2.17063
3.56119
6.18707
5.85423
5.42594
1.40001
1.40001
1.40001
1.40001
1.40001
1.40001
1.40001
1.40001
1.40002
1.40005
1.40012
1.40028
1.40072
1.40165
1.40448
1.40997
1.42684
1.46065
1.54759
1.72583
2.12971
3.42353
6.25203
5.88335
5.43676
1.40001
1.40001
1.40001
1.40001
1.40001
1.40001
1.40001
1.40001
1.40002
1.40005
1.40012
1.40027
1.40073
1.40156
1.40449
1.40943
1.42654
1.45794
1.54399
1.71489
2.09361
3.31653
6.29023
5.90356
5.44867
1.40001
1.40001
1.40001
1.40001
1.40001
1.40001
1.40001
1.40001
1.40002
1.40005
1.40011
1.40027
1.4007
1.40159
1.4043
1.40953
1.42564
1.45773
1.54038
1.70997
2.07177
3.2444
6.30168
5.91779
5.46066
1.40001
1.40001
1.40001
1.40001
1.40001
1.40001
1.40001
1.40001
1.40002
1.40005
1.40011
1.40029
1.40062
1.40178
1.40374
1.4107
1.42295
1.46139
1.53457
1.71186
2.06233
3.22192
6.29284
5.92345
5.46851
2.27121
1.86017
2.16965
1.99883
1.8866
1.87354
1.865
1.85665
1.83917
1.81987
1.81122
1.80778
1.80698
1.80818
1.8134
1.82279
1.83774
1.85748
1.88095
1.90679
1.93538
1.96453
1.9953
2.02623
2.05823
2.08958
2.12066
2.15025
2.17832
2.20534
2.23138
2.25461
2.27438
2.29322
2.31077
2.32656
2.3396
2.35186
2.35934
2.36731
2.37142
2.37704
2.37846
2.3792
2.37742
2.37556
2.37034
2.36606
2.35927
2.35184
2.3431
2.33359
2.32253
2.31165
2.29871
2.28646
2.27231
2.25861
2.2432
2.2281
2.21211
2.19568
2.17923
2.16192
2.14492
2.12728
2.10979
2.09208
2.07434
2.05657
2.03884
2.0211
2.00356
1.98604
1.96882
1.95168
1.93488
1.91821
1.90192
1.88577
1.87015
1.8546
1.83978
1.82506
1.81113
1.79757
1.78479
1.77263
1.76151
1.75113
1.74224
1.73458
1.72862
1.72486
1.72374
1.72412
1.72499
1.72704
1.73024
1.73958
2.80365
2.43214
2.36668
2.14605
1.91883
1.86757
1.8163
1.75724
1.72521
1.70076
1.68663
1.68089
1.68152
1.688
1.69619
1.70873
1.72807
1.75506
1.7877
1.82338
1.86023
1.89542
1.93159
1.96882
2.0086
2.0475
2.08602
2.12428
2.16005
2.19471
2.22696
2.25674
2.2859
2.31213
2.3382
2.36042
2.38159
2.3979
2.41318
2.42565
2.43655
2.4453
2.45342
2.45631
2.45938
2.45962
2.4594
2.45719
2.45321
2.44829
2.44162
2.43422
2.42511
2.41536
2.40424
2.39227
2.37963
2.36573
2.35176
2.33643
2.32112
2.30482
2.28831
2.27129
2.25386
2.23622
2.2182
2.20005
2.18171
2.16327
2.14487
2.12639
2.10812
2.08979
2.07179
2.05372
2.03609
2.01837
2.00119
1.984
1.96735
1.95094
1.93489
1.91948
1.90438
1.89003
1.87633
1.86323
1.85136
1.84018
1.83051
1.82227
1.81569
1.81151
1.81036
1.81061
1.81149
1.81375
1.81732
1.82859
3.31764
2.8563
2.61551
2.42219
2.22293
2.0631
1.97221
1.85657
1.77788
1.72639
1.69719
1.68515
1.68277
1.68023
1.67616
1.68446
1.7038
1.73421
1.77226
1.81434
1.85833
1.90365
1.95083
1.99924
2.04928
2.09992
2.14999
2.19828
2.24546
2.29018
2.33236
2.37257
2.40968
2.44462
2.47697
2.50566
2.5319
2.55356
2.57368
2.5893
2.60316
2.61502
2.62503
2.63115
2.63438
2.63574
2.63622
2.6342
2.63119
2.62548
2.61936
2.61023
2.60146
2.58935
2.57821
2.56368
2.55041
2.53405
2.51891
2.5011
2.48438
2.46537
2.44746
2.42752
2.40879
2.38824
2.36895
2.34813
2.32845
2.30761
2.28772
2.26708
2.24716
2.2269
2.20716
2.18737
2.16795
2.14874
2.12969
2.11125
2.09278
2.07509
2.05754
2.0407
2.02457
2.00885
1.99418
1.98012
1.96723
1.9554
1.94496
1.9363
1.92937
1.92504
1.92449
1.92482
1.92605
1.92895
1.9336
1.94809
3.5809
3.12742
2.83325
2.62539
2.4622
2.32344
2.21797
2.13545
2.04769
1.96594
1.90792
1.86419
1.84378
1.83172
1.83062
1.84113
1.86103
1.89023
1.92625
1.96971
2.01734
2.06878
2.12053
2.17497
2.23049
2.28642
2.34153
2.39446
2.44511
2.49174
2.5354
2.57453
2.61113
2.64355
2.67315
2.69958
2.72225
2.74195
2.75786
2.77097
2.78107
2.79007
2.79678
2.80046
2.79961
2.79745
2.79428
2.78918
2.78293
2.77415
2.7648
2.75292
2.74094
2.72662
2.71237
2.69618
2.68001
2.66237
2.64461
2.62574
2.60665
2.58673
2.56655
2.54575
2.52478
2.50328
2.48183
2.45987
2.4382
2.41606
2.39437
2.37232
2.3508
2.32906
2.30779
2.28657
2.26562
2.24502
2.22463
2.20488
2.18541
2.16638
2.14815
2.13004
2.11285
2.09629
2.0804
2.06586
2.05194
2.03968
2.02879
2.01942
2.01264
2.00791
2.00773
2.00787
2.00924
2.01248
2.01716
2.0341
3.73363
3.33609
3.04143
2.8292
2.67273
2.54713
2.4498
2.36889
2.29836
2.22705
2.17449
2.1333
2.11221
2.10099
2.09954
2.10517
2.11879
2.14579
2.17975
2.21923
2.26202
2.30725
2.35503
2.4031
2.45097
2.4975
2.54238
2.58475
2.62453
2.66149
2.69519
2.72686
2.75441
2.78037
2.80282
2.8233
2.83997
2.85479
2.8658
2.87482
2.8806
2.88615
2.8894
2.89038
2.88615
2.88033
2.87362
2.86548
2.85641
2.84536
2.83363
2.82002
2.80602
2.79035
2.77444
2.75712
2.73968
2.72107
2.70242
2.68271
2.66306
2.64243
2.62193
2.60052
2.57935
2.55732
2.53569
2.51334
2.49137
2.46904
2.44691
2.42485
2.40284
2.38108
2.35945
2.33819
2.31734
2.29668
2.27661
2.25666
2.23723
2.21844
2.19981
2.18231
2.16493
2.1488
2.13326
2.11884
2.10573
2.09372
2.08378
2.07521
2.0694
2.06651
2.06657
2.06729
2.06953
2.0744
2.0801
2.09991
3.84269
3.50978
3.23571
3.03209
2.87832
2.76163
2.66758
2.5896
2.51699
2.4503
2.39172
2.34749
2.3164
2.29938
2.29569
2.29869
2.30634
2.32299
2.35233
2.38637
2.42247
2.45994
2.49808
2.5366
2.57498
2.61282
2.64963
2.68488
2.71838
2.74956
2.77913
2.80559
2.83078
2.85274
2.87317
2.89076
2.9063
2.91897
2.92933
2.93641
2.94203
2.94624
2.95001
2.9504
2.94745
2.94087
2.93477
2.9258
2.91733
2.90576
2.89431
2.88018
2.86595
2.84977
2.83323
2.81536
2.79695
2.77763
2.75783
2.73723
2.71637
2.69463
2.67287
2.65035
2.62786
2.60503
2.58209
2.55924
2.53626
2.51348
2.49075
2.46817
2.4462
2.42399
2.40255
2.38076
2.35959
2.33853
2.31775
2.29754
2.27746
2.25827
2.23924
2.2213
2.2037
2.18725
2.17159
2.15705
2.14401
2.13218
2.12248
2.11476
2.1093
2.10834
2.10831
2.10961
2.1122
2.11936
2.12677
2.14985
3.9327
3.65893
3.41937
3.22903
3.08548
2.97344
2.88291
2.80242
2.727
2.65447
2.5892
2.53451
2.49442
2.46847
2.45619
2.45597
2.4604
2.46893
2.48591
2.51489
2.54791
2.58158
2.61602
2.65063
2.68549
2.72024
2.75436
2.78765
2.81918
2.84926
2.87725
2.90312
2.92697
2.94821
2.96759
2.98401
2.99865
3.00985
3.01943
3.02484
3.02941
3.03202
3.03436
3.03341
3.02921
3.02169
3.01371
3.00366
2.99336
2.98112
2.96833
2.95385
2.9387
2.92226
2.90507
2.88697
2.86798
2.84848
2.82796
2.80722
2.78548
2.76351
2.74093
2.71785
2.69477
2.67101
2.64772
2.62381
2.60046
2.5769
2.55386
2.5308
2.50779
2.48522
2.46257
2.44041
2.41839
2.39663
2.37555
2.35442
2.3344
2.31434
2.29551
2.27702
2.25964
2.24312
2.22765
2.21373
2.20092
2.19035
2.18126
2.17499
2.1716
2.17146
2.17216
2.17424
2.17826
2.18841
2.19728
2.22248
4.01906
3.79304
3.59185
3.42431
3.29035
3.18359
3.09143
3.00673
2.92433
2.84503
2.77031
2.70669
2.65484
2.61915
2.59637
2.58762
2.58897
2.5939
2.60187
2.61827
2.64567
2.67609
2.70725
2.738
2.76887
2.79923
2.82948
2.8587
2.88701
2.91389
2.93882
2.96204
2.9829
3.00166
3.01829
3.03267
3.04477
3.05451
3.06225
3.06665
3.07004
3.07231
3.07394
3.07302
3.06867
3.06162
3.05308
3.04295
3.0317
3.01929
3.00562
2.99107
2.97515
2.95858
2.94074
2.92238
2.90312
2.88324
2.86292
2.84177
2.82058
2.79858
2.77669
2.75432
2.73182
2.70932
2.68636
2.66385
2.64087
2.61822
2.59531
2.57244
2.54972
2.52682
2.50457
2.48201
2.46034
2.43849
2.41751
2.39674
2.37664
2.35729
2.3384
2.32081
2.30361
2.28802
2.2733
2.26027
2.24892
2.23928
2.23227
2.22727
2.22663
2.22665
2.22785
2.23046
2.2376
2.24871
2.25867
2.28305
4.10902
3.92811
3.75894
3.61461
3.49216
3.38558
3.28922
3.19621
3.10625
3.01839
2.93748
2.865
2.80605
2.76032
2.72981
2.71125
2.7047
2.70601
2.7104
2.71698
2.73081
2.75448
2.78104
2.80799
2.835
2.86185
2.88821
2.91427
2.9395
2.96389
2.98671
3.00811
3.02755
3.045
3.06035
3.07359
3.08463
3.0935
3.10029
3.10382
3.10633
3.1078
3.1084
3.10658
3.10153
3.09428
3.085
3.07442
3.06229
3.04926
3.03497
3.01975
3.00353
2.98634
2.96836
2.94953
2.92989
2.90969
2.8886
2.86727
2.84512
2.82278
2.79991
2.77664
2.75338
2.72965
2.70647
2.68271
2.65959
2.63604
2.61296
2.58977
2.56677
2.54404
2.52135
2.49924
2.47717
2.45583
2.4347
2.41432
2.39452
2.37534
2.3573
2.33972
2.32375
2.30857
2.29524
2.28331
2.27336
2.26569
2.26022
2.25825
2.25803
2.25893
2.26134
2.26632
2.27617
2.28901
2.29884
2.32293
4.20957
4.0661
3.92584
3.7966
3.67974
3.57067
3.46666
3.36622
3.26837
3.17563
3.08916
3.013
2.94734
2.89598
2.85608
2.83023
2.81324
2.80678
2.80462
2.80856
2.81274
2.82252
2.84063
2.86214
2.88521
2.90861
2.93143
2.95449
2.97654
2.99837
3.01885
3.03819
3.05597
3.07169
3.08572
3.09758
3.10756
3.11547
3.12129
3.12413
3.12606
3.12709
3.12749
3.12529
3.1206
3.11353
3.1046
3.09421
3.08194
3.06897
3.0544
3.03928
3.02312
3.006
2.98848
2.96956
2.9507
2.93038
2.91015
2.88885
2.86728
2.8453
2.82267
2.80028
2.77727
2.75476
2.73163
2.70901
2.68594
2.66324
2.64044
2.61771
2.59531
2.57271
2.55081
2.52869
2.50745
2.48621
2.46584
2.44588
2.42666
2.4084
2.39074
2.37445
2.35901
2.34543
2.33312
2.32295
2.31488
2.30909
2.30638
2.30601
2.30664
2.30858
2.31281
2.32186
2.33261
2.34589
2.3546
2.37681
4.32875
4.21097
4.08987
3.96819
3.85026
3.73485
3.62303
3.51481
3.41201
3.31579
3.22751
3.14859
3.08051
3.02317
2.97819
2.94307
2.91826
2.90142
2.89178
2.88647
2.8871
2.89031
2.89556
2.90644
2.92414
2.94268
2.96248
2.98227
3.00211
3.02152
3.03973
3.05751
3.07321
3.08809
3.10078
3.11211
3.12129
3.12862
3.13409
3.1365
3.13779
3.13887
3.13847
3.13639
3.1314
3.12462
3.11595
3.1054
3.09346
3.08002
3.06554
3.05017
3.03369
3.01681
2.9986
2.98025
2.96058
2.94077
2.91994
2.89878
2.87707
2.85486
2.83274
2.81005
2.78772
2.7648
2.74225
2.71927
2.6966
2.67383
2.65117
2.62881
2.60634
2.58448
2.56246
2.5412
2.51997
2.49957
2.47958
2.46037
2.44212
2.4245
2.40828
2.3929
2.37943
2.36714
2.35713
2.34901
2.34335
2.34039
2.34005
2.34059
2.34235
2.34639
2.35444
2.3656
2.37589
2.38868
2.39533
2.41494
4.46041
4.35595
4.24195
4.12143
3.99879
3.87785
3.75983
3.64876
3.54397
3.44646
3.35788
3.27782
3.20813
3.14691
3.09643
3.05378
3.02082
2.99461
2.97638
2.96257
2.95528
2.95013
2.95253
2.95516
2.96063
2.97116
2.98731
3.00196
3.01909
3.03596
3.05271
3.06841
3.08283
3.09641
3.10829
3.11888
3.12776
3.13479
3.14018
3.14232
3.14391
3.14472
3.14451
3.14232
3.13743
3.13112
3.12256
3.11269
3.10103
3.08798
3.074
3.05856
3.0428
3.02563
3.00824
2.98975
2.97077
2.95116
2.93069
2.90998
2.88834
2.86691
2.84471
2.82279
2.8003
2.77794
2.75535
2.73268
2.71021
2.68744
2.66526
2.6427
2.6209
2.59888
2.57754
2.55642
2.53581
2.51598
2.49656
2.47848
2.46085
2.44474
2.42947
2.41599
2.40405
2.39392
2.38608
2.38039
2.37734
2.37684
2.37725
2.37887
2.38211
2.39108
2.40036
2.41163
2.42076
2.43164
2.43634
2.45302
4.60218
4.49853
4.38147
4.25514
4.12664
4.00012
3.87966
3.76611
3.66228
3.56617
3.47969
3.4002
3.3296
3.26592
3.21051
3.16216
3.12159
3.08771
3.0605
3.03871
3.02242
3.00981
3.00307
2.99875
3.00118
3.00356
3.00907
3.02009
3.03107
3.04595
3.06069
3.07481
3.08793
3.10037
3.11133
3.12138
3.12976
3.13655
3.14165
3.14404
3.14543
3.14603
3.14585
3.14339
3.13896
3.13263
3.12452
3.11502
3.10348
3.09103
3.07677
3.06189
3.04579
3.02896
3.01156
2.99313
2.9746
2.95479
2.93507
2.91413
2.89349
2.87196
2.85061
2.82875
2.80682
2.78483
2.76255
2.74059
2.71825
2.69642
2.67434
2.65273
2.63119
2.60995
2.5892
2.56864
2.549
2.52961
2.51154
2.49402
2.47787
2.46273
2.44933
2.43755
2.42765
2.42004
2.41463
2.41186
2.41147
2.41198
2.41358
2.4182
2.42606
2.43651
2.44613
2.45632
2.46399
2.47241
2.47566
2.48903
4.74059
4.63126
4.50707
4.3753
4.24318
4.11489
3.99454
3.88186
3.77949
3.68495
3.59932
3.52023
3.44824
3.38202
3.3222
3.26796
3.22034
3.17864
3.14305
3.11317
3.08865
3.06953
3.05466
3.04435
3.0382
3.03549
3.03766
3.04098
3.04612
3.05573
3.06638
3.07823
3.08968
3.10086
3.11095
3.12016
3.12798
3.13449
3.13949
3.14212
3.14335
3.14436
3.14422
3.14228
3.13832
3.1322
3.12485
3.11543
3.10477
3.09249
3.07886
3.06433
3.04839
3.0321
3.01447
2.99669
2.97778
2.95861
2.93865
2.91845
2.89787
2.8769
2.85589
2.83432
2.81299
2.79108
2.76954
2.74761
2.72598
2.70434
2.6828
2.66171
2.64054
2.62019
2.59978
2.58046
2.56131
2.5434
2.52626
2.51012
2.49535
2.48193
2.47055
2.46072
2.45349
2.44825
2.44585
2.44554
2.44607
2.44803
2.45255
2.46148
2.47094
2.48122
2.48996
2.49817
2.50397
2.50958
2.51175
2.52175
4.87398
4.75408
4.61975
4.48227
4.34746
4.21988
4.10155
3.99249
3.89259
3.80057
3.71564
3.63652
3.56279
3.49405
3.43008
3.37148
3.31776
3.27
3.22751
3.19106
3.1594
3.1333
3.11134
3.09437
3.08112
3.07221
3.06684
3.06454
3.06642
3.06936
3.07314
3.08076
3.09005
3.09927
3.10861
3.1169
3.12433
3.13052
3.13545
3.13794
3.13925
3.14033
3.14005
3.13865
3.13461
3.12912
3.12206
3.11326
3.10339
3.09155
3.07895
3.06456
3.04953
3.03319
3.01615
2.99832
2.97965
2.96067
2.94092
2.92124
2.90078
2.8805
2.85958
2.83878
2.81762
2.79643
2.77527
2.75389
2.73291
2.71163
2.69101
2.67021
2.65015
2.63023
2.61103
2.59247
2.57457
2.55802
2.54192
2.52764
2.51432
2.50343
2.49384
2.48711
2.48216
2.48037
2.48024
2.48087
2.48271
2.48874
2.49752
2.50748
2.51702
2.52592
2.53297
2.5389
2.54252
2.54563
2.54716
2.55446
4.98844
4.85603
4.7171
4.57928
4.44699
4.32312
4.20894
4.10341
4.0064
3.91577
3.83113
3.75134
3.6757
3.60452
3.53712
3.47436
3.41599
3.36254
3.31437
3.27117
3.23303
3.19978
3.17118
3.14699
3.12722
3.1112
3.09938
3.09074
3.08608
3.08442
3.08504
3.0877
3.09133
3.09742
3.10502
3.11216
3.11891
3.12459
3.12927
3.13156
3.13303
3.1338
3.13369
3.1324
3.12838
3.12347
3.11643
3.10867
3.09893
3.08817
3.07588
3.06229
3.04774
3.03178
3.01538
2.99762
2.97974
2.96087
2.94199
2.92252
2.90281
2.8829
2.8625
2.84225
2.82142
2.80094
2.77995
2.75938
2.7386
2.71813
2.69795
2.67792
2.6587
2.63958
2.62172
2.60407
2.58812
2.57251
2.55871
2.54586
2.5354
2.5264
2.52012
2.5156
2.51462
2.51458
2.51551
2.51811
2.52509
2.53429
2.54444
2.5536
2.56258
2.5689
2.57456
2.57752
2.57968
2.58078
2.5819
2.58651
5.09689
4.95077
4.80759
4.67171
4.54443
4.42625
4.31703
4.21528
4.12022
4.03071
3.94554
3.86468
3.78712
3.7132
3.64292
3.57614
3.51373
3.45537
3.40186
3.35297
3.30871
3.26936
3.23435
3.2039
3.17752
3.15525
3.13684
3.12217
3.11122
3.10343
3.09935
3.09604
3.09627
3.09863
3.10114
3.10511
3.11025
3.11488
3.11897
3.12124
3.12296
3.12356
3.12406
3.12257
3.11935
3.11451
3.10836
3.10104
3.09196
3.08195
3.07002
3.05739
3.04303
3.0281
3.01187
2.99503
2.97751
2.95945
2.9412
2.92229
2.90343
2.88389
2.86444
2.84452
2.82455
2.80452
2.7842
2.76434
2.74405
2.7246
2.70483
2.68612
2.6674
2.64987
2.63278
2.61705
2.60234
2.5887
2.57673
2.5666
2.55844
2.5527
2.54887
2.54853
2.54857
2.54998
2.55332
2.56172
2.57098
2.58161
2.59063
2.59931
2.60577
2.61047
2.6132
2.61471
2.61506
2.61507
2.61484
2.61778
5.18055
5.029
4.88919
4.75975
4.64073
4.52915
4.42509
4.32651
4.2331
4.14368
4.05789
3.97538
3.89588
3.81962
3.74644
3.67674
3.61046
3.54828
3.49028
3.43643
3.38702
3.34204
3.30125
3.26465
3.23217
3.2035
3.17871
3.15772
3.14029
3.12616
3.11603
3.10782
3.10205
3.09939
3.09819
3.09968
3.10117
3.1037
3.10629
3.10863
3.10985
3.11074
3.11096
3.10929
3.10658
3.102
3.09678
3.08973
3.08176
3.07217
3.06134
3.04928
3.03584
3.02163
3.00605
2.99007
2.97307
2.95586
2.93798
2.91983
2.90141
2.88252
2.86375
2.84437
2.82537
2.80583
2.78674
2.76741
2.7485
2.72979
2.71145
2.69383
2.67657
2.66054
2.64512
2.63144
2.61824
2.60716
2.59755
2.59032
2.58511
2.5825
2.58223
2.5826
2.58468
2.58941
2.5985
2.60821
2.61889
2.62828
2.63636
2.64318
2.64704
2.64976
2.65036
2.65042
2.65024
2.64889
2.64538
2.64786
5.2412
5.09128
4.96157
4.84369
4.73433
4.63064
4.53145
4.43577
4.3434
4.25418
4.16759
4.08374
4.00237
3.92381
3.84813
3.7756
3.70646
3.64052
3.57847
3.52024
3.46616
3.41585
3.3697
3.32728
3.28885
3.25412
3.22332
3.19595
3.17215
3.15187
3.13505
3.12204
3.11076
3.10219
3.09686
3.09341
3.09177
3.09143
3.09162
3.09258
3.09256
3.0928
3.09175
3.09031
3.08747
3.08359
3.07866
3.0722
3.06493
3.05584
3.0461
3.03463
3.02245
3.00889
2.99448
2.97932
2.96326
2.947
2.92984
2.91273
2.89491
2.87708
2.85897
2.84062
2.82253
2.80395
2.78612
2.76775
2.7504
2.73274
2.71623
2.69977
2.68472
2.67009
2.65747
2.6451
2.635
2.62622
2.6202
2.61566
2.61461
2.61454
2.61532
2.6184
2.62517
2.63503
2.64526
2.6558
2.66544
2.67314
2.68021
2.68371
2.68627
2.68642
2.68636
2.68567
2.68402
2.68035
2.67376
2.67599
5.26696
5.12884
5.01547
4.9136
4.81689
4.7221
4.62844
4.53594
4.44471
4.35538
4.26837
4.18365
4.10157
4.0219
3.94487
3.87032
3.79869
3.72979
3.66446
3.60244
3.54411
3.48924
3.43798
3.39043
3.34619
3.30591
3.26871
3.23545
3.20555
3.17937
3.15627
3.13689
3.12059
3.10566
3.09468
3.08611
3.08038
3.07591
3.07324
3.07112
3.06955
3.06804
3.06604
3.06402
3.06081
3.05742
3.05243
3.04704
3.04004
3.03231
3.02331
3.01318
3.00219
2.98983
2.97696
2.96288
2.94845
2.9332
2.91742
2.90141
2.88461
2.86817
2.85079
2.83413
2.81665
2.79996
2.78276
2.76642
2.74991
2.7344
2.71911
2.70508
2.69165
2.68009
2.66901
2.65997
2.65241
2.6476
2.64438
2.64426
2.64471
2.64634
2.65118
2.65957
2.67016
2.68102
2.69149
2.70154
2.70887
2.71595
2.7193
2.72147
2.72157
2.72136
2.72057
2.71822
2.71377
2.70871
2.7006
2.70185
5.27292
5.15826
5.06457
4.97674
4.88913
4.80107
4.71207
4.62332
4.53493
4.44735
4.36104
4.27627
4.19318
4.11236
4.03355
3.95765
3.88398
3.81325
3.7452
3.68011
3.61783
3.55865
3.50277
3.45017
3.40102
3.35535
3.31292
3.27411
3.23832
3.20595
3.1768
3.15077
3.12848
3.10926
3.09169
3.07813
3.06708
3.05849
3.05158
3.04618
3.04212
3.03848
3.03571
3.03256
3.02982
3.0262
3.02232
3.01744
3.01166
3.00499
2.99697
2.98822
2.97805
2.9672
2.95526
2.94251
2.92925
2.91495
2.90061
2.88524
2.87015
2.85424
2.83876
2.82276
2.80725
2.79154
2.77639
2.76141
2.74704
2.73332
2.72038
2.7085
2.69806
2.68857
2.68063
2.67467
2.67079
2.66956
2.66978
2.6709
2.6737
2.6811
2.69063
2.70176
2.71336
2.72372
2.73414
2.74127
2.7483
2.75165
2.75363
2.75371
2.75345
2.75236
2.75
2.74517
2.73918
2.73301
2.72401
2.72422
5.25715
5.1681
5.09388
5.02044
4.94288
4.86293
4.78042
4.69653
4.61166
4.52635
4.44132
4.35713
4.27423
4.19297
4.11353
4.03603
3.96055
3.8874
3.81662
3.74865
3.68376
3.62167
3.56276
3.50653
3.4535
3.40316
3.35589
3.31146
3.26998
3.23147
3.19613
3.16386
3.13494
3.10973
3.08677
3.0671
3.05068
3.03705
3.02624
3.01773
3.01085
3.00549
3.00089
2.99705
2.99333
2.98956
2.98555
2.98078
2.97558
2.96922
2.96226
2.95421
2.94529
2.93563
2.92493
2.91382
2.90159
2.88914
2.87578
2.86233
2.84829
2.8343
2.82004
2.80598
2.79194
2.77827
2.7649
2.75213
2.73995
2.72867
2.71835
2.70945
2.70175
2.69527
2.69098
2.68876
2.68894
2.68997
2.6924
2.69743
2.70684
2.71788
2.72941
2.74171
2.75198
2.76267
2.76995
2.77695
2.78039
2.7823
2.78239
2.78213
2.78097
2.77828
2.77361
2.76742
2.76039
2.75336
2.74368
2.74293
5.24834
5.17429
5.10952
5.04329
4.97326
4.89938
4.82284
4.74402
4.66371
4.58259
4.50088
4.41929
4.33815
4.25787
4.17893
4.10142
4.02589
3.95204
3.88048
3.81097
3.74375
3.67859
3.61555
3.55502
3.49681
3.44135
3.38863
3.33874
3.29182
3.24809
3.20739
3.17022
3.13636
3.10576
3.07931
3.05408
3.03281
3.01447
2.99902
2.98603
2.9754
2.96683
2.95974
2.95402
2.94888
2.94436
2.93976
2.93511
2.93003
2.92439
2.91819
2.91116
2.90358
2.8951
2.88611
2.87631
2.8659
2.85492
2.84339
2.83157
2.81938
2.80715
2.79483
2.78269
2.77075
2.75923
2.74824
2.73791
2.7285
2.72002
2.71303
2.70725
2.70295
2.70002
2.70068
2.7014
2.70359
2.70772
2.71634
2.72668
2.73928
2.75127
2.76452
2.77506
2.78601
2.79358
2.80061
2.80432
2.8062
2.80651
2.80622
2.80517
2.80243
2.79761
2.79163
2.78446
2.77669
2.76886
2.75866
2.75708
5.2349
5.16651
5.10679
5.04579
4.98112
4.91276
4.84102
4.76699
4.69124
4.61427
4.53682
4.45874
4.38093
4.30321
4.22608
4.14961
4.07388
3.99912
3.92557
3.85379
3.78399
3.71599
3.65055
3.58716
3.5264
3.468
3.41198
3.35879
3.30794
3.26032
3.21521
3.17355
3.13456
3.09898
3.06648
3.03714
3.01029
2.98693
2.96707
2.94994
2.93579
2.92398
2.91418
2.90614
2.89912
2.8932
2.88756
2.88242
2.87715
2.87184
2.86628
2.86022
2.85391
2.84682
2.83951
2.83137
2.82292
2.81384
2.8043
2.79454
2.78426
2.77428
2.76379
2.75414
2.7441
2.73542
2.72652
2.71948
2.71252
2.70786
2.70394
2.70183
2.70138
2.70327
2.70533
2.70943
2.71681
2.72772
2.73939
2.75351
2.76605
2.77998
2.79111
2.80236
2.81031
2.81754
2.82146
2.82353
2.8238
2.82383
2.82263
2.82002
2.81532
2.80928
2.8025
2.79457
2.78621
2.77775
2.76711
2.76493
5.22548
5.15679
5.09941
5.04202
4.98051
4.91537
4.84666
4.77584
4.70324
4.62949
4.55469
4.47909
4.40283
4.32638
4.24981
4.17385
4.09836
4.02402
3.95073
3.87893
3.80888
3.74048
3.67377
3.60876
3.54557
3.48435
3.42546
3.36889
3.3149
3.26374
3.21494
3.16942
3.12624
3.08662
3.04961
3.01653
2.98564
2.958
2.93368
2.91208
2.89362
2.8775
2.86397
2.85259
2.84296
2.83518
2.82823
2.82267
2.81712
2.8124
2.80722
2.80221
2.79681
2.79089
2.78502
2.77809
2.77164
2.76395
2.75696
2.74886
2.74157
2.73343
2.72629
2.71856
2.71224
2.70559
2.7008
2.69609
2.69349
2.69208
2.69193
2.69399
2.69707
2.70099
2.70798
2.71804
2.73132
2.74418
2.75955
2.773
2.78754
2.79931
2.8109
2.81945
2.82675
2.83128
2.83331
2.83396
2.83378
2.83315
2.83019
2.82595
2.81999
2.81314
2.80554
2.79698
2.78802
2.77904
2.76802
2.76539
5.22138
5.14823
5.09181
5.03518
4.97558
4.91123
4.84446
4.77492
4.70417
4.63156
4.55818
4.4837
4.40911
4.33431
4.25966
4.18541
4.11131
4.03787
3.96466
3.89249
3.82142
3.75181
3.68373
3.61744
3.55292
3.4905
3.43
3.37154
3.3153
3.26113
3.20943
3.16037
3.1139
3.07067
3.03002
2.99285
2.9585
2.92658
2.89786
2.87237
2.85011
2.83074
2.81463
2.80093
2.78985
2.78052
2.77286
2.7662
2.76031
2.75491
2.74961
2.74459
2.73922
2.73416
2.72861
2.72333
2.71768
2.71217
2.70651
2.7009
2.69538
2.68992
2.68494
2.68025
2.67629
2.6732
2.67099
2.67035
2.67074
2.67362
2.67669
2.68108
2.68742
2.69832
2.70997
2.72476
2.73913
2.7554
2.76997
2.78518
2.79773
2.80976
2.81896
2.82651
2.83146
2.83401
2.83444
2.83474
2.83375
2.8318
2.82705
2.82187
2.81512
2.80784
2.79977
2.79095
2.78178
2.77263
2.76162
2.75886
5.22214
5.14305
5.08618
5.03048
4.97013
4.90572
4.83771
4.7682
4.69729
4.62618
4.55442
4.48201
4.40936
4.33594
4.26224
4.18838
4.11451
4.04114
3.96828
3.89629
3.82569
3.75612
3.68809
3.62125
3.55566
3.49168
3.42902
3.36827
3.30966
3.25303
3.19947
3.14788
3.09969
3.05356
3.01074
2.97032
2.93321
2.8987
2.86724
2.83897
2.81402
2.79182
2.77301
2.75621
2.74246
2.73011
2.72014
2.71122
2.70384
2.69734
2.69166
2.68655
2.68195
2.67761
2.67356
2.66984
2.66584
2.66269
2.65854
2.65568
2.65168
2.64915
2.64582
2.64426
2.64225
2.64259
2.64266
2.6461
2.64907
2.65369
2.65953
2.66952
2.68141
2.69478
2.7103
2.72557
2.74231
2.75753
2.77304
2.78591
2.79823
2.80721
2.8151
2.81987
2.82242
2.82305
2.82303
2.82269
2.82025
2.81712
2.81102
2.80598
2.79798
2.79116
2.78194
2.77345
2.76329
2.75412
2.7426
2.73957
5.22554
5.14234
5.08522
5.02969
4.96825
4.90186
4.83353
4.76355
4.69325
4.62201
4.5506
4.47821
4.40541
4.33272
4.2596
4.18731
4.11485
4.04312
3.97136
3.89993
3.82896
3.75846
3.68907
3.6206
3.55353
3.48829
3.4245
3.36325
3.30371
3.2468
3.19184
3.13959
3.08915
3.04182
2.9963
2.95425
2.91408
2.87807
2.84298
2.81235
2.78321
2.75817
2.73486
2.71513
2.69747
2.6827
2.67018
2.65958
2.65113
2.6439
2.63864
2.63389
2.63071
2.62746
2.62514
2.62283
2.62076
2.61908
2.61708
2.61564
2.61385
2.6128
2.61172
2.61194
2.61204
2.61506
2.61751
2.62193
2.62711
2.6357
2.6464
2.65901
2.67354
2.68905
2.70566
2.72257
2.7385
2.75456
2.7678
2.78062
2.79009
2.79855
2.80401
2.80756
2.80833
2.80889
2.80834
2.80721
2.80275
2.79828
2.79115
2.78482
2.77578
2.76801
2.75748
2.74891
2.73746
2.72905
2.71681
2.71493
5.22866
5.14386
5.08792
5.03255
4.97164
4.90499
4.83588
4.76523
4.69328
4.62115
4.54852
4.47625
4.40428
4.33272
4.26123
4.18983
4.11817
4.04625
3.97419
3.90204
3.8303
3.75928
3.6895
3.62101
3.55406
3.48883
3.42516
3.36342
3.30352
3.24532
3.18952
3.13533
3.08361
3.03411
2.98682
2.94219
2.89996
2.86045
2.82331
2.78906
2.75704
2.72839
2.70196
2.67906
2.65835
2.6409
2.62606
2.61456
2.6053
2.59865
2.59324
2.58979
2.58673
2.58499
2.5834
2.5825
2.58164
2.58091
2.5801
2.57959
2.57911
2.57941
2.58018
2.58257
2.58494
2.58897
2.59476
2.60216
2.61176
2.62372
2.63738
2.65281
2.66883
2.68688
2.70324
2.72148
2.73645
2.75183
2.7639
2.77489
2.78296
2.78903
2.79282
2.79363
2.79349
2.79268
2.79083
2.78665
2.78144
2.77501
2.76745
2.75985
2.75073
2.74285
2.7327
2.72497
2.71415
2.70731
2.69581
2.69615
5.22807
5.14699
5.09439
5.04158
4.98125
4.91395
4.84367
4.77123
4.69831
4.62629
4.55462
4.48334
4.41248
4.341
4.26915
4.19687
4.12438
4.05166
3.97957
3.90744
3.83616
3.76558
3.69589
3.62759
3.56021
3.49463
3.43016
3.36758
3.30653
3.24714
3.18988
3.13417
3.08093
3.02962
2.98064
2.9342
2.88985
2.84798
2.8088
2.77129
2.73654
2.70458
2.67506
2.64868
2.6259
2.60679
2.59098
2.57815
2.56815
2.56044
2.55495
2.55092
2.5482
2.54668
2.54547
2.54542
2.54512
2.54536
2.5455
2.54661
2.54808
2.55008
2.55311
2.5574
2.56339
2.57106
2.57992
2.59076
2.60358
2.61844
2.63458
2.65215
2.67003
2.68786
2.70578
2.72132
2.73698
2.74902
2.76029
2.76789
2.77471
2.7776
2.77871
2.77821
2.7767
2.77481
2.77127
2.76603
2.76036
2.75353
2.74696
2.73954
2.73233
2.72463
2.7169
2.70919
2.70068
2.6937
2.68359
2.68352
5.22627
5.15199
5.10417
5.05375
4.99332
4.92558
4.85492
4.78363
4.71195
4.64144
4.57048
4.49902
4.42709
4.35453
4.28147
4.20894
4.13608
4.06389
3.99182
3.91999
3.84845
3.77749
3.70711
3.63792
3.56969
3.50293
3.43746
3.37346
3.31137
3.25053
3.19235
3.13553
3.08132
3.02915
2.9788
2.9309
2.88447
2.84026
2.79805
2.75799
2.72042
2.68567
2.6541
2.62642
2.60212
2.58115
2.56353
2.54919
2.53772
2.52891
2.52237
2.51784
2.51499
2.51345
2.51322
2.51375
2.51447
2.51558
2.5171
2.51925
2.52303
2.52769
2.53357
2.54038
2.54932
2.55953
2.57174
2.58539
2.60124
2.61807
2.6364
2.65488
2.67359
2.69154
2.70817
2.72316
2.73616
2.74615
2.75521
2.75995
2.76468
2.76555
2.76471
2.76343
2.76211
2.75961
2.75595
2.75061
2.74578
2.73998
2.73407
2.72765
2.721
2.71372
2.70619
2.6981
2.68953
2.6812
2.6711
2.66918
5.22531
5.1566
5.11364
5.06522
5.0061
4.94042
4.87132
4.8024
4.73224
4.66178
4.5906
4.51784
4.44529
4.37212
4.29913
4.22655
4.1536
4.08104
4.00824
3.93557
3.86314
3.79107
3.71965
3.64929
3.57968
3.51176
3.44503
3.38007
3.3173
3.25594
3.19746
3.14022
3.08539
3.03214
2.98014
2.93038
2.88153
2.83517
2.79061
2.7486
2.70937
2.67328
2.64049
2.61102
2.58482
2.56197
2.54246
2.52624
2.51305
2.5028
2.49532
2.49013
2.4871
2.48614
2.48694
2.48773
2.48883
2.49102
2.49453
2.49872
2.50426
2.51099
2.51911
2.52873
2.54031
2.5533
2.5683
2.58488
2.60308
2.62202
2.64177
2.6609
2.67971
2.69651
2.71207
2.72479
2.7355
2.74383
2.74964
2.75361
2.75617
2.75543
2.75478
2.75394
2.7524
2.74943
2.74668
2.74142
2.73774
2.73139
2.72642
2.71962
2.71282
2.70518
2.69694
2.68817
2.6788
2.66989
2.65933
2.65683
5.22458
5.16016
5.12278
5.07777
5.0218
4.95767
4.89041
4.82148
4.75206
4.68057
4.60948
4.53682
4.46479
4.39219
4.31916
4.2463
4.17238
4.0987
4.02466
3.95073
3.87711
3.80385
3.73116
3.65968
3.58892
3.52038
3.45296
3.38812
3.32504
3.26401
3.20494
3.14735
3.09116
3.0366
2.98277
2.93131
2.88058
2.83283
2.78675
2.74367
2.70338
2.66606
2.63157
2.60069
2.57218
2.54783
2.52598
2.50803
2.493
2.48121
2.4726
2.46655
2.46295
2.46327
2.46375
2.46476
2.4668
2.47042
2.4758
2.48203
2.48955
2.49849
2.50906
2.5216
2.53575
2.55188
2.56959
2.58878
2.60898
2.62948
2.64966
2.66896
2.68653
2.70226
2.7157
2.7265
2.73552
2.7416
2.74647
2.7493
2.75055
2.74992
2.7496
2.7489
2.7479
2.74454
2.74215
2.73693
2.73363
2.72697
2.72244
2.71453
2.70817
2.69947
2.69105
2.68185
2.67213
2.6628
2.65215
2.64947
5.22651
5.16576
5.13213
5.08926
5.03435
4.97107
4.90487
4.83596
4.76706
4.69584
4.62584
4.55445
4.48297
4.41088
4.33733
4.26407
4.18921
4.11471
4.03962
3.96454
3.88965
3.81516
3.7412
3.66898
3.59751
3.52899
3.46145
3.397
3.33352
3.27247
3.21215
3.15377
3.09587
3.04007
2.98477
2.93235
2.88055
2.83242
2.78531
2.74208
2.70042
2.66221
2.62616
2.59358
2.56341
2.53708
2.51322
2.4936
2.47638
2.46336
2.45312
2.44611
2.4421
2.44269
2.4432
2.44468
2.4473
2.45237
2.45966
2.46801
2.47821
2.48975
2.50329
2.51881
2.5358
2.55474
2.57491
2.59606
2.61743
2.63848
2.65836
2.67692
2.69305
2.70747
2.71892
2.72875
2.73584
2.7414
2.74541
2.74745
2.74856
2.7484
2.74805
2.74739
2.74675
2.74332
2.74115
2.73602
2.73267
2.72606
2.7214
2.71311
2.70706
2.69755
2.68978
2.67973
2.67029
2.66061
2.65007
2.64692
5.22981
5.16963
5.1368
5.09514
5.03953
4.97812
4.91247
4.84562
4.77794
4.70869
4.6393
4.56901
4.49782
4.42628
4.35271
4.27948
4.20398
4.12866
4.05232
3.97588
3.89981
3.82445
3.74993
3.67776
3.60622
3.53782
3.47009
3.40499
3.34074
3.27835
3.21697
3.15724
3.09854
3.04211
2.98646
2.93395
2.88205
2.83378
2.78628
2.74241
2.69962
2.66043
2.62277
2.5888
2.55686
2.5289
2.50315
2.4819
2.46285
2.44835
2.43653
2.42843
2.42372
2.42415
2.42487
2.42672
2.42991
2.43665
2.44614
2.45684
2.47004
2.48443
2.50122
2.51916
2.53919
2.56023
2.58218
2.60434
2.62601
2.64663
2.66584
2.68284
2.69805
2.71069
2.72134
2.72998
2.73643
2.74193
2.74516
2.74793
2.7488
2.74891
2.74896
2.74878
2.74786
2.7447
2.74231
2.73745
2.73378
2.72741
2.72239
2.71432
2.70832
2.69854
2.69131
2.68056
2.67191
2.66155
2.6513
2.6477
5.23362
5.17007
5.13578
5.09487
5.04141
4.98319
4.91959
4.85487
4.78717
4.71933
4.64968
4.58071
4.51007
4.43934
4.36595
4.29248
4.21636
4.14013
4.06301
3.9858
3.90929
3.83354
3.75872
3.68597
3.61387
3.54429
3.47561
3.40911
3.34383
3.28056
3.21874
3.15869
3.10053
3.04394
2.98921
2.93645
2.88499
2.83617
2.78829
2.74338
2.69985
2.65933
2.62057
2.58541
2.55189
2.52282
2.49531
2.47257
2.45187
2.43561
2.42239
2.41295
2.40727
2.40772
2.4086
2.41078
2.41457
2.42309
2.43462
2.44801
2.46415
2.48146
2.50119
2.52164
2.54375
2.56619
2.58893
2.61108
2.63233
2.65199
2.67015
2.68591
2.70007
2.71172
2.72201
2.72993
2.737
2.74206
2.74606
2.74933
2.75011
2.75065
2.75126
2.75153
2.75004
2.74726
2.74459
2.74006
2.73608
2.73
2.72455
2.71708
2.71057
2.70119
2.69407
2.68304
2.67512
2.66395
2.65441
2.65009
5.23904
5.17046
5.1363
5.09665
5.04642
4.98883
4.92614
4.86155
4.79395
4.72716
4.65764
4.58965
4.51927
4.44927
4.37632
4.30322
4.22744
4.15094
4.07366
3.99558
3.91824
3.84109
3.76493
3.69038
3.61706
3.54579
3.47653
3.40926
3.34407
3.28106
3.21971
3.16038
3.10265
3.04649
2.99195
2.93896
2.88747
2.83787
2.78982
2.744
2.70002
2.6586
2.61916
2.58307
2.54843
2.5183
2.48929
2.46507
2.44303
2.42493
2.41053
2.39975
2.39295
2.39362
2.39465
2.39715
2.40163
2.41145
2.42491
2.44111
2.4598
2.47999
2.50194
2.52461
2.54795
2.57099
2.5937
2.61524
2.63562
2.65428
2.67114
2.68625
2.69946
2.71115
2.72109
2.72975
2.73689
2.74266
2.74754
2.75092
2.75217
2.75308
2.75403
2.75431
2.75265
2.75011
2.7471
2.74279
2.73841
2.73265
2.72696
2.72007
2.71299
2.70462
2.6969
2.6866
2.67863
2.66711
2.65817
2.65274
5.24619
5.17398
5.13969
5.10018
5.05106
4.99338
4.93123
4.86601
4.79842
4.73209
4.66301
4.59592
4.52576
4.45634
4.38402
4.31167
4.23713
4.16114
4.08413
4.00484
3.92586
3.8462
3.76781
3.69122
3.61672
3.54471
3.47566
3.40855
3.34413
3.28155
3.22068
3.16172
3.10394
3.04798
2.99317
2.94018
2.88846
2.83866
2.79052
2.74424
2.7001
2.65807
2.6181
2.58129
2.5457
2.5147
2.48458
2.4592
2.43615
2.41659
2.40134
2.38948
2.38167
2.38261
2.38374
2.38646
2.39149
2.40211
2.41725
2.43579
2.45663
2.4794
2.50321
2.5275
2.55151
2.57492
2.59711
2.61808
2.6373
2.65508
2.67092
2.68553
2.69839
2.71012
2.72039
2.72944
2.7371
2.74372
2.74886
2.75253
2.75405
2.75545
2.75661
2.75665
2.75507
2.75254
2.74935
2.74515
2.74051
2.73495
2.7293
2.7223
2.71547
2.70743
2.69941
2.69003
2.68124
2.6701
2.66101
2.65446
5.25388
5.17871
5.14317
5.10308
5.0538
4.99594
4.93475
4.86904
4.80073
4.73369
4.66493
4.59899
4.52994
4.46152
4.38986
4.31809
4.24438
4.16852
4.09135
4.01088
3.93041
3.84891
3.76892
3.69117
3.61602
3.5439
3.47492
3.40815
3.34392
3.28157
3.22074
3.16183
3.10403
3.04822
2.99343
2.94073
2.88909
2.83942
2.79126
2.74473
2.70037
2.65774
2.61729
2.5798
2.54353
2.51191
2.48103
2.45498
2.43129
2.41094
2.39514
2.38263
2.37414
2.37518
2.37636
2.37918
2.38453
2.3955
2.41186
2.43199
2.45433
2.47891
2.5039
2.52924
2.55353
2.57703
2.59863
2.61913
2.63743
2.65465
2.66996
2.68428
2.69721
2.70899
2.71981
2.72905
2.73744
2.74425
2.74982
2.75352
2.75529
2.75696
2.75804
2.75803
2.75646
2.75403
2.75079
2.74671
2.742
2.73668
2.73087
2.72417
2.71733
2.70933
2.70151
2.69222
2.68286
2.67223
2.66262
2.6552
5.25944
5.1824
5.14538
5.10481
5.05562
4.99768
4.93685
4.87078
4.80202
4.73432
4.66565
4.60035
4.53221
4.46459
4.39344
4.32186
4.24823
4.17199
4.09437
4.01313
3.93189
3.84966
3.76916
3.69107
3.61578
3.54363
3.47467
3.40799
3.34378
3.2815
3.22065
3.16181
3.10402
3.04833
2.99359
2.94104
2.88943
2.83984
2.79161
2.74495
2.70038
2.65745
2.61666
2.57884
2.54218
2.51026
2.47903
2.45266
2.42868
2.40795
2.39187
2.37901
2.37019
2.37118
2.37235
2.37523
2.38074
2.39202
2.40897
2.42992
2.45312
2.47867
2.50437
2.53025
2.55483
2.57825
2.59971
2.61975
2.63773
2.65449
2.66963
2.68375
2.69665
2.70856
2.71934
2.72894
2.73742
2.74426
2.75011
2.75372
2.7557
2.75741
2.75844
2.75841
2.75686
2.75444
2.75122
2.74718
2.74254
2.73727
2.73149
2.72486
2.71799
2.71005
2.70224
2.69289
2.68343
2.67289
2.6631
2.65531
)
;

boundaryField
{
    inlet
    {
        type            calculated;
        value           uniform 1.40001;
    }
    outlet
    {
        type            calculated;
        value           nonuniform List<scalar> 
40
(
1.73343
1.82214
1.94123
2.02697
2.09261
2.14246
2.21495
2.27547
2.3154
2.3693
2.40748
2.44557
2.48156
2.51424
2.54687
2.57885
2.61005
2.64009
2.66819
2.69401
2.71637
2.73507
2.74922
2.75707
2.75755
2.75106
2.73185
2.70729
2.68857
2.67599
2.6617
2.64937
2.64203
2.63948
2.64024
2.64262
2.64525
2.64695
2.64765
2.64776
)
;
    }
    bottom
    {
        type            symmetryPlane;
    }
    top
    {
        type            symmetryPlane;
    }
    obstacle
    {
        type            calculated;
        value           nonuniform List<scalar> 
110
(
6.01456
6.0154
6.00173
5.977
5.94081
5.8914
5.82034
5.71808
5.55803
5.30553
2.27121
1.86017
2.16965
1.99883
1.8866
1.87354
1.865
1.85665
1.83917
1.81987
1.81122
1.80778
1.80698
1.80818
1.8134
1.82279
1.83774
1.85748
1.88095
1.90679
1.93538
1.96453
1.9953
2.02623
2.05823
2.08958
2.12066
2.15025
2.17832
2.20534
2.23138
2.25461
2.27438
2.29322
2.31077
2.32656
2.3396
2.35186
2.35934
2.36731
2.37142
2.37704
2.37846
2.3792
2.37742
2.37556
2.37034
2.36606
2.35927
2.35184
2.3431
2.33359
2.32253
2.31165
2.29871
2.28646
2.27231
2.25861
2.2432
2.2281
2.21211
2.19568
2.17923
2.16192
2.14492
2.12728
2.10979
2.09208
2.07434
2.05657
2.03884
2.0211
2.00356
1.98604
1.96882
1.95168
1.93488
1.91821
1.90192
1.88577
1.87015
1.8546
1.83978
1.82506
1.81113
1.79757
1.78479
1.77263
1.76151
1.75113
1.74224
1.73458
1.72862
1.72486
1.72374
1.72412
1.72499
1.72704
1.73024
1.73958
)
;
    }
    defaultFaces
    {
        type            empty;
    }
}


// ************************************************************************* //
